Loss	[150]	123	-180
Loss	[160]	108	-180
Loss	[190]	141	-180
Loss	[130]	90	-180
Loss	[240]	147	-180
Win	[170]	180	-150
Win	[200]	180	-177
Loss	[180]	156	-180
Loss	[190]	132	-180
Loss	[150]	168	-180
Loss	[150]	138	-180
Win	250.0	171	-153
Loss	[230]	171	-180
Loss	[190]	177	-180
Win	[150]	180	-156
Loss	[160]	147	-180
Loss	[150]	141	-180
Loss	[160]	138	-180
Loss	[220]	171	-180
Loss	[150]	138	-180
Loss	[150]	132	-180
Loss	[150]	120	-180
Loss	[150]	93	-180
Loss	[210]	165	-180
Loss	[190]	147	-180
Win	[190]	180	-162
Loss	[170]	141	-180
Loss	[170]	153	-180
Loss	[160]	144	-180
Loss	[150]	138	-180
Loss	[170]	138	-180
Win	[180]	180	-171
Loss	[170]	150	-180
Loss	[160]	132	-180
Loss	[200]	171	-180
Win	[170]	180	-168
Loss	[160]	159	-180
Loss	[200]	177	-180
Win	[180]	180	-162
Loss	[140]	135	-180
Loss	[170]	147	-180
Loss	[150]	150	-180
Loss	[150]	135	-180
Win	[210]	180	-165
Loss	[140]	135	-180
Loss	[170]	126	-180
Loss	[150]	150	-180
Loss	[180]	117	-180
Loss	[130]	96	-180
Win	[170]	180	-144
Win	250.0	147	-159
Win	[170]	180	-150
Win	250.0	150	-153
Loss	[230]	135	-180
Loss	250.0	147	-159
Loss	250.0	150	-171
Loss	250.0	144	-171
Loss	250.0	132	-159
Loss	250.0	138	-171
Loss	250.0	147	-165
Loss	[220]	162	-180
Loss	[170]	126	-180
Loss	[190]	174	-180
Loss	[150]	123	-180
Loss	[190]	150	-180
Loss	[150]	141	-180
Loss	[180]	147	-180
Win	[230]	180	-171
Loss	[170]	147	-180
Loss	[150]	138	-180
Win	[180]	180	-162
Win	[170]	180	-144
Win	[210]	180	-171
Loss	[140]	117	-180
Loss	[190]	159	-180
Loss	[170]	135	-180
Win	[180]	180	-144
Loss	[150]	138	-180
Loss	[230]	171	-180
Win	[200]	180	-165
Loss	[180]	165	-180
Win	[230]	180	-171
Loss	[210]	171	-180
Win	[190]	180	-174
Win	[160]	180	-138
Win	[160]	180	-132
Win	[190]	180	-144
Win	[180]	180	-132
Win	[180]	180	-141
Win	[150]	180	-126
Win	[160]	180	-114
Win	[200]	180	-159
Win	[240]	180	-177
Win	[180]	180	-132
Loss	[180]	147	-180
Loss	250.0	165	-135
Win	[170]	180	-144
Win	[220]	180	-165
Win	250.0	180	-177
Win	[180]	180	-168
Win	[170]	180	-132
Win	[220]	180	-171
Win	[180]	180	-138
Loss	[170]	156	-180
Win	[210]	180	-159
Loss	[220]	177	-180
Win	[150]	180	-144
Win	[230]	180	-177
Win	[150]	180	-126
Loss	[170]	126	-180
Loss	[190]	165	-180
Win	[170]	180	-126
Win	[180]	180	-156
Loss	[150]	138	-180
Win	[170]	180	-153
Win	250.0	153	-135
Win	[160]	180	-138
Win	[190]	180	-168
Loss	[170]	156	-180
Loss	[160]	144	-180
Loss	[150]	126	-180
Loss	[160]	126	-180
Loss	[140]	144	-180
Win	[240]	180	-177
Loss	[200]	153	-180
Win	[160]	180	-135
Loss	[170]	120	-180
Win	[180]	180	-132
Win	[200]	180	-153
Win	[170]	180	-132
Win	[200]	180	-159
Win	[160]	180	-138
Win	[190]	180	-162
Win	[170]	180	-150
Win	[180]	180	-126
Win	[200]	180	-132
Win	[160]	180	-114
Win	[160]	180	-132
Win	[200]	180	-153
Win	[150]	180	-144
Win	[160]	180	-144
Win	[170]	180	-132
Win	[180]	180	-150
Win	[180]	180	-168
Win	[180]	180	-138
Win	[170]	180	-126
Loss	[180]	165	-180
Win	[150]	180	-132
Win	[200]	180	-147
Win	[180]	180	-156
Win	[180]	180	-126
Win	[170]	180	-132
Win	[190]	180	-132
Win	[170]	180	-120
Win	[190]	180	-153
Win	[170]	180	-165
Win	[210]	180	-177
Win	[170]	180	-144
Win	[190]	180	-138
Win	[160]	180	-138
Loss	[170]	138	-180
Win	[160]	180	-135
Loss	[200]	147	-180
Win	[160]	180	-141
Win	[200]	180	-171
Win	[170]	180	-132
Win	[160]	180	-126
Win	[140]	180	-108
Win	[180]	180	-126
Win	[170]	180	-144
Win	[180]	180	-144
Win	[170]	180	-138
Win	[180]	180	-132
Win	[170]	180	-144
Win	[180]	180	-132
Win	[140]	180	-114
Win	[170]	180	-126
Win	[150]	180	-138
Win	[160]	180	-150
Win	[160]	180	-114
Win	[160]	180	-120
Win	[160]	180	-120
Loss	[220]	177	-180
Loss	[230]	165	-180
Win	[180]	180	-138
Loss	[200]	147	-180
Win	[180]	180	-132
Win	[160]	180	-114
Win	[160]	180	-120
Win	[180]	180	-132
Win	[210]	180	-165
Win	[200]	180	-171
Win	[170]	180	-138
Win	[170]	180	-132
Win	[230]	180	-177
Win	[160]	180	-144
Loss	[160]	135	-180
Win	[190]	180	-153
Loss	[170]	138	-180
Loss	[210]	165	-180
Win	[170]	180	-141
Win	[150]	180	-144
Win	[170]	180	-126
Loss	[160]	144	-180
Win	[200]	180	-177
Win	[160]	180	-120
Win	[210]	180	-159
Win	[170]	180	-144
Win	[180]	180	-150
Win	[160]	180	-120
Win	[170]	180	-138
Win	[150]	180	-120
Win	[190]	180	-135
Win	[160]	180	-114
Win	[180]	180	-138
Win	[160]	180	-120
Win	[150]	180	-114
Win	[210]	180	-165
Win	[180]	180	-165
Win	[180]	180	-141
Win	[170]	180	-138
Win	[150]	180	-114
Win	[170]	180	-150
Win	[170]	180	-144
Win	[160]	180	-126
Loss	[160]	114	-180
Win	[220]	180	-177
Win	[190]	180	-159
Win	[160]	180	-120
Win	[170]	180	-150
Win	[170]	180	-138
Win	[210]	180	-159
Win	[160]	180	-126
Loss	[190]	177	-180
Win	[170]	180	-138
Loss	[210]	177	-180
Win	[170]	180	-144
Loss	[180]	168	-180
Win	[210]	180	-171
Win	[170]	180	-156
Win	[150]	180	-114
Win	[160]	180	-108
Win	[220]	180	-165
Win	[170]	180	-132
Win	[160]	180	-126
Win	[200]	180	-165
Win	[170]	180	-138
Win	[160]	180	-144
Win	[190]	180	-138
Win	[180]	180	-141
Win	[200]	180	-159
Win	[140]	180	-114
Win	[190]	180	-162
Win	[200]	180	-153
Win	[210]	180	-147
Win	[180]	180	-138
Win	[170]	180	-126
Win	[150]	180	-138
Loss	[170]	153	-180
Win	[150]	180	-114
Win	[170]	180	-132
Win	[180]	180	-138
Win	[150]	180	-120
Win	[170]	180	-144
Loss	[220]	171	-180
Win	[170]	180	-132
Win	[170]	180	-135
Win	[160]	180	-114
Win	[160]	180	-138
Win	[170]	180	-132
Win	[170]	180	-126
Win	[170]	180	-120
Win	[170]	180	-144
Win	[160]	180	-114
Win	[200]	180	-153
Win	[180]	180	-135
Win	[160]	180	-135
Win	[160]	180	-135
Loss	[150]	138	-180
Win	[160]	180	-114
Win	[180]	180	-132
Win	[170]	180	-126
Win	[170]	180	-138
Win	[160]	180	-114
Win	[190]	180	-141
Win	[170]	180	-144
Win	[160]	180	-120
Win	[210]	180	-153
Loss	[240]	177	-180
Win	[200]	180	-165
Win	[170]	180	-144
Loss	[150]	135	-180
Win	[230]	180	-171
Win	[170]	180	-138
Loss	[170]	135	-180
Win	[170]	180	-138
Loss	[210]	171	-180
Win	[150]	180	-132
Win	[170]	180	-138
Win	[160]	180	-132
Win	[180]	180	-147
Win	[160]	180	-126
Loss	[190]	159	-180
Win	[160]	180	-114
Win	[160]	180	-126
Win	[170]	180	-138
Win	[200]	180	-159
Loss	[160]	138	-180
Win	[170]	180	-141
Loss	[210]	171	-180
Win	[200]	180	-153
Win	[160]	180	-135
Loss	[240]	177	-180
Win	[170]	180	-144
Loss	[240]	177	-180
Win	[170]	180	-147
Win	[180]	180	-150
Win	[200]	180	-159
Win	[160]	180	-120
Win	[190]	180	-132
Loss	[220]	153	-180
Loss	250.0	171	-180
Win	[210]	180	-150
Win	[170]	180	-138
Loss	[210]	159	-180
Win	[180]	180	-126
Win	[200]	180	-156
Win	[210]	180	-153
Win	[140]	180	-114
Win	[160]	180	-114
Win	[180]	180	-156
Win	[170]	180	-141
Loss	[210]	159	-180
Loss	[190]	159	-180
Win	[170]	180	-132
Loss	[210]	165	-180
Loss	[180]	138	-180
Win	[180]	180	-126
Win	[200]	180	-159
Win	[170]	180	-153
Win	[180]	180	-120
Win	[170]	180	-132
Loss	[180]	168	-180
Win	[200]	180	-165
Win	[180]	180	-150
Win	[190]	180	-159
Win	[180]	180	-153
Win	[170]	180	-135
Win	[170]	180	-126
Win	[170]	180	-120
Win	[160]	180	-144
Win	[210]	180	-159
Win	[180]	180	-147
Win	[220]	180	-171
Win	[160]	180	-126
Win	[180]	180	-141
Win	[180]	180	-138
Win	[170]	180	-138
Win	[180]	180	-141
Win	[170]	180	-135
Loss	[190]	153	-180
Win	[170]	180	-126
Win	[150]	180	-114
Win	[160]	180	-120
Win	[160]	180	-126
Win	[190]	180	-147
Win	[180]	180	-141
Win	[210]	180	-147
Win	[160]	180	-114
Win	[150]	180	-120
Win	[200]	180	-150
Win	[200]	180	-147
Win	[220]	180	-141
Win	[170]	180	-126
Win	[190]	180	-162
Win	[180]	180	-150
Win	[180]	180	-135
Win	[190]	180	-147
Win	[160]	180	-114
Win	[180]	180	-138
Win	[180]	180	-156
Loss	[160]	132	-180
Win	[160]	180	-126
Win	[160]	180	-126
Win	[160]	180	-120
Win	[200]	180	-147
Win	[190]	180	-150
Win	[150]	180	-114
Win	[150]	180	-120
Win	[180]	180	-138
Win	[160]	180	-114
Win	[200]	180	-147
Win	[170]	180	-141
Win	[170]	180	-126
Win	[210]	180	-177
Win	[180]	180	-147
Win	[190]	180	-147
Win	[160]	180	-126
Win	[170]	180	-126
Win	[160]	180	-114
Win	[180]	180	-159
Win	[150]	180	-114
Win	[200]	180	-153
Win	[150]	180	-126
Win	[190]	180	-147
Win	[200]	180	-153
Win	[200]	180	-159
Win	[160]	180	-114
Win	[210]	180	-153
Win	[160]	180	-114
Win	[160]	180	-120
Win	[170]	180	-138
Win	[200]	180	-156
Win	[180]	180	-141
Loss	[200]	165	-180
Win	[170]	180	-126
Loss	[170]	153	-180
Win	[150]	180	-132
Win	[160]	180	-132
Loss	[180]	165	-180
Win	[200]	180	-147
Win	[230]	180	-171
Win	[180]	180	-150
Loss	[180]	153	-180
Win	[160]	180	-114
Win	[150]	180	-126
Loss	[210]	171	-180
Win	[150]	180	-114
Win	[180]	180	-153
Win	[150]	180	-114
Win	[190]	180	-150
Win	[170]	180	-126
Win	[200]	180	-174
Loss	[140]	123	-180
Win	[170]	180	-120
Win	[220]	180	-171
Loss	[240]	177	-180
Win	[160]	180	-114
Win	[210]	180	-165
Win	[190]	180	-141
Win	[200]	180	-159
Win	[220]	180	-177
Win	[180]	180	-138
Win	[170]	180	-132
Win	[210]	180	-153
Win	[160]	180	-120
Win	[170]	180	-150
Win	[150]	180	-120
Win	[190]	180	-138
Win	[170]	180	-126
Win	[180]	180	-141
Win	[180]	180	-132
Win	[180]	180	-126
Loss	[160]	138	-180
Win	[190]	180	-153
Win	[170]	180	-144
Win	[180]	180	-150
Win	[160]	180	-132
Win	[210]	180	-159
Win	[160]	180	-126
Win	[190]	180	-153
Loss	[190]	165	-180
Win	[180]	180	-135
Win	[230]	180	-177
Win	[190]	180	-153
Win	[220]	180	-177
Win	[190]	180	-144
Win	[210]	180	-165
Win	[200]	180	-135
Win	[160]	180	-114
Win	[180]	180	-156
Win	[200]	180	-147
Win	[160]	180	-156
Win	[190]	180	-156
Win	[200]	180	-135
Loss	[200]	177	-180
Win	[190]	180	-159
Win	[190]	180	-147
Win	[180]	180	-135
Loss	[210]	171	-180
Win	[160]	180	-114
Win	[190]	180	-147
Win	[160]	180	-120
Win	[170]	180	-126
Win	[160]	180	-120
Win	[170]	180	-126
Win	[160]	180	-114
Win	[160]	180	-114
Win	[180]	180	-132
Win	[180]	180	-150
Win	[180]	180	-132
Win	[190]	180	-165
Win	[170]	180	-138
Win	[190]	180	-147
Win	[180]	180	-132
Win	[160]	180	-114
Win	[180]	180	-132
Win	[220]	180	-165
Win	[160]	180	-114
Win	[160]	180	-132
Win	[190]	180	-147
Win	[180]	180	-150
Win	[200]	180	-153
Win	[180]	180	-150
Win	[190]	180	-150
Win	[170]	180	-150
Win	[170]	180	-120
Loss	[190]	141	-180
Win	[150]	180	-132
Loss	[190]	147	-180
Win	[200]	180	-138
Win	[180]	180	-132
Win	[190]	180	-141
Loss	[200]	165	-180
Win	[150]	180	-120
Win	[170]	180	-114
Win	[190]	180	-147
Loss	[180]	162	-180
Win	[200]	180	-159
Win	[170]	180	-132
Win	[170]	180	-120
Win	[200]	180	-153
Win	[190]	180	-159
Win	[190]	180	-174
Win	[230]	180	-165
Win	[190]	180	-162
Loss	[170]	147	-180
Loss	[220]	171	-180
Loss	[200]	159	-180
Win	[170]	180	-138
Win	[180]	180	-141
Loss	[200]	177	-180
Win	[190]	180	-153
Win	[160]	180	-132
Win	[240]	180	-177
Win	[210]	180	-159
Loss	[200]	177	-180
Win	[210]	180	-177
Win	[170]	180	-150
Loss	[160]	144	-180
Win	[200]	180	-153
Win	[210]	180	-165
Loss	[180]	165	-180
Win	[200]	180	-171
Win	[210]	180	-153
Win	[170]	180	-147
Win	[210]	180	-165
Win	[190]	180	-162
Loss	[180]	150	-180
Win	[230]	180	-165
Win	[170]	180	-120
Win	[160]	180	-126
Win	[170]	180	-135
Win	[190]	180	-132
Win	[160]	180	-114
Win	[180]	180	-144
Win	[160]	180	-126
Win	[170]	180	-147
Win	[220]	180	-171
Win	[170]	180	-144
Win	[180]	180	-132
Win	[170]	180	-132
Win	[180]	180	-150
Win	250.0	153	-135
Loss	[180]	162	-180
Win	[170]	180	-147
Loss	[180]	135	-180
Win	[190]	180	-126
Win	[220]	180	-159
Win	[180]	180	-132
Win	[180]	180	-132
Win	[200]	180	-159
Win	[200]	180	-156
Win	[210]	180	-153
Loss	[240]	177	-180
Win	[180]	180	-132
Win	[170]	180	-114
Win	[210]	180	-165
Win	250.0	135	-114
Win	250.0	165	-135
Win	[190]	180	-135
Win	250.0	165	-153
Win	[180]	180	-114
Win	[190]	180	-132
Win	[170]	180	-132
Win	[220]	180	-153
Win	[150]	180	-132
Loss	[170]	159	-180
Win	[180]	180	-132
Loss	250.0	159	-180
Win	[220]	180	-165
Win	[180]	180	-114
Win	[150]	180	-132
Win	[170]	180	-168
Win	250.0	153	-135
Win	[190]	180	-135
Win	[180]	180	-132
Win	[190]	180	-141
Win	[170]	180	-132
Win	[160]	180	-114
Win	250.0	153	-126
Win	[170]	180	-126
Win	[180]	180	-144
Win	[170]	180	-132
Win	[160]	180	-114
Win	[170]	180	-150
Win	[190]	180	-138
Loss	[200]	168	-180
Win	[200]	180	-171
Win	[180]	180	-132
Win	[180]	180	-132
Win	[160]	180	-120
Win	[210]	180	-171
Win	[190]	180	-135
Win	[210]	180	-153
Win	[190]	180	-144
Win	[170]	180	-126
Win	[190]	180	-144
Win	[180]	180	-153
Win	250.0	159	-132
Win	[210]	180	-147
Win	[180]	180	-144
Win	[230]	180	-159
Win	[170]	180	-114
Win	250.0	147	-120
Win	[220]	180	-159
Win	250.0	153	-156
Win	[160]	180	-120
Win	250.0	141	-120
Win	[200]	180	-132
Loss	250.0	159	-135
Loss	[240]	177	-180
Loss	[180]	162	-180
Win	[210]	180	-177
Win	[160]	180	-135
Win	[240]	180	-177
Win	[180]	180	-126
Win	[170]	180	-144
Win	[210]	180	-153
Win	[180]	180	-120
Win	250.0	153	-135
Win	[200]	180	-147
Win	[180]	180	-150
Win	[180]	180	-141
Win	[160]	180	-126
Win	[150]	180	-114
Win	[180]	180	-126
Win	[170]	180	-135
Win	[190]	180	-144
Win	[170]	180	-141
Win	[200]	180	-162
Loss	[170]	153	-180
Win	[190]	180	-141
Win	[220]	180	-144
Win	[150]	180	-138
Win	[190]	180	-141
Win	[190]	180	-138
Win	[140]	180	-120
Win	[170]	180	-126
Win	[210]	180	-153
Win	[180]	180	-132
Win	[220]	180	-171
Win	[210]	180	-150
Win	[150]	180	-114
Win	[170]	180	-135
Win	[200]	180	-132
Win	[200]	180	-153
Win	[220]	180	-150
Win	[160]	180	-132
Win	[200]	180	-147
Win	[170]	180	-135
Loss	[170]	144	-180
Loss	[170]	156	-180
Win	[160]	180	-132
Win	[200]	180	-153
Win	[160]	180	-114
Win	[200]	180	-162
Win	[170]	180	-132
Win	[220]	180	-147
Win	[170]	180	-132
Win	[180]	180	-132
Win	[190]	180	-141
Win	[190]	180	-147
Win	[220]	180	-177
Win	[150]	180	-114
Win	[190]	180	-135
Win	[150]	180	-120
Win	[160]	180	-114
Win	[190]	180	-147
Win	[180]	180	-135
Loss	[240]	171	-180
Win	[210]	180	-153
Win	[160]	180	-114
Win	[160]	180	-114
Win	[170]	180	-126
Win	[170]	180	-120
Win	[160]	180	-126
Win	[190]	180	-135
Win	[190]	180	-144
Win	[200]	180	-147
Win	[180]	180	-141
Loss	[190]	153	-180
Win	[150]	180	-120
Win	[160]	180	-120
Loss	[200]	177	-180
Win	[200]	180	-141
Win	[170]	180	-126
Win	[160]	180	-126
Win	[160]	180	-126
Loss	[190]	153	-180
Win	[170]	180	-126
Win	[210]	180	-144
Win	[170]	180	-120
Win	[200]	180	-141
Win	[170]	180	-132
Win	[180]	180	-132
Win	[170]	180	-147
Win	[200]	180	-144
Win	[160]	180	-120
Win	[190]	180	-138
Win	[170]	180	-126
Win	[200]	180	-144
Loss	250.0	177	-180
Win	[230]	180	-147
Win	[180]	180	-144
Loss	[140]	117	-180
Win	[190]	180	-141
Win	[170]	180	-132
Win	[190]	180	-147
Win	[200]	180	-147
Win	[180]	180	-132
Win	[180]	180	-135
Win	[200]	180	-147
Win	[190]	180	-135
Win	[200]	180	-159
Win	[150]	180	-126
Win	[190]	180	-147
Win	[210]	180	-159
Win	[190]	180	-171
Win	[190]	180	-147
Win	[150]	180	-120
Win	[170]	180	-126
Win	[150]	180	-108
Win	[170]	180	-135
Win	[180]	180	-126
Win	[160]	180	-120
Win	[180]	180	-132
Win	[210]	180	-159
Loss	[180]	162	-180
Win	[200]	180	-147
Loss	[150]	138	-180
Loss	[190]	171	-180
Win	[160]	180	-114
Win	[190]	180	-147
Win	[180]	180	-135
Win	[170]	180	-132
Win	[170]	180	-120
Loss	[170]	138	-180
Win	[190]	180	-141
Win	[190]	180	-138
Win	[160]	180	-114
Win	[170]	180	-126
Win	[190]	180	-141
Win	[180]	180	-126
Win	[160]	180	-120
Win	[190]	180	-132
Win	[160]	180	-126
Loss	[180]	144	-180
Win	[170]	180	-126
Win	[180]	180	-132
Win	[160]	180	-120
Win	[160]	180	-120
Win	[160]	180	-114
Win	[170]	180	-120
Win	[160]	180	-120
Win	[160]	180	-120
Win	[170]	180	-132
Win	[190]	180	-132
Win	[190]	180	-147
Win	[170]	180	-114
Win	[180]	180	-135
Win	[170]	180	-120
Loss	[240]	177	-180
Win	[170]	180	-126
Win	[170]	180	-135
Win	[200]	180	-147
Win	[180]	180	-132
Win	[170]	180	-126
Win	[160]	180	-126
Win	[160]	180	-120
Win	[190]	180	-141
Win	[180]	180	-132
Win	[160]	180	-114
Win	[170]	180	-132
Win	[190]	180	-147
Win	[200]	180	-147
Win	[190]	180	-138
Win	[240]	180	-171
Win	[170]	180	-135
Win	[190]	180	-147
Win	[190]	180	-141
Win	[190]	180	-141
Win	[160]	180	-126
Win	[160]	180	-126
Win	[160]	180	-126
Win	[160]	180	-114
Win	[170]	180	-132
Loss	[180]	162	-180
Win	[180]	180	-126
Win	[200]	180	-159
Win	[180]	180	-132
Win	[200]	180	-159
Loss	[200]	159	-180
Win	[160]	180	-114
Win	[170]	180	-126
Win	[170]	180	-132
Win	[200]	180	-159
Loss	[170]	144	-180
Win	[160]	180	-114
Win	[180]	180	-126
Loss	[140]	138	-180
Win	[190]	180	-132
Win	[180]	180	-144
Win	[210]	180	-177
Win	[180]	180	-132
Win	[160]	180	-120
Win	[200]	180	-147
Win	[170]	180	-126
Win	[160]	180	-114
Win	[180]	180	-138
Win	[170]	180	-120
Win	[180]	180	-126
Win	[180]	180	-132
Win	[200]	180	-165
Win	[160]	180	-114
Win	[200]	180	-147
Win	[190]	180	-147
Loss	[240]	177	-180
Win	[200]	180	-141
Win	[160]	180	-138
Win	[190]	180	-141
Win	[160]	180	-120
Win	[170]	180	-114
Win	[180]	180	-132
Win	[190]	180	-135
Win	[160]	180	-120
Loss	[160]	132	-180
Win	[170]	180	-114
Win	[200]	180	-159
Win	[160]	180	-114
Win	[210]	180	-153
Loss	[180]	165	-180
Win	[180]	180	-132
Win	[200]	180	-165
Win	[190]	180	-153
Win	[160]	180	-126
Win	[150]	180	-126
Loss	[230]	165	-180
Loss	[200]	171	-180
Win	[150]	180	-126
Win	[170]	180	-132
Win	[160]	180	-114
Win	[190]	180	-141
Win	[190]	180	-141
Win	[210]	180	-153
Win	[170]	180	-126
Win	[180]	180	-132
Loss	[180]	165	-180
Win	[190]	180	-138
Win	[160]	180	-126
Win	[160]	180	-126
Win	[140]	180	-126
Win	[180]	180	-126
Win	[210]	180	-141
Win	[180]	180	-126
Loss	250.0	177	-180
Win	250.0	135	-120
Win	[170]	180	-144
Loss	[220]	165	-180
Win	[180]	180	-141
Win	[190]	180	-141
Win	[230]	180	-171
Loss	[160]	138	-180
Win	[160]	180	-120
Win	[200]	180	-126
Win	[170]	180	-114
Loss	[220]	171	-180
Win	[200]	180	-165
Win	[180]	180	-126
Win	[150]	180	-120
Win	[230]	180	-159
Win	[180]	180	-126
Win	[220]	180	-171
Win	[200]	180	-141
Win	[200]	180	-141
Win	250.0	171	-147
Win	[160]	180	-126
Win	[150]	180	-126
Win	[210]	180	-153
Loss	[160]	120	-180
Win	[150]	180	-120
Win	[180]	180	-135
Win	[180]	180	-135
Loss	[230]	177	-180
Win	[200]	180	-147
Win	[160]	180	-132
Win	[200]	180	-144
Win	[220]	180	-177
Win	[180]	180	-156
Win	[180]	180	-138
Win	250.0	153	-126
Loss	[180]	147	-180
Win	[230]	180	-165
Loss	[230]	171	-180
Win	[200]	180	-153
Win	[170]	180	-126
Win	[160]	180	-126
Win	250.0	141	-114
Win	[190]	180	-132
Win	[240]	180	-153
Win	[220]	180	-159
Win	[160]	180	-120
Win	[150]	180	-135
Win	[150]	180	-120
Loss	[180]	162	-180
Win	[240]	180	-177
Win	[150]	180	-114
Win	[200]	180	-147
Loss	[170]	159	-180
Win	[170]	180	-126
Win	[180]	180	-147
Win	[180]	180	-150
Win	[160]	180	-114
Win	[160]	180	-114
Win	[170]	180	-126
Win	[160]	180	-120
Win	[210]	180	-159
Win	[200]	180	-159
Win	[240]	180	-171
Loss	[210]	165	-180
Win	[230]	180	-171
Win	[190]	180	-132
Win	[170]	180	-138
Win	[160]	180	-114
Loss	[180]	165	-180
Win	[160]	180	-126
Win	[190]	180	-132
Win	[160]	180	-120
Loss	[200]	171	-180
Win	[200]	180	-159
Win	[160]	180	-126
Win	[180]	180	-135
Win	[160]	180	-126
Win	[170]	180	-126
Loss	[190]	177	-180
Win	[160]	180	-114
Win	[180]	180	-135
Win	[150]	180	-120
Win	[210]	180	-153
Loss	[160]	138	-180
Win	[200]	180	-153
Win	[180]	180	-156
Win	[170]	180	-114
Win	[170]	180	-126
Win	[160]	180	-120
Win	[200]	180	-159
Win	[180]	180	-135
Win	[160]	180	-114
Loss	[210]	177	-180
Win	[180]	180	-126
Win	[180]	180	-132
Win	[190]	180	-153
Win	[170]	180	-120
Win	[190]	180	-132
Win	[150]	180	-126
Win	[180]	180	-114
Win	[220]	180	-153
Win	250.0	141	-126
Loss	250.0	135	-120
Win	[180]	180	-132
Win	[180]	180	-120
Win	[150]	180	-120
Win	250.0	177	-153
Win	250.0	135	-120
Win	250.0	135	-114
Win	[170]	180	-120
Win	[170]	180	-132
Win	[170]	180	-132
Win	[160]	180	-132
Win	[150]	180	-120
Win	[170]	180	-126
Win	[200]	180	-147
Win	[160]	180	-120
Win	[170]	180	-132
Loss	[180]	162	-180
Win	[160]	180	-114
Win	[160]	180	-120
Win	[160]	180	-114
Win	[160]	180	-120
Win	[180]	180	-147
Win	[160]	180	-132
Win	[160]	180	-132
Loss	[170]	150	-180
Win	[190]	180	-132
Loss	[220]	165	-180
Win	[190]	180	-138
Win	[190]	180	-141
Win	[170]	180	-126
Win	[190]	180	-162
Win	[170]	180	-138
Loss	[160]	138	-180
Loss	[220]	153	-180
Win	[170]	180	-132
Win	[160]	180	-126
Win	[190]	180	-147
Win	[170]	180	-138
Win	[180]	180	-150
Win	[160]	180	-114
Win	[200]	180	-153
Win	[160]	180	-120
Win	[240]	180	-177
Win	[230]	180	-177
Win	[200]	180	-147
Loss	[160]	144	-180
Win	[190]	180	-150
Win	[180]	180	-126
Win	[200]	180	-153
Win	[180]	180	-132
Win	[190]	180	-141
Win	[170]	180	-135
Win	[160]	180	-114
Win	[180]	180	-126
Win	[160]	180	-120
Win	[190]	180	-141
Win	[200]	180	-138
Win	[170]	180	-132
Win	[170]	180	-120
Win	[200]	180	-138
Win	[200]	180	-147
Win	[160]	180	-126
Win	[190]	180	-141
Win	[150]	180	-126
Loss	[160]	150	-180
Win	[210]	180	-153
Win	[210]	180	-159
Win	[180]	180	-165
Win	[160]	180	-126
Loss	[160]	126	-180
Loss	[140]	138	-180
Loss	[150]	123	-180
Win	[170]	180	-120
Win	[160]	180	-126
Win	[170]	180	-132
Win	[190]	180	-141
Win	[160]	180	-120
Win	[200]	180	-168
Win	[170]	180	-126
Win	[160]	180	-114
Win	[200]	180	-147
Win	[160]	180	-114
Win	[160]	180	-114
Win	[200]	180	-138
Win	[160]	180	-120
Win	[210]	180	-159
Loss	[140]	141	-180
Win	[190]	180	-135
Win	[170]	180	-126
Win	[180]	180	-135
Loss	[150]	144	-180
Win	[190]	180	-171
Win	[160]	180	-114
Win	[180]	180	-150
Win	[180]	180	-135
Win	[180]	180	-141
Win	[170]	180	-126
Win	[160]	180	-126
Win	[180]	180	-126
Win	[180]	180	-147
Win	[190]	180	-135
Win	[190]	180	-135
Loss	[230]	177	-180
Win	[170]	180	-153
Win	[220]	180	-132
Win	[200]	180	-144
Loss	[160]	126	-180
Win	[180]	180	-132
Win	[150]	180	-120
Win	[170]	180	-120
Win	[190]	180	-159
Win	[240]	180	-159
Win	[160]	180	-114
Win	[190]	180	-141
Win	[180]	180	-144
Loss	[180]	165	-180
Win	[160]	180	-132
Win	[200]	180	-132
Win	[190]	180	-147
Loss	[190]	156	-180
Win	[190]	180	-147
Win	[160]	180	-126
Win	[170]	180	-126
Win	[190]	180	-150
Win	[210]	180	-150
Loss	[210]	177	-180
Win	[170]	180	-114
Win	[200]	180	-147
Win	[160]	180	-126
Win	[200]	180	-153
Win	[190]	180	-147
Win	[180]	180	-153
Win	[220]	180	-144
Win	[220]	180	-165
Win	[200]	180	-144
Win	[160]	180	-114
Win	[160]	180	-132
Win	[190]	180	-147
Win	[220]	180	-165
Win	[190]	180	-144
Win	[210]	180	-153
Win	[180]	180	-132
Win	[160]	180	-114
Loss	[190]	171	-180
Win	[150]	180	-114
Win	[170]	180	-126
Win	[170]	180	-120
Win	[210]	180	-153
Win	[150]	180	-114
Win	[180]	180	-132
Win	[160]	180	-114
Loss	[180]	162	-180
Win	[200]	180	-144
Win	[210]	180	-171
Win	[160]	180	-120
Win	[160]	180	-120
Win	[160]	180	-126
Win	[170]	180	-120
Win	[170]	180	-120
Win	[170]	180	-132
Loss	[170]	114	-180
Win	[200]	180	-144
Win	[200]	180	-153
Win	250.0	153	-177
Win	[160]	180	-126
Win	250.0	159	-135
Win	[160]	180	-126
Win	[190]	180	-132
Win	250.0	165	-141
Win	[160]	180	-114
Win	[160]	180	-138
Win	[170]	180	-126
Win	[160]	180	-126
Win	[190]	180	-132
Win	[190]	180	-138
Win	[170]	180	-138
Win	[170]	180	-126
Win	[190]	180	-138
Win	[160]	180	-132
Win	[160]	180	-132
Win	250.0	171	-135
Win	[150]	180	-114
Win	[170]	180	-144
Win	250.0	147	-141
Win	[170]	180	-126
Win	250.0	138	-141
Win	[160]	180	-114
Win	[160]	180	-114
Win	[160]	180	-120
Win	250.0	147	-135
Win	[170]	180	-132
Win	[190]	180	-132
Win	[180]	180	-126
Win	250.0	120	-165
Win	250.0	165	-135
Win	250.0	171	-135
Win	250.0	138	-177
Win	[160]	180	-114
Win	[160]	180	-114
Win	[160]	180	-114
Win	250.0	171	-135
Win	[180]	180	-132
Win	250.0	171	-135
Win	[180]	180	-138
Win	250.0	135	-120
Win	[190]	180	-138
Win	[180]	180	-126
Win	[160]	180	-114
Win	[150]	180	-114
Win	[180]	180	-132
Win	[170]	180	-132
Win	[200]	180	-126
Win	[190]	180	-144
Win	250.0	171	-135
Win	[150]	180	-114
Win	[190]	180	-132
Win	[160]	180	-132
Win	250.0	135	-120
Win	[170]	180	-126
Win	[160]	180	-120
Win	[180]	180	-132
Win	250.0	147	-135
Win	[170]	180	-150
Win	250.0	141	-120
Win	[180]	180	-114
Win	250.0	132	-147
Win	[180]	180	-138
Win	250.0	132	-141
Win	[170]	180	-144
Win	250.0	132	-141
Win	[150]	180	-120
Win	250.0	171	-153
Win	250.0	141	-120
Win	250.0	177	-135
Win	250.0	138	-141
Win	250.0	117	-159
Win	[170]	180	-126
Win	[170]	180	-135
Win	[160]	180	-114
Win	[160]	180	-114
Win	250.0	177	-135
Win	[150]	180	-126
Win	250.0	171	-135
Win	250.0	171	-135
Win	[160]	180	-120
Win	250.0	138	-141
Win	[150]	180	-114
Win	250.0	135	-141
Win	[180]	180	-150
Win	[160]	180	-114
Win	[160]	180	-114
Win	[160]	180	-126
Win	[230]	180	-150
Win	[200]	180	-144
Win	250.0	171	-135
Win	250.0	171	-141
Win	250.0	171	-135
Win	250.0	138	-141
Win	250.0	171	-135
Win	250.0	177	-135
Win	250.0	177	-135
Win	[150]	180	-114
Win	[150]	180	-114
Win	250.0	159	-135
Win	[160]	180	-120
Win	[160]	180	-114
Win	[170]	180	-126
Win	250.0	159	-135
Win	250.0	159	-135
Win	250.0	159	-135
Win	250.0	165	-135
Win	[170]	180	-132
Win	[180]	180	-132
Win	[180]	180	-132
Win	250.0	177	-135
Win	[180]	180	-156
Win	[160]	180	-126
Win	[160]	180	-132
Win	[160]	180	-120
Win	[170]	180	-126
Win	250.0	177	-135
Win	[180]	180	-132
Win	250.0	138	-141
Win	250.0	177	-153
Win	[160]	180	-126
Win	[190]	180	-138
Win	[170]	180	-126
Win	[160]	180	-114
Win	[170]	180	-138
Win	250.0	141	-135
Win	250.0	153	-141
Win	[170]	180	-120
Win	[150]	180	-132
Win	250.0	159	-141
Win	250.0	165	-135
Win	250.0	144	-141
Win	[160]	180	-126
Win	250.0	159	-135
Win	250.0	153	-135
Win	[170]	180	-120
Win	250.0	171	-135
Win	250.0	171	-147
Win	[160]	180	-126
Win	[160]	180	-144
Win	[150]	180	-108
Win	[160]	180	-114
Win	[180]	180	-132
Win	[170]	180	-126
Win	250.0	171	-135
Win	250.0	177	-153
Win	[180]	180	-132
Win	[170]	180	-126
Win	[190]	180	-138
Win	[180]	180	-132
Win	[220]	180	-141
Win	250.0	141	-135
Win	250.0	177	-135
Win	[160]	180	-126
Win	250.0	165	-135
Win	[170]	180	-126
Win	[160]	180	-126
Win	[170]	180	-135
Win	[160]	180	-150
Win	250.0	171	-135
Win	[160]	180	-126
Win	250.0	159	-135
Win	[160]	180	-132
Win	[170]	180	-126
Win	[190]	180	-138
Win	250.0	177	-135
Win	250.0	138	-135
Win	[150]	180	-108
Win	[240]	180	-141
Win	[170]	180	-126
Win	250.0	126	-153
Win	[180]	180	-126
Win	250.0	165	-135
Win	[150]	180	-114
Win	[180]	180	-150
Win	[160]	180	-114
Win	250.0	177	-135
Win	[160]	180	-126
Win	[160]	180	-126
Win	[170]	180	-126
Win	[160]	180	-114
Win	[160]	180	-114
Win	[180]	180	-132
Win	250.0	159	-135
Win	[200]	180	-150
Win	[190]	180	-138
Win	[190]	180	-132
Win	[170]	180	-132
Win	[170]	180	-114
Win	[160]	180	-120
Win	[180]	180	-135
Win	[170]	180	-132
Win	[220]	180	-153
Win	[170]	180	-126
Win	[170]	180	-144
Win	[160]	180	-114
Win	[210]	180	-147
Win	[210]	180	-165
Loss	[200]	159	-180
Win	[170]	180	-132
Win	[170]	180	-126
Win	[180]	180	-132
Win	[160]	180	-120
Win	[160]	180	-120
Win	[190]	180	-132
Win	[160]	180	-114
Win	[150]	180	-120
Loss	[180]	162	-180
Win	[170]	180	-126
Win	[200]	180	-147
Win	[180]	180	-138
Win	[150]	180	-132
Win	[160]	180	-126
Win	[190]	180	-141
Win	[160]	180	-114
Win	[210]	180	-153
Win	[180]	180	-132
Win	[160]	180	-114
Win	[200]	180	-147
Win	[160]	180	-120
Win	[150]	180	-114
Win	[160]	180	-114
Win	[210]	180	-165
Loss	[160]	153	-180
Win	[200]	180	-165
Win	[160]	180	-120
Win	[160]	180	-114
Win	[170]	180	-138
Win	[160]	180	-120
Win	[160]	180	-132
Win	[190]	180	-144
Loss	[170]	150	-180
Win	[170]	180	-132
Win	[190]	180	-132
Win	[180]	180	-138
Win	[170]	180	-126
Win	[160]	180	-114
Win	[170]	180	-114
Win	[190]	180	-138
Win	[190]	180	-132
Win	[160]	180	-126
Win	[160]	180	-126
Loss	[170]	150	-180
Win	[200]	180	-147
Win	[150]	180	-114
Win	[180]	180	-126
Win	[170]	180	-126
Loss	[210]	177	-180
Win	[180]	180	-132
Win	[160]	180	-114
Win	[160]	180	-126
Win	[190]	180	-135
Win	[220]	180	-159
Win	[150]	180	-114
Win	[160]	180	-126
Loss	[160]	150	-180
Win	[190]	180	-141
Win	[170]	180	-126
Win	[170]	180	-126
Win	[160]	180	-114
Win	[180]	180	-138
Loss	[160]	132	-180
Win	[160]	180	-114
Loss	[220]	177	-180
Win	[220]	180	-168
Win	[160]	180	-114
Win	[200]	180	-159
Loss	[190]	165	-180
Win	[170]	180	-150
Win	[160]	180	-120
Win	[160]	180	-132
Win	[200]	180	-147
Win	[180]	180	-132
Win	[190]	180	-147
Win	[190]	180	-141
Win	[170]	180	-150
Win	[170]	180	-132
Win	[190]	180	-141
Win	[200]	180	-147
Win	[180]	180	-132
Win	[180]	180	-132
Win	[150]	180	-126
Win	[180]	180	-132
Win	[160]	180	-144
Win	[170]	180	-114
Win	[170]	180	-132
Win	[190]	180	-147
Win	[230]	180	-177
Win	[190]	180	-132
Win	[170]	180	-120
Win	[180]	180	-135
Win	[170]	180	-126
Win	[170]	180	-126
Win	[210]	180	-171
Win	[180]	180	-132
Win	[140]	180	-132
Win	[200]	180	-141
Win	[180]	180	-150
Win	[190]	180	-132
Win	[180]	180	-141
Win	[180]	180	-135
Win	[160]	180	-126
Win	[190]	180	-141
Win	[160]	180	-135
Win	[210]	180	-153
Win	[180]	180	-135
Win	[180]	180	-132
Win	[190]	180	-147
Win	[150]	180	-132
Win	[160]	180	-126
Win	[190]	180	-144
Win	[170]	180	-132
Win	[160]	180	-114
Win	[190]	180	-168
Win	[190]	180	-144
Win	[150]	180	-120
Win	[160]	180	-126
Win	[180]	180	-135
Win	[180]	180	-135
Win	[160]	180	-126
Loss	[160]	141	-180
Win	[180]	180	-138
Win	[160]	180	-126
Win	[190]	180	-138
Win	[160]	180	-114
Win	[200]	180	-147
Win	[150]	180	-135
Win	[160]	180	-114
Win	[170]	180	-150
Win	[190]	180	-141
Win	[160]	180	-126
Win	[200]	180	-141
Win	[210]	180	-171
Win	[180]	180	-132
Win	[160]	180	-114
Win	[180]	180	-147
Win	[190]	180	-138
Win	[180]	180	-132
Win	[160]	180	-120
Win	[190]	180	-141
Win	[180]	180	-135
Win	[180]	180	-135
Win	[160]	180	-126
Win	[210]	180	-153
Win	[190]	180	-171
Win	[160]	180	-114
Win	[160]	180	-120
Win	[210]	180	-153
Win	[170]	180	-126
Win	[170]	180	-120
Win	[200]	180	-153
Win	[160]	180	-114
Win	[190]	180	-168
Win	[210]	180	-159
Win	[160]	180	-114
Win	[190]	180	-141
Win	[200]	180	-159
Win	[150]	180	-114
Win	[160]	180	-114
Win	[160]	180	-126
Win	[170]	180	-135
Win	[160]	180	-114
Win	[180]	180	-132
Win	[160]	180	-114
Win	[190]	180	-141
Win	[170]	180	-132
Win	[160]	180	-120
Win	[190]	180	-138
Loss	[210]	177	-180
Win	[170]	180	-132
Win	[190]	180	-144
Win	[160]	180	-114
Win	[150]	180	-114
Win	[180]	180	-132
Win	[190]	180	-138
Win	[170]	180	-114
Win	[240]	180	-171
Win	[200]	180	-159
Loss	[180]	171	-180
Win	[160]	180	-126
Win	[180]	180	-138
Loss	[230]	177	-180
Win	[170]	180	-138
Win	[170]	180	-138
Win	[180]	180	-138
Win	[190]	180	-132
Win	[160]	180	-114
Win	[200]	180	-135
Win	[180]	180	-138
Win	[160]	180	-126
Win	[190]	180	-135
Loss	[210]	165	-180
Win	[170]	180	-144
Win	[160]	180	-126
Win	[160]	180	-120
Win	[160]	180	-126
Loss	[220]	177	-180
Win	[160]	180	-126
Win	[160]	180	-126
Loss	[220]	177	-180
Win	[210]	180	-159
Win	[170]	180	-135
Win	[160]	180	-114
Win	[160]	180	-126
Win	[160]	180	-126
Win	[170]	180	-138
Win	[160]	180	-114
Win	[190]	180	-141
Loss	[170]	150	-180
Win	[170]	180	-126
Win	[180]	180	-132
Win	[160]	180	-114
Loss	[150]	144	-180
Win	[180]	180	-135
Win	[180]	180	-144
Win	[170]	180	-120
Win	[150]	180	-120
Win	[190]	180	-132
Loss	[180]	162	-180
Win	[160]	180	-114
Win	[160]	180	-114
Win	[200]	180	-147
Win	[180]	180	-150
Win	[190]	180	-141
Win	[180]	180	-144
Win	[180]	180	-132
Win	[190]	180	-147
Win	[180]	180	-132
Win	[200]	180	-147
Win	[170]	180	-126
Win	[200]	180	-147
Win	[160]	180	-120
Win	[160]	180	-114
Loss	[220]	177	-180
Win	[180]	180	-126
Win	[180]	180	-168
Win	[150]	180	-126
Win	[190]	180	-147
Win	[190]	180	-153
Win	[170]	180	-132
Loss	[170]	144	-180
Win	[220]	180	-177
Win	[180]	180	-156
Win	[220]	180	-135
Win	[220]	180	-171
Win	[170]	180	-120
Win	[190]	180	-150
Win	[160]	180	-114
Win	[220]	180	-171
Win	[180]	180	-126
Win	[160]	180	-114
Win	[190]	180	-138
Win	[190]	180	-147
Win	[190]	180	-141
Win	[210]	180	-153
Win	[170]	180	-114
Win	[180]	180	-114
Loss	[170]	147	-180
Win	250.0	177	-159
Win	[160]	180	-120
Win	[150]	180	-114
Win	[200]	180	-153
Win	[150]	180	-120
Win	[150]	180	-120
Win	[160]	180	-126
Win	[180]	180	-132
Loss	[190]	159	-180
Win	[170]	180	-135
Win	[170]	180	-114
Win	[170]	180	-141
Win	[160]	180	-114
Win	[180]	180	-120
Win	[200]	180	-153
Win	[160]	180	-126
Win	[220]	180	-159
Win	[240]	180	-177
Win	[180]	180	-144
Win	[160]	180	-114
Win	[180]	180	-135
Win	[190]	180	-141
Win	[170]	180	-147
Win	[230]	180	-171
Win	[200]	180	-141
Win	[150]	180	-114
Win	[170]	180	-132
Win	[160]	180	-114
Win	[160]	180	-120
Win	[220]	180	-165
Win	[160]	180	-126
Win	[190]	180	-147
Win	[180]	180	-132
Loss	[200]	159	-180
Win	[200]	180	-165
Win	[180]	180	-132
Win	[170]	180	-114
Win	[160]	180	-114
Loss	[180]	147	-180
Win	[150]	180	-114
Win	[180]	180	-135
Win	[160]	180	-126
Win	[160]	180	-120
Win	[160]	180	-114
Win	[160]	180	-138
Win	[180]	180	-144
Win	[180]	180	-132
Win	[190]	180	-141
Win	[180]	180	-120
Win	[230]	180	-147
Win	[200]	180	-147
Win	[160]	180	-114
Win	[150]	180	-114
Win	[160]	180	-120
Loss	[210]	171	-180
Win	[150]	180	-114
Win	[180]	180	-135
Win	[160]	180	-132
Win	[150]	180	-114
Loss	[170]	150	-180
Win	[200]	180	-144
Win	[180]	180	-138
Win	[160]	180	-126
Win	[150]	180	-126
Loss	[170]	156	-180
Win	[180]	180	-132
Win	[200]	180	-153
Win	[190]	180	-141
Loss	[220]	177	-180
Win	[160]	180	-120
Win	[150]	180	-114
Win	[140]	180	-132
Win	[150]	180	-114
Loss	[190]	159	-180
Win	[200]	180	-147
Win	[190]	180	-138
Win	[150]	180	-120
Win	[190]	180	-147
Win	[190]	180	-135
Win	[170]	180	-150
Win	[160]	180	-114
Win	[190]	180	-126
Win	[180]	180	-132
Win	[170]	180	-126
Win	[230]	180	-165
Win	[190]	180	-132
Win	[150]	180	-114
Win	[150]	180	-132
Win	[170]	180	-126
Win	[200]	180	-147
Win	[160]	180	-114
Win	[190]	180	-153
Win	[160]	180	-120
Win	[200]	180	-165
Win	[200]	180	-159
Win	[170]	180	-135
Win	[160]	180	-114
Win	[160]	180	-132
Win	[170]	180	-114
Win	[160]	180	-114
Loss	[160]	144	-180
Win	[200]	180	-153
Win	[190]	180	-138
Win	[230]	180	-159
Win	[220]	180	-171
Win	[160]	180	-132
Win	[190]	180	-132
Win	[180]	180	-138
Win	[160]	180	-114
Win	[190]	180	-147
Win	[190]	180	-147
Win	[170]	180	-132
Win	[150]	180	-126
Win	[190]	180	-147
Win	[190]	180	-153
Win	[170]	180	-114
Win	[180]	180	-147
Win	[180]	180	-120
Win	[160]	180	-132
Win	[230]	180	-171
Win	[160]	180	-120
Win	[160]	180	-120
Win	[190]	180	-147
Win	[160]	180	-132
Win	[190]	180	-153
Win	[170]	180	-138
Win	[190]	180	-138
Win	[170]	180	-132
Win	[200]	180	-159
Win	[180]	180	-132
Win	[160]	180	-114
Win	[230]	180	-171
Win	[190]	180	-141
Win	[170]	180	-132
Loss	[160]	144	-180
Win	[210]	180	-165
Win	[170]	180	-144
Win	[190]	180	-138
Win	[210]	180	-171
Win	[200]	180	-153
Win	[180]	180	-147
Loss	[150]	135	-180
Win	[180]	180	-132
Win	[180]	180	-126
Loss	[190]	165	-180
Win	[230]	180	-165
Win	[210]	180	-159
Win	[180]	180	-141
Win	[180]	180	-132
Win	[160]	180	-126
Loss	[200]	171	-180
Win	[170]	180	-135
Win	[200]	180	-144
Win	[170]	180	-126
Win	[180]	180	-132
Win	[180]	180	-147
Win	[160]	180	-144
Win	[150]	180	-120
Win	[160]	180	-114
Win	[180]	180	-147
Win	[160]	180	-132
Win	[180]	180	-135
Win	[160]	180	-114
Win	[160]	180	-120
Win	[190]	180	-138
Win	[170]	180	-132
Win	[160]	180	-126
Loss	[210]	171	-180
Win	[170]	180	-126
Win	[170]	180	-126
Win	[170]	180	-126
Win	[160]	180	-126
Win	[160]	180	-132
Loss	[200]	171	-180
Win	[170]	180	-132
Win	[160]	180	-126
Win	[190]	180	-147
Win	[200]	180	-159
Win	[160]	180	-120
Win	[170]	180	-132
Win	[170]	180	-126
Win	[170]	180	-135
Win	[180]	180	-141
Win	[160]	180	-120
Win	[170]	180	-120
Win	[180]	180	-132
Win	[190]	180	-144
Win	[170]	180	-141
Win	[170]	180	-114
Win	[190]	180	-135
Win	[200]	180	-153
Win	[160]	180	-132
Win	[200]	180	-147
Win	[200]	180	-153
Win	[170]	180	-138
Win	[170]	180	-126
Loss	[170]	150	-180
Win	[180]	180	-132
Win	[170]	180	-135
Win	[170]	180	-132
Loss	[210]	171	-180
Win	[170]	180	-132
Win	[170]	180	-126
Win	[170]	180	-132
Win	[160]	180	-126
Win	[210]	180	-171
Win	[200]	180	-177
Win	[160]	180	-114
Win	[230]	180	-177
Win	[200]	180	-159
Win	[180]	180	-132
Loss	[150]	144	-180
Win	[210]	180	-153
Win	[160]	180	-120
Loss	[220]	177	-180
Win	[170]	180	-126
Win	[190]	180	-135
Win	[200]	180	-144
Win	[210]	180	-165
Win	[210]	180	-150
Win	[220]	180	-159
Win	[160]	180	-120
Win	[160]	180	-120
Win	[160]	180	-126
Win	[200]	180	-147
Win	[170]	180	-126
Loss	[160]	144	-180
Win	[180]	180	-147
Win	[170]	180	-144
Win	[190]	180	-144
Win	[170]	180	-138
Win	[190]	180	-159
Loss	[210]	171	-180
Win	[190]	180	-132
Win	250.0	180	-165
Win	[210]	180	-147
Win	[190]	180	-132
Win	[180]	180	-126
Win	[210]	180	-165
Win	[240]	180	-171
Win	[190]	180	-159
Win	[160]	180	-126
Win	[170]	180	-126
Loss	[220]	171	-180
Win	[230]	180	-177
Win	[210]	180	-165
Win	[150]	180	-120
Win	[190]	180	-132
Win	[220]	180	-177
Win	[170]	180	-126
Win	[170]	180	-138
Win	[190]	180	-147
Win	[180]	180	-132
Win	[150]	180	-114
Win	[180]	180	-132
Win	[190]	180	-138
Win	[160]	180	-120
Win	[160]	180	-126
Loss	[140]	153	-180
Win	[190]	180	-144
Loss	[200]	171	-180
Win	[170]	180	-135
Win	[190]	180	-153
Win	[150]	180	-120
Win	[160]	180	-114
Win	[190]	180	-159
Win	[190]	180	-135
Win	[190]	180	-144
Win	[200]	180	-141
Win	[230]	180	-171
Win	[180]	180	-147
Win	[230]	180	-171
Win	[200]	180	-153
Win	[180]	180	-132
Win	[210]	180	-138
Win	[200]	180	-153
Win	[170]	180	-126
Win	[200]	180	-153
Win	[160]	180	-132
Loss	[150]	144	-180
Win	[190]	180	-138
Win	[180]	180	-141
Win	[180]	180	-138
Win	[190]	180	-138
Win	[210]	180	-159
Win	[190]	180	-177
Win	[170]	180	-138
Win	[180]	180	-147
Win	[200]	180	-168
Win	[180]	180	-138
Win	[230]	180	-177
Win	[200]	180	-159
Win	[210]	180	-171
Win	[160]	180	-132
Win	[170]	180	-138
Win	[220]	180	-165
Win	[160]	180	-132
Win	[150]	180	-132
Win	[180]	180	-168
Win	[190]	180	-168
Win	[170]	180	-135
Win	[180]	180	-147
Loss	[150]	114	-180
Win	[170]	180	-150
Win	[200]	180	-165
Win	[160]	180	-135
Win	[160]	180	-150
Win	[160]	180	-132
Win	[150]	180	-132
Win	[160]	180	-144
Win	[170]	180	-150
Loss	[200]	165	-180
Win	[170]	180	-147
Win	[170]	180	-132
Win	[170]	180	-138
Win	[150]	180	-132
Loss	[190]	168	-180
Loss	[180]	138	-180
Win	[210]	180	-138
Win	[220]	180	-159
Win	[170]	180	-132
Win	[200]	180	-150
Win	[220]	180	-138
Win	[210]	180	-165
Win	[220]	180	-177
Loss	[190]	159	-180
Win	[210]	180	-171
Win	[180]	180	-168
Win	[160]	180	-138
Win	[170]	180	-144
Win	[200]	180	-159
Win	[180]	180	-138
Win	[150]	180	-126
Win	[170]	180	-144
Win	[180]	180	-150
Win	[190]	180	-132
Win	[190]	180	-138
Loss	[230]	177	-180
Win	[170]	180	-126
Win	[190]	180	-159
Win	[190]	180	-141
Win	[180]	180	-141
Win	[180]	180	-126
Win	[200]	180	-165
Win	[160]	180	-144
Win	[170]	180	-144
Win	[200]	180	-150
Win	[180]	180	-132
Win	[190]	180	-162
Win	[220]	180	-171
Win	[210]	180	-144
Win	[190]	180	-144
Win	[190]	180	-138
Win	[160]	180	-132
Win	[210]	180	-159
Win	[160]	180	-126
Win	[210]	180	-150
Win	[220]	180	-171
Win	[220]	180	-147
Win	[140]	180	-132
Win	[160]	180	-132
Win	[220]	180	-177
Win	[170]	180	-144
Win	[190]	180	-159
Win	[180]	180	-135
Win	[210]	180	-144
Win	[180]	180	-138
Win	[180]	180	-138
Win	[210]	180	-165
Win	[210]	180	-153
Win	[170]	180	-135
Win	[170]	180	-114
Win	[170]	180	-132
Win	[160]	180	-114
Win	[160]	180	-114
Win	[160]	180	-120
Win	[200]	180	-138
Win	[170]	180	-126
Win	[160]	180	-114
Win	[200]	180	-138
Win	[170]	180	-126
Win	[150]	180	-132
Win	[160]	180	-120
Win	[200]	180	-138
Win	[230]	180	-177
Win	[210]	180	-165
Win	[170]	180	-132
Win	[160]	180	-126
Win	[180]	180	-147
Win	[170]	180	-144
Win	[160]	180	-114
Win	[170]	180	-138
Win	[190]	180	-144
Win	[180]	180	-132
Win	[170]	180	-135
Win	[190]	180	-147
Win	[180]	180	-132
Win	[160]	180	-114
Win	[190]	180	-162
Win	[220]	180	-171
Win	[180]	180	-144
Win	[160]	180	-126
Win	[170]	180	-132
Win	[170]	180	-126
Win	[170]	180	-132
Win	[180]	180	-135
Win	[160]	180	-126
Win	[170]	180	-132
Win	[180]	180	-132
Loss	[210]	165	-180
Win	[180]	180	-141
Win	[180]	180	-132
Win	[160]	180	-132
Win	[170]	180	-135
Win	[160]	180	-132
Win	[170]	180	-132
Win	[220]	180	-165
Win	[170]	180	-126
Win	[230]	180	-165
Win	[170]	180	-132
Win	[210]	180	-165
Win	[160]	180	-138
Win	[160]	180	-120
Win	[200]	180	-147
Win	[190]	180	-135
Win	[170]	180	-132
Win	[190]	180	-162
Win	[190]	180	-147
Win	[190]	180	-144
Win	[160]	180	-120
Win	[190]	180	-153
Win	[180]	180	-141
Win	[170]	180	-144
Win	[180]	180	-132
Win	[160]	180	-126
Win	[160]	180	-120
Win	[200]	180	-147
Win	[170]	180	-132
Win	[160]	180	-126
Win	[160]	180	-126
Win	[180]	180	-132
Win	[200]	180	-171
Win	[200]	180	-153
Win	[170]	180	-126
Win	[190]	180	-150
Win	[180]	180	-132
Win	[190]	180	-147
Win	[160]	180	-126
Win	[180]	180	-114
Win	[180]	180	-150
Win	[170]	180	-126
Win	[170]	180	-138
Win	[220]	180	-165
Win	[160]	180	-126
Win	[160]	180	-114
Win	[220]	180	-171
Win	[160]	180	-141
Win	[200]	180	-138
Win	[180]	180	-135
Win	[210]	180	-153
Win	[190]	180	-144
Win	[210]	180	-171
Win	[180]	180	-120
Win	[170]	180	-120
Win	[160]	180	-126
Win	250.0	180	-147
Win	[230]	180	-177
Win	[160]	180	-126
Win	250.0	177	-150
Win	[170]	180	-132
Win	[180]	180	-159
Win	[200]	180	-147
Loss	[210]	171	-180
Win	[170]	180	-135
Win	[170]	180	-126
Win	[200]	180	-141
Win	[160]	180	-126
Win	[180]	180	-132
Win	[170]	180	-138
Win	[160]	180	-120
Win	[150]	180	-114
Win	[160]	180	-141
Win	[150]	180	-135
Win	[170]	180	-138
Win	[180]	180	-135
Win	[170]	180	-138
Win	[160]	180	-114
Win	[200]	180	-138
Win	[170]	180	-141
Win	[170]	180	-132
Win	[190]	180	-153
Win	[170]	180	-144
Win	[200]	180	-159
Win	[170]	180	-138
Win	[170]	180	-138
Win	[210]	180	-153
Win	[170]	180	-126
Win	[180]	180	-141
Win	[160]	180	-126
Win	[180]	180	-135
Win	[170]	180	-138
Win	[180]	180	-141
Win	[170]	180	-126
Win	[170]	180	-135
Win	[160]	180	-114
Win	[180]	180	-144
Win	[170]	180	-138
Win	[170]	180	-126
Win	[240]	180	-177
Win	[160]	180	-120
Win	[180]	180	-138
Win	[210]	180	-159
Win	[180]	180	-141
Win	[190]	180	-141
Win	[160]	180	-126
Win	[170]	180	-138
Win	[200]	180	-165
Loss	[210]	165	-180
Win	[160]	180	-114
Win	[230]	180	-177
Win	[200]	180	-174
Win	[160]	180	-114
Win	[160]	180	-120
Win	[160]	180	-114
Win	[160]	180	-120
Win	[160]	180	-126
Win	[220]	180	-144
Win	[170]	180	-114
Loss	[220]	177	-180
Win	[160]	180	-126
Win	[150]	180	-126
Win	[170]	180	-144
Win	[160]	180	-120
Win	[210]	180	-138
Win	[210]	180	-165
Win	[200]	180	-153
Win	[150]	180	-132
Win	[190]	180	-141
Win	[220]	180	-159
Win	[220]	180	-171
Win	[220]	180	-159
Win	[170]	180	-138
Win	[210]	180	-165
Win	[170]	180	-144
Win	[170]	180	-132
Win	[170]	180	-135
Win	[160]	180	-138
Win	[170]	180	-132
Loss	[240]	177	-180
Win	[230]	180	-177
Win	[170]	180	-120
Win	[170]	180	-132
Win	[180]	180	-132
Loss	[220]	171	-180
Win	[160]	180	-150
Win	[180]	180	-156
Win	[160]	180	-120
Win	[170]	180	-138
Win	[170]	180	-126
Win	[180]	180	-138
Win	[220]	180	-159
Win	[220]	180	-159
Win	[170]	180	-132
Win	[170]	180	-138
Win	[170]	180	-144
Win	[220]	180	-165
Win	[180]	180	-159
Win	[170]	180	-126
Win	[140]	180	-114
Win	[190]	180	-153
Win	[180]	180	-144
Win	[210]	180	-159
Loss	[160]	132	-180
Win	[220]	180	-171
Win	[160]	180	-114
Win	[150]	180	-120
Win	[170]	180	-126
Win	[200]	180	-147
Win	[200]	180	-159
Win	[160]	180	-120
Win	[190]	180	-132
Win	[160]	180	-120
Win	[180]	180	-144
Win	[150]	180	-120
Win	[200]	180	-147
Win	[170]	180	-126
Win	[240]	180	-177
Win	[150]	180	-120
Win	[160]	180	-126
Win	[160]	180	-120
Win	[180]	180	-132
Win	[200]	180	-153
Win	[170]	180	-138
Win	[200]	180	-141
Win	[180]	180	-132
Win	[160]	180	-120
Win	[160]	180	-114
Win	[170]	180	-138
Win	[190]	180	-144
Win	[160]	180	-120
Win	[190]	180	-132
Win	[180]	180	-135
Win	[190]	180	-138
Win	[140]	180	-120
Win	[150]	180	-114
Win	[180]	180	-132
Win	[170]	180	-126
Win	[190]	180	-144
Win	[180]	180	-132
Win	[160]	180	-126
Win	[160]	180	-120
Win	[220]	180	-165
Win	[160]	180	-114
Win	[180]	180	-132
Win	[190]	180	-174
Win	[170]	180	-126
Win	[190]	180	-147
Win	[160]	180	-132
Win	[200]	180	-144
Win	[160]	180	-126
Win	[180]	180	-132
Win	[190]	180	-141
Win	[160]	180	-114
Win	[160]	180	-114
Win	[170]	180	-132
Win	[180]	180	-132
Win	[200]	180	-165
Win	[170]	180	-132
Win	[160]	180	-120
Win	[140]	180	-120
Win	[180]	180	-132
Win	[190]	180	-147
Win	[180]	180	-132
Win	[190]	180	-138
Win	[160]	180	-114
Win	[170]	180	-126
Win	[160]	180	-120
Win	[180]	180	-150
Win	[140]	180	-114
Win	[160]	180	-138
Win	[160]	180	-120
Win	[150]	180	-114
Win	[160]	180	-126
Win	[160]	180	-120
Win	[200]	180	-141
Win	[160]	180	-126
Win	[190]	180	-138
Win	[180]	180	-120
Win	[210]	180	-159
Win	[150]	180	-114
Win	[150]	180	-126
Win	[150]	180	-114
Win	[170]	180	-126
Win	[160]	180	-114
Win	[200]	180	-147
Win	[190]	180	-159
Win	[160]	180	-114
Win	[190]	180	-156
Win	[160]	180	-114
Win	[180]	180	-132
Win	[150]	180	-114
Win	[150]	180	-120
Win	[160]	180	-126
Win	[210]	180	-165
Win	[190]	180	-132
Win	[160]	180	-126
Win	[170]	180	-132
Win	[190]	180	-144
Win	[160]	180	-126
Win	[190]	180	-132
Win	[180]	180	-132
Win	[160]	180	-126
Win	[160]	180	-132
Win	[150]	180	-120
Win	[160]	180	-126
Win	[150]	180	-114
Win	[170]	180	-135
Win	[170]	180	-126
Loss	[150]	135	-180
Win	[190]	180	-132
Win	[160]	180	-120
Loss	[220]	171	-180
Win	[200]	180	-165
Win	[160]	180	-114
Win	[210]	180	-153
Win	[160]	180	-126
Win	[160]	180	-138
Win	[150]	180	-126
Win	[160]	180	-114
Win	[190]	180	-132
Win	[170]	180	-132
Loss	[240]	177	-180
Win	[160]	180	-138
Win	[160]	180	-120
Win	[160]	180	-120
Win	[160]	180	-120
Win	[160]	180	-114
Win	[160]	180	-114
Loss	[200]	159	-180
Win	[160]	180	-126
Win	[190]	180	-132
Win	[180]	180	-135
Win	[180]	180	-132
Win	[160]	180	-114
Win	[180]	180	-126
Win	[180]	180	-132
Win	[170]	180	-126
Win	[160]	180	-120
Win	[150]	180	-114
Win	[190]	180	-141
Win	[170]	180	-132
Win	[200]	180	-156
Win	[200]	180	-147
Win	[170]	180	-126
Win	[180]	180	-147
Win	[160]	180	-114
Win	[170]	180	-141
Win	[190]	180	-132
Win	[220]	180	-171
Win	[160]	180	-120
Win	[160]	180	-114
Win	[180]	180	-126
Win	[160]	180	-126
Win	[170]	180	-126
Win	[160]	180	-132
Win	[160]	180	-132
Win	[170]	180	-156
Win	[160]	180	-120
Win	[190]	180	-147
Win	[180]	180	-132
Win	[190]	180	-135
Win	[160]	180	-138
Win	[190]	180	-141
Win	[170]	180	-138
Win	[190]	180	-141
Win	[180]	180	-132
Win	[160]	180	-114
Win	[160]	180	-120
Win	[200]	180	-165
Win	[160]	180	-132
Win	[150]	180	-114
Win	[200]	180	-153
Win	[170]	180	-126
Win	[160]	180	-138
Win	[160]	180	-126
Win	[180]	180	-135
Win	[160]	180	-126
Win	[190]	180	-144
Win	[190]	180	-177
Win	[190]	180	-138
Win	[170]	180	-132
Win	[190]	180	-132
Win	[190]	180	-147
Win	[160]	180	-120
Win	[160]	180	-120
Win	[170]	180	-120
Win	[160]	180	-114
Win	[170]	180	-114
Win	[180]	180	-132
Win	[160]	180	-120
Win	[210]	180	-159
Win	[170]	180	-132
Win	[200]	180	-165
Win	[180]	180	-141
Win	[160]	180	-120
Win	[160]	180	-132
Win	[180]	180	-159
Win	[180]	180	-132
Win	[190]	180	-135
Win	[160]	180	-126
Win	[170]	180	-132
Win	[190]	180	-132
Win	[160]	180	-120
Win	[210]	180	-153
Win	250.0	180	-177
Win	[150]	180	-135
Win	[240]	180	-177
Win	[160]	180	-120
Win	[160]	180	-114
Win	[160]	180	-114
Win	[150]	180	-114
Win	[170]	180	-126
Win	[190]	180	-144
Win	[160]	180	-120
Win	[180]	180	-132
Win	[160]	180	-114
Win	[160]	180	-138
Win	[160]	180	-114
Win	[220]	180	-153
Win	[160]	180	-144
Win	[160]	180	-120
Win	[160]	180	-126
Win	[190]	180	-132
Win	[220]	180	-159
Win	[170]	180	-114
Win	[160]	180	-135
Loss	[190]	165	-180
Win	[160]	180	-120
Win	[240]	180	-171
Win	[160]	180	-138
Win	[150]	180	-120
Win	[160]	180	-126
Win	[190]	180	-147
Win	[180]	180	-138
Win	[190]	180	-138
Win	[170]	180	-126
Win	[170]	180	-126
Win	[150]	180	-120
Win	[200]	180	-147
Win	[180]	180	-132
Win	[200]	180	-159
Win	[160]	180	-126
Win	[180]	180	-138
Win	[180]	180	-141
Win	[150]	180	-138
Win	[170]	180	-135
Win	[160]	180	-126
Win	[190]	180	-141
Win	[200]	180	-147
Win	[150]	180	-114
Win	[150]	180	-108
Win	[150]	180	-114
Win	[180]	180	-132
Win	[180]	180	-141
Win	[180]	180	-132
Win	[170]	180	-126
Win	[180]	180	-135
Win	[180]	180	-132
Win	[150]	180	-132
Win	[200]	180	-141
Win	[170]	180	-126
Win	[150]	180	-114
Win	[160]	180	-120
Win	[170]	180	-132
Win	[190]	180	-141
Win	[180]	180	-126
Win	[170]	180	-120
Win	[150]	180	-114
Win	[160]	180	-114
Win	[170]	180	-138
Win	[180]	180	-144
Win	[160]	180	-120
Win	[150]	180	-114
Win	[190]	180	-147
Win	[170]	180	-135
Win	[190]	180	-150
Win	[160]	180	-120
Win	[190]	180	-150
Win	[200]	180	-153
Win	[170]	180	-132
Win	[170]	180	-120
Win	[200]	180	-153
Win	[170]	180	-132
Win	[170]	180	-132
Win	[190]	180	-144
Win	[170]	180	-120
Win	[190]	180	-141
Loss	[180]	156	-180
Win	[170]	180	-120
Win	[180]	180	-144
Win	[170]	180	-135
Win	[180]	180	-126
Win	[170]	180	-126
Win	[170]	180	-114
Win	[170]	180	-126
Win	[160]	180	-126
Win	[210]	180	-153
Win	[170]	180	-132
Win	[180]	180	-141
Win	[170]	180	-126
Win	[160]	180	-114
Win	[160]	180	-120
Win	[190]	180	-141
Loss	[200]	153	-180
Win	[160]	180	-120
Win	[180]	180	-141
Win	[190]	180	-144
Win	[210]	180	-159
Win	[160]	180	-132
Win	[200]	180	-147
Win	[190]	180	-150
Win	[190]	180	-138
Win	[160]	180	-126
Win	[180]	180	-138
Win	[170]	180	-126
Win	[190]	180	-135
Win	[170]	180	-132
Win	[200]	180	-141
Win	[160]	180	-120
Win	[160]	180	-114
Win	[160]	180	-132
Win	[190]	180	-141
Win	[180]	180	-132
Win	[160]	180	-126
Win	[190]	180	-144
Win	[160]	180	-120
Win	[200]	180	-153
Win	[200]	180	-147
Win	[180]	180	-126
Win	[160]	180	-120
Win	[210]	180	-153
Win	[160]	180	-126
Win	[200]	180	-141
Win	[170]	180	-135
Win	[190]	180	-132
Win	[170]	180	-120
Win	[190]	180	-141
Win	[170]	180	-126
Win	[160]	180	-126
Win	[220]	180	-159
Win	[180]	180	-135
Loss	[240]	177	-180
Win	[240]	180	-171
Win	[170]	180	-138
Win	[190]	180	-138
Loss	[220]	177	-180
Win	[210]	180	-159
Win	[170]	180	-138
Loss	[210]	165	-180
Win	[190]	180	-132
Win	[210]	180	-147
Win	[200]	180	-141
Win	[160]	180	-126
Win	[170]	180	-126
Win	[210]	180	-159
Win	[190]	180	-150
Win	[190]	180	-150
Win	[170]	180	-144
Win	[160]	180	-126
Win	[160]	180	-114
Win	[160]	180	-114
Win	[220]	180	-153
Win	[190]	180	-141
Win	[190]	180	-150
Win	[160]	180	-114
Win	[220]	180	-159
Win	[200]	180	-147
Win	[160]	180	-135
Win	[170]	180	-126
Win	[180]	180	-150
Win	[200]	180	-147
Win	[240]	180	-177
Win	[160]	180	-114
Win	[170]	180	-132
Win	[200]	180	-141
Win	[190]	180	-135
Win	[200]	180	-153
Win	[160]	180	-120
Win	[190]	180	-138
Win	[180]	180	-135
Win	[200]	180	-153
Win	[210]	180	-159
Win	[160]	180	-132
Win	[180]	180	-150
Win	[180]	180	-141
Win	[190]	180	-141
Win	[170]	180	-132
Win	[210]	180	-153
Win	[160]	180	-120
Win	[170]	180	-132
Win	[160]	180	-114
Win	[180]	180	-132
Win	[200]	180	-159
Win	[200]	180	-147
Win	[180]	180	-132
Win	[190]	180	-150
Win	[230]	180	-171
Win	[210]	180	-159
Win	[160]	180	-120
Win	[160]	180	-120
Win	[180]	180	-132
Win	[190]	180	-138
Win	[220]	180	-159
Win	[190]	180	-138
Win	[160]	180	-120
Win	[170]	180	-150
Win	[180]	180	-132
Win	[170]	180	-126
Win	[160]	180	-114
Win	[170]	180	-126
Win	[150]	180	-114
Win	[160]	180	-126
Win	[170]	180	-138
Win	[160]	180	-114
Win	[160]	180	-114
Win	[180]	180	-135
Win	[150]	180	-114
Win	[170]	180	-132
Win	[160]	180	-126
Win	[190]	180	-156
Win	[200]	180	-147
Win	[180]	180	-135
Win	[160]	180	-126
Win	[160]	180	-126
Win	[180]	180	-132
Win	[190]	180	-150
Win	[200]	180	-153
Win	[150]	180	-132
Win	[200]	180	-147
Win	[160]	180	-114
Win	[150]	180	-114
Win	[170]	180	-114
Win	[170]	180	-135
Win	[160]	180	-126
Win	[200]	180	-144
Win	[190]	180	-141
Win	[190]	180	-141
Win	[150]	180	-114
Win	[180]	180	-135
Win	[160]	180	-114
Win	[200]	180	-174
Win	[170]	180	-132
Win	[180]	180	-132
Win	[170]	180	-132
Win	[180]	180	-132
Win	[170]	180	-135
Win	[180]	180	-135
Loss	[150]	135	-180
Win	[190]	180	-132
Win	[160]	180	-114
Win	[200]	180	-153
Win	[160]	180	-114
Win	[150]	180	-114
Win	[180]	180	-138
Win	[190]	180	-141
Win	[190]	180	-141
Win	[200]	180	-153
Win	[160]	180	-120
Win	[200]	180	-153
Win	[190]	180	-135
Win	[160]	180	-120
Win	[190]	180	-144
Win	[170]	180	-120
Win	[170]	180	-162
Win	[180]	180	-135
Win	[160]	180	-126
Win	[150]	180	-120
Win	250.0	135	-108
Win	[180]	180	-135
Win	[200]	180	-147
Win	[160]	180	-126
Win	[180]	180	-132
Loss	[220]	177	-180
Win	[190]	180	-144
Loss	[200]	159	-180
Win	[170]	180	-132
Win	[160]	180	-114
Win	[190]	180	-132
Win	[170]	180	-132
Win	[160]	180	-126
Win	[160]	180	-126
Win	[160]	180	-120
Win	[200]	180	-153
Win	[180]	180	-126
Win	[200]	180	-171
Win	[160]	180	-114
Loss	[220]	171	-180
Win	[160]	180	-132
Win	[190]	180	-156
Win	[200]	180	-147
Win	[160]	180	-141
Win	[190]	180	-138
Win	[220]	180	-165
Win	[210]	180	-153
Win	[190]	180	-126
Win	[150]	180	-120
Win	[200]	180	-147
Win	[170]	180	-120
Win	[170]	180	-132
Win	[180]	180	-141
Win	[200]	180	-147
Win	[190]	180	-147
Win	[160]	180	-114
Win	[150]	180	-126
Loss	[180]	114	-180
Win	[160]	180	-126
Win	[160]	180	-114
Win	[160]	180	-114
Win	[160]	180	-126
Win	[160]	180	-120
Win	[160]	180	-114
Win	[160]	180	-120
Win	[190]	180	-141
Win	[180]	180	-147
Win	[200]	180	-153
Win	[200]	180	-147
Win	[180]	180	-135
Win	[180]	180	-132
Win	[160]	180	-114
Win	[160]	180	-126
Win	[160]	180	-120
Win	[170]	180	-132
Win	[190]	180	-144
Win	[180]	180	-135
Win	[160]	180	-126
Win	[200]	180	-147
Win	[190]	180	-135
Win	[160]	180	-114
Win	[200]	180	-138
Win	[170]	180	-120
Win	[160]	180	-114
Win	[180]	180	-147
Win	[180]	180	-135
Win	[150]	180	-114
Win	[170]	180	-126
Loss	[180]	177	-180
Win	[160]	180	-120
Win	[190]	180	-147
Win	[160]	180	-114
Win	[180]	180	-141
Win	[200]	180	-144
Win	[200]	180	-150
Win	[160]	180	-120
Win	[200]	180	-150
Win	[200]	180	-147
Win	[170]	180	-132
Win	[160]	180	-114
Win	[190]	180	-138
Win	[170]	180	-141
Win	[170]	180	-114
Win	[180]	180	-135
Win	[170]	180	-138
Win	[160]	180	-114
Win	[190]	180	-141
Win	[170]	180	-132
Win	[160]	180	-126
Win	[190]	180	-141
Win	[200]	180	-147
Win	[190]	180	-135
Win	[160]	180	-126
Win	[160]	180	-126
Win	[190]	180	-147
Win	[180]	180	-141
Win	[170]	180	-132
Win	[150]	180	-114
Win	[190]	180	-147
Win	[160]	180	-114
Win	[160]	180	-147
Win	[160]	180	-114
Win	[150]	180	-114
Win	[200]	180	-153
Win	[240]	180	-177
Win	[180]	180	-132
Win	[160]	180	-114
Win	[200]	180	-159
Win	[190]	180	-153
Win	[160]	180	-132
Win	[180]	180	-126
Win	[160]	180	-126
Win	[170]	180	-126
Win	[150]	180	-120
Win	[160]	180	-114
Win	[150]	180	-120
Win	[160]	180	-132
Win	[170]	180	-126
Loss	[150]	132	-180
Win	[150]	180	-114
Win	[190]	180	-132
Win	[170]	180	-126
Win	[160]	180	-114
Win	[180]	180	-135
Win	[200]	180	-153
Win	[180]	180	-135
Win	[190]	180	-132
Win	[240]	180	-177
Win	[160]	180	-120
Win	[160]	180	-114
Win	[170]	180	-132
Win	[160]	180	-114
Win	[150]	180	-120
Win	[160]	180	-126
Win	[170]	180	-138
Win	[170]	180	-126
Win	[190]	180	-144
Win	[180]	180	-150
Win	[190]	180	-147
Win	[170]	180	-120
Win	[160]	180	-120
Win	[170]	180	-120
Loss	[220]	171	-180
Win	[210]	180	-153
Win	[160]	180	-114
Win	[160]	180	-120
Win	[170]	180	-144
Loss	[220]	177	-180
Win	[170]	180	-120
Win	[180]	180	-135
Win	[160]	180	-114
Win	[170]	180	-144
Win	[150]	180	-114
Win	[180]	180	-132
Win	[150]	180	-114
Win	[160]	180	-114
Win	250.0	177	-177
Win	[180]	180	-153
Win	[160]	180	-114
Win	[150]	180	-120
Win	[170]	180	-114
Win	[190]	180	-144
Win	[150]	180	-120
Win	[230]	180	-177
Win	[180]	180	-132
Win	[190]	180	-138
Win	[160]	180	-138
Win	[180]	180	-132
Win	[180]	180	-135
Win	[160]	180	-126
Win	[190]	180	-135
Win	[160]	180	-126
Win	[220]	180	-165
Win	[160]	180	-126
Win	[160]	180	-126
Win	[160]	180	-126
Win	[170]	180	-132
Win	[150]	180	-114
Win	[160]	180	-120
Win	[190]	180	-135
Win	[190]	180	-150
Win	[160]	180	-138
Win	[170]	180	-126
Win	[170]	180	-150
Win	[160]	180	-126
Loss	[170]	153	-180
Win	[190]	180	-138
Win	[150]	180	-114
Win	[190]	180	-135
Win	[170]	180	-132
Win	[170]	180	-114
Win	[160]	180	-144
Win	[150]	180	-126
Win	[160]	180	-114
Win	[180]	180	-132
Win	[160]	180	-114
Win	[180]	180	-135
Win	[190]	180	-147
Win	[160]	180	-126
Win	[170]	180	-144
Win	[160]	180	-120
Loss	[190]	153	-180
Loss	[180]	153	-180
Win	[160]	180	-114
Win	[150]	180	-120
Win	[190]	180	-141
Win	[190]	180	-141
Win	[150]	180	-114
Win	[170]	180	-138
Win	[210]	180	-159
Win	[160]	180	-114
Win	[190]	180	-141
Win	[190]	180	-147
Win	[180]	180	-132
Win	[190]	180	-141
Win	[190]	180	-147
Win	[160]	180	-120
Win	[160]	180	-114
Win	[180]	180	-132
Win	[200]	180	-159
Win	[210]	180	-153
Win	[170]	180	-132
Loss	[170]	138	-180
Win	[190]	180	-138
Loss	[170]	150	-180
Win	[190]	180	-141
Win	[150]	180	-114
Win	[160]	180	-132
Win	[160]	180	-120
Win	[170]	180	-126
Win	[170]	180	-144
Win	[190]	180	-132
Win	[150]	180	-132
Win	[170]	180	-138
Win	[160]	180	-120
Win	[160]	180	-114
Win	[170]	180	-150
Win	[180]	180	-141
Win	[180]	180	-132
Win	[170]	180	-144
Win	[170]	180	-150
Win	[220]	180	-159
Win	[190]	180	-138
Win	[170]	180	-138
Win	[160]	180	-120
Win	[180]	180	-132
Win	[180]	180	-141
Win	[150]	180	-108
Win	[170]	180	-126
Win	[220]	180	-171
Win	[160]	180	-138
Win	[190]	180	-132
Win	[150]	180	-114
Win	[160]	180	-126
Win	[160]	180	-114
Win	[170]	180	-144
Win	[170]	180	-126
Win	[200]	180	-141
Win	[170]	180	-132
Win	[190]	180	-150
Win	[140]	180	-126
Win	[150]	180	-120
Win	[150]	180	-114
Win	[170]	180	-132
Win	[160]	180	-114
Win	[160]	180	-114
Win	[170]	180	-132
Win	[200]	180	-126
Win	[160]	180	-126
Win	[180]	180	-132
Win	[160]	180	-126
Win	[210]	180	-159
Win	[170]	180	-132
Win	[170]	180	-114
Win	[160]	180	-120
Win	[190]	180	-141
Win	[190]	180	-141
Win	[200]	180	-144
Loss	[240]	177	-180
Win	[210]	180	-153
Win	[200]	180	-147
Win	[160]	180	-126
Win	[190]	180	-135
Win	[200]	180	-147
Win	[180]	180	-132
Win	[160]	180	-114
Win	[160]	180	-135
Win	[180]	180	-132
Win	[190]	180	-144
Win	[160]	180	-114
Win	[160]	180	-126
Win	[170]	180	-126
Win	[160]	180	-120
Win	[180]	180	-132
Win	[180]	180	-132
Win	[190]	180	-141
Win	[150]	180	-132
Win	[170]	180	-132
Win	[160]	180	-114
Win	[160]	180	-120
Win	[170]	180	-138
Win	[170]	180	-144
Win	[180]	180	-138
Win	[180]	180	-132
Win	[160]	180	-138
Win	[180]	180	-132
Win	[160]	180	-114
Win	[160]	180	-114
Win	[170]	180	-126
Win	[160]	180	-114
Win	[160]	180	-126
Win	[170]	180	-120
Win	[170]	180	-135
Win	[180]	180	-150
Win	[180]	180	-132
Win	[160]	180	-114
Win	[180]	180	-144
Win	[150]	180	-114
Win	[150]	180	-126
Loss	[220]	177	-180
Win	[150]	180	-114
Win	[180]	180	-132
Win	[150]	180	-132
Win	[150]	180	-120
Win	[180]	180	-135
Win	[160]	180	-144
Win	[160]	180	-126
Win	[160]	180	-114
Win	[170]	180	-135
Win	[170]	180	-138
Win	[180]	180	-132
Win	[160]	180	-120
Loss	[240]	177	-180
Win	[170]	180	-138
Win	[190]	180	-138
Win	[180]	180	-141
Win	[150]	180	-120
Win	[160]	180	-114
Win	[200]	180	-147
Win	[170]	180	-126
Win	[170]	180	-114
Win	[170]	180	-126
Win	[180]	180	-141
Win	[180]	180	-132
Win	[150]	180	-114
Win	[160]	180	-126
Win	[140]	180	-120
Win	[160]	180	-114
Win	[160]	180	-126
Win	[180]	180	-132
Win	[160]	180	-132
Win	[170]	180	-135
Win	[200]	180	-153
Win	[180]	180	-120
Win	[210]	180	-159
Win	[160]	180	-132
Win	[180]	180	-126
Win	[170]	180	-132
Win	[190]	180	-144
Win	[190]	180	-150
Win	[150]	180	-114
Win	[150]	180	-120
Win	[210]	180	-153
Loss	[220]	171	-180
Win	[160]	180	-120
Win	[170]	180	-132
Win	[190]	180	-135
Win	[190]	180	-141
Win	[160]	180	-120
Win	[160]	180	-120
Win	[160]	180	-132
Win	[180]	180	-138
Win	[190]	180	-147
Win	[230]	180	-171
Win	[150]	180	-135
Win	[160]	180	-135
Win	[150]	180	-114
Win	[200]	180	-168
Win	[160]	180	-126
Win	[170]	180	-126
Win	[210]	180	-147
Win	[160]	180	-138
Win	[160]	180	-120
Win	[170]	180	-135
Win	[180]	180	-132
Win	[160]	180	-120
Win	[160]	180	-132
Win	[180]	180	-138
Win	[190]	180	-147
Win	[150]	180	-120
Win	[150]	180	-114
Win	[210]	180	-153
Win	[160]	180	-126
Win	[190]	180	-138
Win	[180]	180	-132
Win	[190]	180	-138
Win	[150]	180	-120
Win	[140]	180	-126
Win	[170]	180	-150
Win	[190]	180	-150
Win	[160]	180	-126
Win	[180]	180	-132
Win	[160]	180	-126
Win	[180]	180	-162
Win	[180]	180	-147
Win	[170]	180	-156
Win	[200]	180	-165
Win	[160]	180	-126
Win	[160]	180	-120
Win	[220]	180	-165
Win	[190]	180	-147
Win	[190]	180	-141
Win	[160]	180	-132
Win	[200]	180	-147
Win	[190]	180	-141
Win	[180]	180	-132
Win	[140]	180	-120
Win	[160]	180	-120
Win	[150]	180	-114
Win	[170]	180	-132
Win	[180]	180	-132
Loss	[210]	153	-180
Win	[230]	180	-171
Win	[150]	180	-108
Win	[160]	180	-126
Win	[200]	180	-159
Win	[170]	180	-126
Win	[170]	180	-141
Win	[180]	180	-135
Win	[160]	180	-120
Win	[150]	180	-120
Win	[240]	180	-177
Win	[160]	180	-114
Win	[190]	180	-141
Win	[190]	180	-141
Win	[170]	180	-132
Win	[220]	180	-165
Win	[160]	180	-114
Win	[190]	180	-153
Win	[160]	180	-126
Win	[170]	180	-132
Win	[160]	180	-114
Win	[150]	180	-114
Win	[160]	180	-132
Win	[160]	180	-126
Win	[160]	180	-114
Win	[200]	180	-159
Win	[210]	180	-165
Win	[190]	180	-147
Win	[190]	180	-150
Win	[160]	180	-126
Win	[180]	180	-141
Win	[190]	180	-132
Win	[170]	180	-126
Win	[190]	180	-147
Win	[180]	180	-138
Win	[200]	180	-147
Win	[190]	180	-141
Win	[180]	180	-132
Win	[160]	180	-114
Win	[160]	180	-132
Win	[150]	180	-138
Win	[160]	180	-120
Win	[180]	180	-132
Win	[210]	180	-159
Win	[160]	180	-126
Win	[160]	180	-132
Win	[160]	180	-126
Win	[170]	180	-126
Win	[180]	180	-132
Win	[200]	180	-159
Win	[200]	180	-147
Win	[230]	180	-159
Win	[200]	180	-147
Win	250.0	180	-177
Win	[150]	180	-132
Win	[190]	180	-147
Win	[190]	180	-141
Win	[170]	180	-126
Win	[190]	180	-147
Win	[140]	180	-132
Win	[160]	180	-114
Win	[180]	180	-120
Win	[170]	180	-132
Win	[200]	180	-147
Win	[180]	180	-144
Win	[150]	180	-144
Win	[170]	180	-138
Loss	[180]	156	-180
Win	[190]	180	-147
Win	[150]	180	-114
Win	[220]	180	-165
Win	[160]	180	-114
Win	[170]	180	-126
Win	[170]	180	-132
Win	[180]	180	-132
Win	[150]	180	-114
Win	[180]	180	-135
Win	[180]	180	-150
Win	[160]	180	-138
Win	[170]	180	-120
Win	[160]	180	-120
Win	[180]	180	-141
Win	[170]	180	-135
Win	[190]	180	-156
Win	[170]	180	-126
Win	[170]	180	-150
Win	[190]	180	-147
Win	[160]	180	-114
Win	[230]	180	-171
Win	[170]	180	-132
Win	[190]	180	-132
Win	[190]	180	-141
Win	[150]	180	-126
Win	[160]	180	-108
Win	[160]	180	-132
Win	[160]	180	-138
Win	[160]	180	-114
Loss	[240]	177	-180
Win	[180]	180	-135
Win	[160]	180	-126
Win	[180]	180	-156
Win	[180]	180	-153
Win	[190]	180	-150
Win	[150]	180	-108
Win	[160]	180	-126
Win	[190]	180	-147
Win	[190]	180	-153
Win	[170]	180	-132
Win	[180]	180	-135
Win	[180]	180	-132
Win	[170]	180	-126
Win	[170]	180	-120
Win	[160]	180	-114
Win	[170]	180	-120
Win	[190]	180	-138
Win	[150]	180	-120
Win	[170]	180	-126
Win	[200]	180	-159
Win	[210]	180	-165
Win	[140]	180	-114
Win	[220]	180	-165
Win	[150]	180	-114
Win	[180]	180	-126
Win	[170]	180	-126
Win	[180]	180	-153
Win	[150]	180	-114
Win	[160]	180	-120
Win	[160]	180	-114
Win	[150]	180	-114
Win	[170]	180	-120
Win	[160]	180	-114
Win	[200]	180	-159
Win	[170]	180	-132
Win	[140]	180	-138
Win	[150]	180	-138
Win	[160]	180	-126
Win	[160]	180	-114
Win	[160]	180	-132
Win	[210]	180	-165
Win	[170]	180	-135
Win	[200]	180	-147
Win	[150]	180	-114
Win	[170]	180	-114
Win	[170]	180	-126
Win	[150]	180	-114
Win	[200]	180	-147
Win	[190]	180	-144
Win	[190]	180	-141
Win	[190]	180	-144
Win	[150]	180	-114
Win	[190]	180	-141
Win	[190]	180	-144
Win	[200]	180	-147
Win	[140]	180	-114
Win	[160]	180	-150
Win	[150]	180	-120
Win	[180]	180	-132
Win	[160]	180	-120
Win	[200]	180	-147
Win	[170]	180	-132
Win	[150]	180	-114
Win	[170]	180	-120
Win	[220]	180	-159
Win	[180]	180	-132
Win	[170]	180	-126
Loss	[150]	132	-180
Win	[150]	180	-114
Win	[160]	180	-114
Win	[160]	180	-126
Win	[200]	180	-147
Win	[180]	180	-132
Win	[170]	180	-126
Win	[180]	180	-135
Win	[160]	180	-126
Win	[160]	180	-126
Win	[160]	180	-114
Win	[170]	180	-132
Win	[170]	180	-144
Win	[170]	180	-132
Win	[180]	180	-144
Win	[160]	180	-114
Win	[180]	180	-141
Win	[160]	180	-144
Win	[180]	180	-126
Win	[150]	180	-114
Win	[160]	180	-126
Win	[180]	180	-138
Win	[170]	180	-126
Win	[200]	180	-174
Win	[160]	180	-114
Win	[160]	180	-144
Win	[200]	180	-147
Win	[180]	180	-135
Win	[160]	180	-126
Win	[190]	180	-138
Win	[200]	180	-147
Win	[190]	180	-141
Win	[150]	180	-114
Win	[200]	180	-147
Win	[170]	180	-132
Win	[170]	180	-132
Win	[160]	180	-114
Win	[160]	180	-120
Win	[160]	180	-114
Win	[160]	180	-114
Win	[200]	180	-147
Win	[160]	180	-114
Win	[200]	180	-147
Win	[150]	180	-120
Win	[150]	180	-114
Win	[210]	180	-165
Win	[180]	180	-126
Loss	[230]	177	-180
Win	[160]	180	-114
Win	[190]	180	-156
Win	[170]	180	-156
Win	[170]	180	-120
Win	[160]	180	-120
Win	[150]	180	-114
Win	[160]	180	-132
Win	[190]	180	-150
Win	[170]	180	-126
Win	[180]	180	-135
Win	[160]	180	-120
Win	[220]	180	-159
Loss	[220]	177	-180
Win	[190]	180	-141
Win	[190]	180	-141
Win	[190]	180	-153
Win	[160]	180	-120
Win	[210]	180	-165
Win	[190]	180	-162
Win	[160]	180	-120
Win	[150]	180	-114
Win	[170]	180	-126
Win	[180]	180	-135
Win	[200]	180	-141
Win	[210]	180	-171
Win	[190]	180	-141
Win	[170]	180	-126
Win	[160]	180	-126
Win	[170]	180	-114
Win	[190]	180	-147
Win	[200]	180	-144
Win	[160]	180	-120
Win	[160]	180	-120
Win	[180]	180	-132
Win	[190]	180	-141
Win	[150]	180	-114
Win	[160]	180	-126
Win	[160]	180	-114
Win	[180]	180	-141
Win	[180]	180	-138
Win	[160]	180	-126
Win	[170]	180	-132
Win	[220]	180	-159
Win	[150]	180	-135
Win	[170]	180	-141
Win	[190]	180	-150
Win	[150]	180	-126
Win	[160]	180	-144
Win	[200]	180	-153
Win	[180]	180	-165
Win	[160]	180	-138
Win	[190]	180	-159
Win	[180]	180	-153
Win	[180]	180	-150
Loss	[190]	165	-180
Win	[160]	180	-132
Win	[170]	180	-141
Win	[160]	180	-138
Win	[170]	180	-132
Win	[170]	180	-168
Win	[180]	180	-147
Win	[170]	180	-150
Win	[160]	180	-132
Win	[190]	180	-165
Win	[170]	180	-150
Win	[160]	180	-132
Win	[170]	180	-147
Loss	[190]	147	-180
Win	[160]	180	-135
Win	[200]	180	-159
Loss	[200]	171	-180
Win	[190]	180	-162
Win	[160]	180	-144
Win	[220]	180	-159
Win	[200]	180	-141
Win	[230]	180	-171
Win	[170]	180	-153
Win	[190]	180	-135
Win	[180]	180	-144
Win	[160]	180	-135
Win	[170]	180	-150
Win	[170]	180	-126
Win	[150]	180	-132
Win	[200]	180	-159
Win	[160]	180	-120
Win	[220]	180	-177
Win	[150]	180	-144
Win	[190]	180	-147
Win	[160]	180	-126
Win	[180]	180	-141
Loss	[180]	177	-180
Win	[190]	180	-162
Win	[180]	180	-141
Win	[180]	180	-159
Win	[200]	180	-153
Win	[150]	180	-138
Win	[210]	180	-171
Win	[170]	180	-162
Win	[160]	180	-126
Win	[170]	180	-126
Win	[170]	180	-132
Win	[150]	180	-126
Win	[180]	180	-141
Win	[150]	180	-132
Win	[180]	180	-126
Win	[170]	180	-135
Win	[200]	180	-165
Win	[150]	180	-132
Win	[170]	180	-138
Win	[160]	180	-132
Win	[160]	180	-138
Win	[160]	180	-138
Win	[180]	180	-156
Win	[200]	180	-153
Win	250.0	147	-135
Win	[180]	180	-141
Win	[180]	180	-141
Win	[160]	180	-141
Loss	[200]	177	-180
Win	[200]	180	-159
Win	[180]	180	-135
Win	[170]	180	-150
Win	[180]	180	-159
Win	[160]	180	-126
Win	[210]	180	-159
Win	[180]	180	-168
Win	[170]	180	-126
Win	[160]	180	-132
Win	[190]	180	-141
Win	[190]	180	-153
Win	[170]	180	-156
Win	[200]	180	-153
Loss	[170]	126	-180
Win	[150]	180	-120
Win	[170]	180	-132
Win	[150]	180	-114
Win	[160]	180	-114
Win	[160]	180	-120
Win	[200]	180	-147
Win	[170]	180	-132
Win	[170]	180	-150
Win	[170]	180	-144
Loss	[170]	150	-180
Win	[150]	180	-114
Win	[160]	180	-126
Win	[170]	180	-120
Win	[150]	180	-114
Win	[200]	180	-147
Win	[160]	180	-114
Loss	[170]	126	-180
Win	[160]	180	-144
Win	[170]	180	-132
Win	[180]	180	-135
Loss	[170]	138	-180
Win	[180]	180	-132
Win	[170]	180	-138
Win	[200]	180	-147
Win	[160]	180	-126
Win	[150]	180	-114
Win	[180]	180	-132
Win	[220]	180	-159
Win	[170]	180	-126
Win	[160]	180	-135
Win	[160]	180	-114
Win	[170]	180	-114
Win	[200]	180	-141
Win	[180]	180	-135
Win	[160]	180	-126
Win	[160]	180	-126
Win	[150]	180	-114
Win	[200]	180	-147
Win	[200]	180	-147
Win	[160]	180	-120
Win	[200]	180	-147
Win	[170]	180	-126
Win	[160]	180	-126
Win	[160]	180	-114
Win	[190]	180	-135
Win	[160]	180	-132
Win	[150]	180	-114
Win	[160]	180	-132
Win	[180]	180	-135
Win	[170]	180	-126
Win	[170]	180	-138
Win	[170]	180	-132
Win	[170]	180	-132
Win	[150]	180	-114
Win	[160]	180	-126
Win	[240]	180	-171
Win	[160]	180	-126
Win	[170]	180	-138
Win	[160]	180	-126
Win	[160]	180	-120
Win	[200]	180	-153
Win	[210]	180	-159
Win	[150]	180	-120
Win	[190]	180	-141
Win	[150]	180	-114
Win	[160]	180	-120
Win	[160]	180	-126
Win	[180]	180	-138
Win	[170]	180	-126
Loss	[200]	159	-180
Win	[190]	180	-147
Win	[160]	180	-114
Win	[170]	180	-114
Win	[160]	180	-135
Win	[170]	180	-132
Win	[160]	180	-126
Win	[190]	180	-147
Win	[180]	180	-144
Win	[170]	180	-120
Win	[150]	180	-120
Win	[190]	180	-147
Win	[170]	180	-126
Win	[170]	180	-120
Win	[200]	180	-147
Win	[170]	180	-138
Win	[170]	180	-126
Win	[190]	180	-153
Win	[160]	180	-114
Win	[160]	180	-114
Win	[170]	180	-120
Win	[150]	180	-114
Win	[160]	180	-120
Win	[160]	180	-120
Win	[200]	180	-147
Win	[200]	180	-159
Win	[160]	180	-114
Win	[170]	180	-135
Win	[170]	180	-132
Win	[170]	180	-132
Win	[170]	180	-132
Loss	[230]	177	-180
Win	[150]	180	-114
Win	[150]	180	-114
Loss	[240]	177	-180
Win	[170]	180	-141
Win	[180]	180	-138
Win	[160]	180	-114
Win	[150]	180	-114
Win	[160]	180	-120
Win	[190]	180	-141
Win	[200]	180	-147
Win	[170]	180	-120
Win	[170]	180	-132
Win	[160]	180	-126
Loss	[170]	162	-180
Win	[160]	180	-114
Win	[230]	180	-171
Win	[160]	180	-138
Win	[170]	180	-138
Win	250.0	135	-108
Win	[190]	180	-141
Win	[170]	180	-132
Win	[190]	180	-147
Win	[190]	180	-141
Win	[160]	180	-114
Win	[220]	180	-159
Win	[170]	180	-132
Win	[150]	180	-114
Win	[160]	180	-138
Loss	[210]	171	-180
Win	[210]	180	-159
Win	[200]	180	-153
Win	[180]	180	-132
Win	[200]	180	-165
Win	[170]	180	-138
Win	[160]	180	-126
Win	[160]	180	-120
Win	[160]	180	-132
Win	[160]	180	-114
Win	[180]	180	-135
Win	[160]	180	-132
Win	[210]	180	-153
Win	[160]	180	-120
Win	[160]	180	-114
Win	[210]	180	-153
Win	[160]	180	-126
Win	[170]	180	-114
Win	[160]	180	-126
Win	[190]	180	-141
Win	[150]	180	-108
Win	[180]	180	-150
Loss	[170]	153	-180
Win	[220]	180	-153
Win	[150]	180	-120
Win	[190]	180	-147
Win	[150]	180	-120
Win	[170]	180	-120
Win	[220]	180	-159
Win	[160]	180	-120
Win	[150]	180	-120
Win	[190]	180	-141
Win	[170]	180	-126
Win	[160]	180	-126
Win	[200]	180	-153
Win	[150]	180	-114
Win	[170]	180	-138
Win	[190]	180	-147
Win	[160]	180	-138
Win	[180]	180	-135
Win	[170]	180	-126
Win	[190]	180	-147
Win	[190]	180	-147
Win	[170]	180	-120
Win	[180]	180	-135
Win	[170]	180	-114
Win	[160]	180	-132
Win	[160]	180	-114
Win	[170]	180	-138
Win	[160]	180	-126
Win	[170]	180	-126
Win	[170]	180	-126
Win	[180]	180	-132
Win	[170]	180	-132
Win	[200]	180	-153
Win	[170]	180	-126
Win	[160]	180	-120
Win	[160]	180	-132
Win	[160]	180	-114
Win	[160]	180	-132
Win	[180]	180	-135
Win	[170]	180	-126
Win	[160]	180	-126
Win	[170]	180	-126
Win	[170]	180	-132
Win	[160]	180	-126
Win	[160]	180	-126
Win	[160]	180	-114
Win	[160]	180	-126
Win	[200]	180	-159
Win	[160]	180	-126
Win	[190]	180	-147
Win	[150]	180	-120
Win	[150]	180	-108
Win	[170]	180	-132
Win	[190]	180	-141
Win	[210]	180	-153
Win	[150]	180	-126
Win	[170]	180	-132
Win	[180]	180	-132
Win	[180]	180	-132
Win	[180]	180	-135
Win	[160]	180	-114
Win	[150]	180	-114
Win	[170]	180	-144
Win	[180]	180	-132
Win	[190]	180	-141
Win	[160]	180	-135
Win	[180]	180	-132
Win	[160]	180	-126
Win	[180]	180	-150
Win	[180]	180	-135
Win	[160]	180	-120
Win	[210]	180	-153
Win	[170]	180	-132
Win	[170]	180	-126
Win	[170]	180	-126
Win	[170]	180	-138
Win	[180]	180	-144
Win	[180]	180	-135
Win	[160]	180	-126
Win	[160]	180	-126
Win	[220]	180	-153
Win	[160]	180	-114
Win	[160]	180	-120
Win	[150]	180	-120
Win	[170]	180	-120
Win	[170]	180	-126
Win	[170]	180	-126
Win	[200]	180	-147
Win	[150]	180	-132
Win	[170]	180	-126
Win	[160]	180	-138
Win	[160]	180	-126
Win	[160]	180	-126
Win	[160]	180	-126
Win	[160]	180	-138
Win	[200]	180	-147
Win	[170]	180	-138
Win	[180]	180	-135
Win	[190]	180	-132
Win	[160]	180	-132
Win	[170]	180	-132
Win	[150]	180	-108
Win	[150]	180	-114
Win	[200]	180	-147
Win	[170]	180	-132
Win	[170]	180	-120
Win	[160]	180	-114
Win	[170]	180	-126
Win	[160]	180	-120
Win	[210]	180	-153
Win	[160]	180	-126
Win	[160]	180	-126
Win	[170]	180	-132
Win	[230]	180	-171
Win	[160]	180	-120
Win	[160]	180	-120
Win	[170]	180	-132
Win	[190]	180	-141
Win	[170]	180	-132
Win	[160]	180	-114
Win	[160]	180	-126
Win	[160]	180	-114
Win	[170]	180	-120
Win	[180]	180	-147
Win	[160]	180	-120
Win	[170]	180	-126
Win	[230]	180	-171
Win	[170]	180	-126
Win	[170]	180	-132
Win	[150]	180	-120
Win	[170]	180	-114
Win	[160]	180	-120
Win	[170]	180	-132
Win	[150]	180	-114
Win	[170]	180	-138
Win	[160]	180	-114
Win	[170]	180	-126
Win	[160]	180	-120
Win	[190]	180	-141
Win	[160]	180	-120
Win	[160]	180	-120
Win	[170]	180	-126
Win	[170]	180	-132
Win	[150]	180	-114
Win	[180]	180	-144
Win	[200]	180	-147
Win	[160]	180	-120
Win	[160]	180	-120
Win	[160]	180	-114
Win	[150]	180	-114
Win	[200]	180	-159
Win	[170]	180	-114
Win	[170]	180	-126
Win	[190]	180	-135
Win	[170]	180	-126
Win	[170]	180	-126
Win	[160]	180	-120
Win	[160]	180	-126
Win	[190]	180	-132
Win	[190]	180	-135
Win	[200]	180	-147
Win	[170]	180	-132
Win	[170]	180	-120
Loss	[210]	165	-180
Win	[170]	180	-132
Win	[140]	180	-114
Win	[150]	180	-114
Win	[150]	180	-114
Win	[170]	180	-132
Win	[160]	180	-114
Win	[170]	180	-126
Win	[190]	180	-135
Win	[160]	180	-126
Win	[200]	180	-141
Win	[190]	180	-159
Win	[160]	180	-126
Win	[170]	180	-132
Win	[150]	180	-114
Win	[230]	180	-177
Win	[180]	180	-138
Win	[160]	180	-120
Win	[150]	180	-114
Win	[160]	180	-114
Win	[160]	180	-126
Win	[170]	180	-132
Win	[160]	180	-114
Win	[170]	180	-126
Win	[150]	180	-114
Win	250.0	147	-135
Win	[160]	180	-114
Win	[180]	180	-135
Win	[170]	180	-144
Win	[170]	180	-132
Win	[160]	180	-120
Win	[170]	180	-132
Win	[160]	180	-120
Win	[180]	180	-147
Win	[200]	180	-147
Win	[190]	180	-147
Win	[160]	180	-126
Win	[200]	180	-153
Win	[170]	180	-126
Win	[170]	180	-132
Win	[160]	180	-120
Win	[160]	180	-120
Win	[170]	180	-132
Win	[150]	180	-114
Win	[160]	180	-114
Win	[210]	180	-171
Win	[170]	180	-132
Win	[180]	180	-141
Win	[160]	180	-114
Loss	[240]	177	-180
Win	[160]	180	-132
Win	[220]	180	-165
Win	[240]	180	-177
Win	[190]	180	-141
Win	[160]	180	-114
Win	[170]	180	-126
Win	[210]	180	-153
Win	[160]	180	-132
Win	[190]	180	-147
Win	[150]	180	-120
Win	[180]	180	-144
Win	[150]	180	-114
Loss	[150]	132	-180
Win	[150]	180	-114
Win	[200]	180	-147
Win	[170]	180	-132
Win	[200]	180	-147
Win	[150]	180	-114
Win	[160]	180	-126
Win	[170]	180	-138
Win	[190]	180	-141
Win	[170]	180	-126
Win	[200]	180	-153
Win	[170]	180	-126
Win	[190]	180	-141
Win	[170]	180	-126
Win	[170]	180	-114
Win	[200]	180	-153
Win	[170]	180	-126
Win	[160]	180	-120
Win	[190]	180	-147
Win	[180]	180	-132
Win	[180]	180	-132
Win	[190]	180	-135
Win	[170]	180	-126
Win	[160]	180	-135
Win	[200]	180	-147
Win	[160]	180	-132
Win	[170]	180	-120
Win	[190]	180	-141
Win	[220]	180	-153
Win	[150]	180	-114
Win	[180]	180	-135
Win	[180]	180	-135
Win	[160]	180	-126
Win	[170]	180	-126
Win	[170]	180	-132
Win	[150]	180	-114
Win	[240]	180	-177
Win	[170]	180	-141
Win	[170]	180	-132
Win	[160]	180	-120
Win	[190]	180	-147
Win	[170]	180	-132
Win	[160]	180	-126
Win	[180]	180	-132
Win	[170]	180	-126
Win	[160]	180	-126
Win	[240]	180	-165
Win	[160]	180	-120
Win	[200]	180	-153
Win	[150]	180	-114
Win	[210]	180	-153
Win	[180]	180	-141
Win	[170]	180	-138
Win	[150]	180	-114
Win	[200]	180	-147
Win	[150]	180	-114
Win	[160]	180	-126
Win	[210]	180	-159
Win	[160]	180	-114
Win	250.0	153	-135
Win	[160]	180	-126
Win	[170]	180	-141
Win	[150]	180	-135
Win	[170]	180	-132
Win	[190]	180	-147
Win	[160]	180	-120
Win	[200]	180	-153
Win	[200]	180	-147
Win	[160]	180	-114
Win	[180]	180	-132
Win	[170]	180	-132
Win	[170]	180	-150
Win	[180]	180	-135
Win	[160]	180	-114
Win	[170]	180	-126
Win	[160]	180	-114
Win	[170]	180	-126
Win	[160]	180	-126
Win	[160]	180	-126
Win	[160]	180	-126
Win	[180]	180	-156
Win	[150]	180	-132
Win	[150]	180	-120
Win	[170]	180	-126
Win	[170]	180	-138
Win	[150]	180	-114
Win	[160]	180	-126
Win	[180]	180	-132
Win	[180]	180	-135
Win	[200]	180	-147
Win	[170]	180	-132
Win	[160]	180	-120
Win	[160]	180	-114
Win	[160]	180	-120
Win	[170]	180	-138
Win	[160]	180	-120
Win	[180]	180	-135
Win	[170]	180	-126
Win	[190]	180	-147
Win	[160]	180	-126
Win	[170]	180	-126
Win	[160]	180	-114
Win	[170]	180	-132
Win	[160]	180	-126
Win	[170]	180	-132
Win	[140]	180	-126
Win	[170]	180	-120
Loss	[140]	117	-180
Win	[220]	180	-159
Win	[140]	180	-120
Win	[200]	180	-153
Win	[180]	180	-135
Win	[180]	180	-144
Win	[150]	180	-114
Win	[160]	180	-126
Win	[170]	180	-126
Win	[170]	180	-126
Win	250.0	147	-135
Win	[180]	180	-141
Win	[150]	180	-126
Win	[150]	180	-114
Loss	[230]	171	-180
Win	[170]	180	-132
Win	[190]	180	-135
Win	[180]	180	-132
Win	[230]	180	-177
Win	[160]	180	-141
Win	[160]	180	-114
Win	[170]	180	-120
Win	[170]	180	-132
Win	[160]	180	-126
Win	[160]	180	-126
Win	[180]	180	-132
Win	[210]	180	-165
Win	[180]	180	-132
Win	[200]	180	-147
Win	[150]	180	-114
Win	[160]	180	-120
Win	[160]	180	-114
Win	[170]	180	-138
Win	[160]	180	-114
Win	[160]	180	-132
Win	[180]	180	-132
Loss	[160]	144	-180
Win	[190]	180	-135
Loss	[200]	159	-180
Win	[190]	180	-141
Win	[190]	180	-147
Win	[180]	180	-132
Win	[160]	180	-120
Win	[170]	180	-120
Win	[160]	180	-126
Win	[160]	180	-126
Win	[160]	180	-120
Win	[170]	180	-132
Win	[200]	180	-141
Win	[200]	180	-147
Win	[220]	180	-159
Win	[160]	180	-126
Win	[220]	180	-153
Win	[200]	180	-147
Win	[170]	180	-126
Win	[170]	180	-126
Win	[170]	180	-132
Win	[170]	180	-126
Win	[190]	180	-141
Win	[160]	180	-114
Win	[160]	180	-126
Win	250.0	180	-177
Win	[190]	180	-141
Win	[150]	180	-120
Win	[160]	180	-126
Win	[170]	180	-135
Win	[190]	180	-141
Win	[180]	180	-144
Win	[180]	180	-144
Win	[160]	180	-114
Win	[170]	180	-126
Win	[160]	180	-120
Win	[170]	180	-126
Win	[170]	180	-132
Win	[170]	180	-132
Win	[160]	180	-126
Win	[150]	180	-120
Win	[180]	180	-132
Win	[230]	180	-171
Win	[230]	180	-165
Win	[190]	180	-141
Win	[160]	180	-114
Win	[160]	180	-126
Win	[180]	180	-135
Win	[160]	180	-114
Win	[150]	180	-108
Win	[160]	180	-120
Win	[180]	180	-132
Win	[160]	180	-126
Win	[190]	180	-147
Win	[160]	180	-120
Win	[170]	180	-132
Win	[160]	180	-120
Win	[180]	180	-141
Win	[170]	180	-138
Win	[160]	180	-114
Win	[190]	180	-141
Win	[180]	180	-141
Win	[180]	180	-132
Win	[200]	180	-147
Win	[160]	180	-114
Win	[150]	180	-108
Win	[160]	180	-114
Win	[190]	180	-141
Win	[170]	180	-120
Win	[170]	180	-126
Win	[160]	180	-138
Win	[160]	180	-138
Win	[150]	180	-114
Win	[160]	180	-126
Win	[150]	180	-120
Win	[170]	180	-132
Win	[160]	180	-126
