(1, 1)	0	0.0
(1, 2)	1	-0.375
(1, 3)	2	3.0
(2, 1)	3	-3.0
(2, 2)	4	3.0
(2, 3)	5	-6
(3, 1)	6	3.0
(4, 1)	7	11.109375
(4, 2)	8	-3.0
(4, 3)	9	-6
(5, 1)	10	5.8125
(5, 2)	11	-9
(6, 1)	12	-18
(1, 4)	13	0.0
(1, 5)	14	0.375
(7, 1)	15	-4.5
(2, 4)	16	-9.0
(2, 5)	17	-10.5
(2, 6)	18	-18
(3, 2)	19	-27
(3, 3)	20	-27
(8, 1)	21	-37.125
(9, 1)	22	-39.0
(1, 6)	23	0.0
(1, 7)	24	12
(1, 8)	25	3.0
(7, 2)	26	3.0
(2, 7)	27	0.0
(2, 8)	28	-3.0
(2, 9)	29	0
(10, 1)	30	-12.0
(11, 1)	31	-12.486328125
(11, 2)	32	-6.0
(12, 1)	33	5.961906983808149
(12, 2)	34	0.0
(13, 1)	35	3.0
(14, 1)	36	3.0
(14, 2)	37	3
(14, 3)	38	-6.0
(14, 4)	39	-3
(2, 10)	40	-18.0
(4, 4)	41	-12
(5, 3)	42	-8.337890625
(12, 3)	43	-4.6318359375
(15, 1)	44	-7.125
(1, 9)	45	0
(1, 10)	46	3.0
(2, 11)	47	-9.0
(2, 12)	48	-6
(3, 4)	49	-13.5
(8, 2)	50	-18.0
(8, 3)	51	-24
(1, 11)	52	-25.5
(7, 3)	53	-18.0
(7, 4)	54	-15
(2, 13)	55	-22.5
(3, 5)	56	-32.25
(3, 6)	57	-39
(4, 5)	58	-45.0
(4, 6)	59	-42
(5, 4)	60	-51.890625
(6, 2)	61	-48
(1, 12)	62	-18.0
(1, 13)	63	-21.0
(1, 14)	64	0
(7, 5)	65	-18.0
(2, 14)	66	-21.0
(3, 7)	67	-42.0
(3, 8)	68	-39
(3, 9)	69	-45
(3, 10)	70	-51
(8, 4)	71	-48.0
(5, 5)	72	-62.25
(5, 6)	73	-64.5
(6, 3)	74	-56.25
(7, 6)	75	-21
(3, 11)	76	-18.0
(3, 12)	77	-21.0
(3, 13)	78	-15
(8, 5)	79	-22.5
(5, 7)	80	-29.8828125
(12, 4)	81	-36
(1, 15)	82	0
(1, 16)	83	6.0
(1, 17)	84	6
(7, 7)	85	3
(7, 8)	86	12.0
(16, 1)	87	6
(4, 7)	88	-6.0
(11, 3)	89	24.75
(11, 4)	90	35.25
(17, 1)	91	48.0
(1, 18)	92	-19.5
(7, 9)	93	-27
(2, 15)	94	-30
(2, 16)	95	-18.0
(2, 17)	96	-30.0
(2, 18)	97	-24.0
(10, 2)	98	-18.0
(4, 8)	99	-24.0
(4, 9)	100	-18
(11, 5)	101	-15.0
(1, 19)	102	0
(7, 10)	103	-24.0
(7, 11)	104	-21
(16, 2)	105	-33.0
(16, 3)	106	-36
(3, 14)	107	-42.0
(3, 15)	108	-45
(8, 6)	109	-42.0
(8, 7)	110	-48.0
(8, 8)	111	-54
(5, 8)	112	-49.125
(1, 20)	113	-30
(1, 21)	114	-30
(7, 12)	115	-33
(7, 13)	116	-39
(3, 16)	117	-39
(3, 17)	118	-51
(3, 18)	119	-45
(8, 9)	120	-54.0
(8, 10)	121	-58.5
(9, 2)	122	-72.0
(1, 22)	123	0.0
(1, 23)	124	-9.0
(7, 14)	125	-18.0
(2, 19)	126	-18
(3, 19)	127	-15
(3, 20)	128	-15
(3, 21)	129	-33
(5, 9)	130	-27
(6, 4)	131	-42.0
(7, 15)	132	-27
(7, 16)	133	-45.0
(2, 20)	134	-57.0
(3, 22)	135	-51
(8, 11)	136	-60
(14, 5)	137	3
(18, 1)	138	18.0
(18, 2)	139	15.0
(18, 3)	140	30
(18, 4)	141	30
(19, 1)	142	45.0
(20, 1)	143	57.0
(20, 2)	144	57.0
(20, 3)	145	57.0
(20, 4)	146	57.0
(7, 17)	147	-9
(2, 21)	148	0
(2, 22)	149	-6
(3, 23)	150	-21
(8, 12)	151	-36.0
(5, 10)	152	-33
(1, 24)	153	0
(1, 25)	154	0
(2, 23)	155	-9.0
(2, 24)	156	-33.0
(3, 24)	157	-25.5
(3, 25)	158	-45.0
(3, 26)	159	-39
(8, 13)	160	-48.0
(14, 6)	161	-21
(14, 7)	162	-15
(14, 8)	163	-9
(4, 10)	164	4.5
(4, 11)	165	24
(11, 6)	166	27.0
(11, 7)	167	39
(17, 2)	168	48.0
(7, 18)	169	-3
(2, 25)	170	-9.0
(2, 26)	171	-24
(3, 27)	172	-15
(4, 12)	173	-18
(14, 9)	174	0.0
(10, 3)	175	-15
(11, 8)	176	-3
(1, 26)	177	0
(1, 27)	178	3.0
(2, 27)	179	-12.0
(2, 28)	180	-30
(2, 29)	181	-18
(8, 14)	182	-24.0
(8, 15)	183	-30.0
(1, 28)	184	0.0
(1, 29)	185	6.0
(7, 19)	186	-15
(7, 20)	187	-27
(7, 21)	188	-27
(2, 30)	189	-30
(3, 28)	190	-30.0
(3, 29)	191	-39
(3, 30)	192	-51
(1, 30)	193	-9.0
(1, 31)	194	-15.0
(1, 32)	195	-36
(14, 10)	196	-36.0
(2, 31)	197	-27.0
(3, 31)	198	-33
(8, 16)	199	-34.5
(8, 17)	200	-45.0
(9, 3)	201	-45
(1, 33)	202	0
(1, 34)	203	0.0
(1, 35)	204	0
(2, 32)	205	-6.0
(2, 33)	206	-6
(4, 13)	207	-9.0
(4, 14)	208	0
(5, 11)	209	6.0
(1, 36)	210	0.0
(7, 22)	211	-21
(16, 4)	212	-24
(3, 32)	213	-21
(4, 15)	214	-18.0
(4, 16)	215	-15.0
(4, 17)	216	-9.0
(11, 9)	217	-3
(11, 10)	218	-3.0
(1, 37)	219	-6.0
(1, 38)	220	-24
(14, 11)	221	-15
(2, 34)	222	-18
(2, 35)	223	-15.0
(2, 36)	224	-18
(10, 4)	225	-9
(10, 5)	226	3
(10, 6)	227	3
(4, 18)	228	0
(12, 5)	229	6.0
(12, 6)	230	6
