(1, 1)	0	0.0
(1, 2)	1	-0.0703125
(1, 3)	2	1.4878841926411042
(2, 1)	3	6.000752443625156
(2, 2)	4	4.730426749913022
(2, 3)	5	-5.197265625
(2, 4)	6	-8.4375
(3, 1)	7	-4.22900390625
(3, 2)	8	-9.206241724500135
(4, 1)	9	-27.509127972877973
(1, 6)	10	-0.095306396484375
(1, 7)	11	-3.0
(1, 8)	12	-1.5703125
(5, 4)	13	-9.375
(5, 5)	14	-6.0
(6, 3)	15	-14.8125
(8, 1)	16	-22.5
(7, 2)	17	-63.0
(1, 10)	18	-23.907760620117188
(1, 11)	19	-12.02490234375
(1, 12)	20	-14.90625
(1, 13)	21	-21.0
(1, 14)	22	-36
(9, 1)	23	-45
(10, 1)	24	-42
(10, 2)	25	-24
(11, 1)	26	-1.6176037788391113
(3, 3)	27	-14.907198522159888
(1, 15)	28	-0.00020599365234375
(1, 5)	29	-12.0
(5, 14)	30	-1.96875
(5, 15)	31	-6.375
(5, 16)	32	-19.5
(5, 17)	33	-15
(6, 5)	34	-30
(6, 6)	35	-36
(6, 7)	36	-36
(8, 2)	37	-51
(7, 3)	38	-54
(1, 4)	39	-6.712506658080186e-154
(5, 20)	40	-20.390625
(5, 21)	41	-9
(5, 22)	42	-10.5
(5, 23)	43	-21
(6, 8)	44	-36.0
(6, 9)	45	-54
(7, 4)	46	-72
(1, 18)	47	-21.0
(1, 19)	48	-24
(1, 20)	49	-18.0
(9, 2)	50	-21
(10, 3)	51	-15.0
(15, 1)	52	-3
(16, 1)	53	23.4334716796875
(16, 2)	54	29.390625
(17, 1)	55	47.68359375
(1, 21)	56	-1.71661376953125e-05
(1, 24)	57	-16.5
(5, 29)	58	-21
(2, 9)	59	-14.25
(2, 10)	60	-13.5
(18, 3)	61	-23.625
(18, 4)	62	-12.0
(18, 5)	63	-22.5
(18, 6)	64	-6.0
(16, 3)	65	-0.5626115575432777
(19, 1)	66	5.475024921743557
(20, 1)	67	-9.169947776810671
(22, 1)	68	17.3358253049341
(1, 28)	69	-2.722916190128427e-122
(1, 29)	70	4.2222180520766415
(1, 30)	71	0.0
(9, 3)	72	10.5
(2, 13)	73	-3.0
(2, 14)	74	-1.5
(2, 15)	75	7.910179138183594
(2, 16)	76	0.0
(11, 3)	77	-0.21883131310806903
(3, 5)	78	-4.004534264141579
(1, 37)	79	-24.0
(1, 38)	80	-24
(5, 31)	81	-27
(2, 17)	82	-36.0
(2, 18)	83	-21.0
(2, 19)	84	-33.0
(11, 4)	85	-19.3125
(3, 6)	86	-41.4375
(20, 2)	87	-34.78125
(21, 2)	88	-40.5
(1, 41)	89	-42
(1, 42)	90	-48
(1, 43)	91	-66.0
(9, 5)	92	-63
(9, 6)	93	-84.0
(2, 21)	94	-96
(13, 5)	95	-87.0
(13, 6)	96	-96
(14, 3)	97	-99
(1, 44)	98	-10.125
(1, 45)	99	-21.0
(1, 46)	100	2.25
(2, 24)	101	-0.350830078125
(2, 5)	102	-3.75
(2, 25)	103	5.999999999994564
(2, 26)	104	4.488327115867714
(2, 27)	105	5.8125
(12, 7)	106	3.140625
(13, 1)	107	-23.851968152448535
(13, 7)	108	-14.625
(14, 1)	109	-31.21918487548828
(5, 37)	110	-24.84375
(5, 38)	111	-21.75
(5, 39)	112	-22.5
(6, 10)	113	-27.0
(6, 11)	114	-54
(8, 5)	115	-69
(7, 5)	116	-72
(1, 26)	117	0.0
(1, 51)	118	0
(1, 52)	119	0
(5, 42)	120	-4.171875
(5, 26)	121	-10.125
(5, 43)	122	-33
(2, 29)	123	-21.0
(12, 8)	124	-21
(13, 8)	125	-26.277694702148438
(3, 4)	126	-18.119384765625
(1, 23)	127	6.0
(5, 46)	128	-15.0
(5, 47)	129	-27
(6, 12)	130	-30
(12, 9)	131	-47.25
(12, 10)	132	-42.0
(13, 11)	133	-55.5
(14, 4)	134	-66.75
(1, 39)	135	0
(1, 40)	136	-3.0
(2, 33)	137	6.09375
(2, 34)	138	-8.53125
(18, 9)	139	6.7265625
(11, 7)	140	17.72259209141867
(21, 1)	141	-15.28410117048686
(1, 56)	142	0.0
(5, 48)	143	3.0
(5, 49)	144	-3
(2, 35)	145	8.89453125
(2, 36)	146	-1.5
(11, 8)	147	10.159950256347656
(11, 9)	148	1.913818359375
(11, 5)	149	8.37191104888916
(11, 10)	150	5.577189087867737
(11, 6)	151	-18.753027872011103
(1, 57)	152	-9.0
(1, 58)	153	5.994140625
(5, 50)	154	-6.0
(5, 51)	155	-4.125
(5, 52)	156	-2.25
(2, 37)	157	-30
(11, 11)	158	-21.0
(11, 2)	159	-9.098145492374897
(3, 7)	160	-34.03125
(1, 59)	161	-3.0
(5, 57)	162	3
(2, 39)	163	-2.296875
(2, 40)	164	0
(12, 13)	165	-3.0
(12, 14)	166	-15
(11, 12)	167	-5.25
(1, 61)	168	-18
(1, 62)	169	-6
(1, 63)	170	-6
(5, 58)	171	0.0
(5, 59)	172	-12.0
(5, 60)	173	-9
(5, 61)	174	-12.0
(5, 62)	175	-39
(6, 13)	176	-33.0
(7, 6)	177	-54
(5, 63)	178	2.9912109375
(5, 64)	179	-3.0
(5, 67)	180	-7.5
(5, 68)	181	-39
(2, 41)	182	-36
(12, 17)	183	-33.0
(12, 18)	184	-51
(13, 13)	185	-39.0
(4, 3)	186	-43.125
(1, 69)	187	0.0
(1, 9)	188	1.5
(5, 70)	189	-18.0
(2, 42)	190	-27.0
(2, 20)	191	-30.0
(2, 43)	192	-24
(18, 10)	193	-18.9375
(18, 8)	194	-1.037109375
(19, 2)	195	1.4874911102012467
(20, 3)	196	4.5803510911177945
(1, 16)	197	-10.03253889083317
(1, 70)	198	0.0
(5, 71)	199	-3
(5, 72)	200	-12.0
(2, 45)	201	-12
(11, 14)	202	-5.25
(11, 15)	203	-14.484375
(1, 72)	204	-3.0
(1, 73)	205	0
(5, 76)	206	-24.0
(2, 46)	207	-30
(2, 47)	208	-33.0
(12, 19)	209	-24.0
(11, 16)	210	-27.0
(19, 4)	211	-20.25
(5, 10)	212	3.120907187461853
(5, 73)	213	-2.98828125
(5, 79)	214	-3.75
(2, 48)	215	-12.75
(12, 1)	216	-9.21917724609375
(12, 20)	217	-20.35546875
(1, 74)	218	0.0
(1, 75)	219	7.5
(1, 76)	220	-18
(5, 80)	221	-12.0
(5, 81)	222	-27
(18, 13)	223	-20.25
(18, 14)	224	0.75
(5, 84)	225	0.0
(2, 51)	226	3.0
(2, 22)	227	2.25
(2, 52)	228	-2.5283203125
(18, 15)	229	-2.6719994553059223
(11, 17)	230	11.4375
(19, 3)	231	21.74430365558169
(20, 4)	232	30.732433686085976
(20, 5)	233	19.912055440547434
(9, 16)	234	2.8491763424583074
(9, 17)	235	3.4691169262369046
(18, 16)	236	12.044668543145635
(18, 17)	237	9.000274658203125
(18, 18)	238	13.64066830649972
(18, 19)	239	17.293230398999317
(11, 18)	240	16.669403851032257
(1, 79)	241	0
(1, 80)	242	-18
(1, 81)	243	-18
(1, 82)	244	0
(9, 19)	245	-9
(9, 20)	246	-21
(9, 21)	247	3
(15, 5)	248	-3
(19, 6)	249	24.321473403934622
(1, 78)	250	0.0
(1, 86)	251	6
(5, 87)	252	9
(5, 88)	253	3
(2, 59)	254	17.140715123012342
(18, 20)	255	3.75
(11, 21)	256	17.995597375918248
(11, 22)	257	6.22412109375
(1, 87)	258	0.0
(5, 32)	259	3
(5, 92)	260	2.25
(2, 61)	261	-6
(2, 62)	262	3.0
(12, 28)	263	-1.5
(13, 16)	264	-16.5
(13, 3)	265	-39.0
(14, 7)	266	-33
(1, 89)	267	1.5
(5, 93)	268	3
(5, 94)	269	3.0
(5, 95)	270	-9
(2, 65)	271	-4.5
(12, 29)	272	-7.03125
(1, 91)	273	-24
(1, 92)	274	-33.0
(1, 93)	275	-69.0
(1, 94)	276	-60
(10, 10)	277	-66
(11, 23)	278	-72
(4, 4)	279	-66
(1, 95)	280	0.1923751663416624
(5, 11)	281	2.61181640625
(5, 98)	282	-4.5
(5, 99)	283	-8.25
(2, 66)	284	-6.017578125
(18, 26)	285	7.875
(19, 5)	286	7.376953125
(5, 102)	287	-3.0
(5, 74)	288	-8.34375
(5, 12)	289	-6.0
(2, 38)	290	-30
(12, 11)	291	-33.75
(12, 30)	292	-28.5
(11, 24)	293	-31.5
(1, 47)	294	-2.25
(1, 96)	295	6.0
(1, 90)	296	0
(2, 72)	297	0.5625
(18, 29)	298	-1.5
(18, 30)	299	13.497803516685963
(18, 28)	300	10.816736279741924
(18, 31)	301	9.75
(19, 9)	302	40.638907846600326
(23, 2)	303	45.97138922885438
(1, 97)	304	0.0
(1, 98)	305	6
(5, 103)	306	-6.0
(5, 104)	307	-3.0
(2, 74)	308	6.75
(2, 75)	309	-12
(18, 36)	310	3.375
(11, 25)	311	7.5
(20, 6)	312	2.15625
(1, 99)	313	0
(5, 105)	314	0.0
(2, 79)	315	-6
(2, 80)	316	0.0
(18, 38)	317	-6.0
(18, 2)	318	-18.0
(9, 18)	319	9.096679800830342
(9, 22)	320	8.25
(2, 81)	321	9.375
(2, 82)	322	9.0
(2, 83)	323	3.0
(2, 84)	324	6
(18, 39)	325	5.8125
(11, 26)	326	10.476593755943998
(19, 7)	327	20.808617440922035
(19, 8)	328	34.19150731557713
(23, 1)	329	13.701492133920244
(9, 23)	330	0.16784693779073434
(2, 56)	331	4.577636718750016e-05
(2, 85)	332	5.9997424296595465
(2, 86)	333	8.619495435104202
(18, 21)	334	-4.4516644373079615
(18, 41)	335	15.0
(18, 42)	336	0.0
(16, 12)	337	11.59423828125
(23, 4)	338	42.57516109334818
(2, 55)	339	0.005859465171816765
(2, 78)	340	3.0002061780569633
(2, 53)	341	6.000000044703484
(18, 33)	342	12.026361471400843
(18, 34)	343	15.42738689686921
(16, 8)	344	6.695140685793303
(16, 13)	345	36.44136920425599
(16, 11)	346	45.8018411996195
(2, 89)	347	12.001467657450121
(2, 90)	348	11.235086296239635
(2, 91)	349	8.99102783203125
(11, 28)	350	17.301040627957416
(5, 106)	351	5.247138977050781
(18, 12)	352	17.255859375
(22, 2)	353	31.10176909226028
(2, 77)	354	4.17626953125
(2, 73)	355	8.532565955637384
(2, 64)	356	-0.1640167236328125
(18, 44)	357	15.375000022001814
(18, 45)	358	2.2846866856949513
(18, 46)	359	18.6328125
(18, 35)	360	23.99908406743279
(16, 9)	361	23.18247189426656
(23, 3)	362	41.987731926608745
(9, 24)	363	-1.8753662109375
(2, 96)	364	-10.5
(2, 92)	365	2.0701904296875
(2, 97)	366	2.2382812496521183
(18, 47)	367	11.970235347747803
(16, 15)	368	7.875
(16, 6)	369	33.90966639155329
(1, 27)	370	0.0
(5, 30)	371	-24.0
(2, 100)	372	-14.25
(2, 101)	373	-30.0
(18, 48)	374	-33
(11, 29)	375	-24.0
(3, 8)	376	-28.634765625
(5, 100)	377	-5.625
(5, 109)	378	-9
(12, 31)	379	1.5
(11, 30)	380	-9.0
(1, 55)	381	-1.171875
(9, 9)	382	-18.9375
(9, 11)	383	-15
(10, 7)	384	-18
(10, 11)	385	-24
(10, 12)	386	13.8515625
(9, 7)	387	3.9396972656823035
(9, 27)	388	6.375
(18, 50)	389	19.453125
(16, 5)	390	47.59098148708583
(19, 10)	391	41.86219711670949
(1, 100)	392	4.5
(2, 102)	393	-10.125
(2, 103)	394	4.499999982974259
(2, 104)	395	3.0
(12, 32)	396	0.375
(2, 105)	397	10.736223602053423
(2, 106)	398	5.7187500013969785
(18, 53)	399	14.999902718485782
(11, 31)	400	19.146880804391913
(2, 93)	401	6.0
(2, 94)	402	11.966310082891162
(2, 107)	403	3.3745224240875342
(2, 108)	404	3.5625
(11, 32)	405	12.421007124348385
(2, 68)	406	4.507016427825521
(2, 69)	407	23.999999966472387
(2, 109)	408	7.895417521685947
(2, 70)	409	6.699317058360208
(19, 11)	410	11.999999996332917
(1, 101)	411	0.0
(1, 102)	412	-3.0
(2, 110)	413	0
(2, 111)	414	-2.16796875
(2, 112)	415	-5.25
(18, 52)	416	19.5
(3, 9)	417	-4.860577583312988
(3, 10)	418	-5.501953125
(18, 54)	419	5.800781227099833
(11, 34)	420	8.626647884595968
(2, 114)	421	3.000000000087312
(18, 32)	422	4.501098633206004
(16, 14)	423	25.71098956632899
(17, 6)	424	51.00458070520667
(9, 28)	425	3
(9, 29)	426	-9
(9, 30)	427	-9
(9, 31)	428	6.0
(1, 53)	429	0.0
(1, 54)	430	0.75
(5, 114)	431	3
(5, 45)	432	3
(5, 115)	433	9
(2, 115)	434	3.0
(2, 116)	435	-1.125
(12, 33)	436	-6.0
(2, 87)	437	-12.0
(11, 27)	438	8.384179651737213
(2, 117)	439	6.183003826490676
(2, 118)	440	-15.0
(18, 55)	441	-0.9375
(2, 8)	442	-15.0
(5, 116)	443	3.0
(5, 107)	444	-9.0
(1, 17)	445	2.6225765604394837
(5, 117)	446	2.4375
(5, 118)	447	3.375
(5, 119)	448	-21
(2, 125)	449	-12.75
(12, 2)	450	-19.107421875
(13, 18)	451	-23.8125
(5, 112)	452	-9.0
(5, 120)	453	-15.0
(6, 20)	454	-15.0
(13, 19)	455	-36
(2, 128)	456	7.8882070211693645
(2, 129)	457	11.159179698675882
(11, 35)	458	37.091508865356445
(2, 126)	459	12.268774855603034
(5, 123)	460	-0.1875
(18, 59)	461	32.98791491461634
(19, 12)	462	28.479585925523505
(2, 122)	463	-1.0180184386972497
(2, 123)	464	3.515619345009327
(18, 22)	465	16.647598999289166
(18, 43)	466	8.2280265998128
(9, 32)	467	2.8125
(9, 33)	468	1.40625
(9, 34)	469	6.65625
(19, 13)	470	21.0
(1, 104)	471	0.375
(5, 125)	472	-3.0
(5, 126)	473	-8.625
(5, 127)	474	-12.0
(5, 128)	475	-9.0
(5, 129)	476	-15
(14, 9)	477	-30.0
(9, 35)	478	7.125
(2, 131)	479	6.375
(2, 95)	480	6.704232351200346
(16, 20)	481	30.86748809283081
(17, 5)	482	39.501152846078575
(9, 37)	483	9.004394620657127
(10, 13)	484	15.0
(10, 14)	485	24
(10, 15)	486	39.0
(15, 6)	487	45
(24, 1)	488	60
(2, 130)	489	-15.0
(2, 119)	490	5.987548828125
(2, 133)	491	-4.5
(16, 7)	492	38.1474609375
(1, 105)	493	1.5
(5, 53)	494	3
(5, 130)	495	-3
(5, 131)	496	-3.0
(2, 136)	497	-9.0
(12, 34)	498	-12.0
(12, 35)	499	-15
(3, 12)	500	-27.0
(2, 137)	501	-0.5625
(2, 138)	502	12
(18, 63)	503	3.375
(2, 57)	504	6.000000000021828
(18, 64)	505	9.75
(19, 15)	506	19.985133636757684
(2, 141)	507	16.125
(2, 142)	508	12.9375
(1, 106)	509	6.334034113388043
(5, 133)	510	-9.75
(5, 134)	511	-27
(5, 135)	512	-27
(6, 22)	513	-45.0
(6, 23)	514	-60
(2, 144)	515	13.7109375
(2, 145)	516	6
(18, 68)	517	12.0
(11, 40)	518	18.9375
(11, 41)	519	15.0
(1, 107)	520	0
(1, 108)	521	0.0
(2, 146)	522	-0.75
(2, 147)	523	1.5
(18, 69)	524	-6.84375
(2, 150)	525	5.999999642721335
(2, 151)	526	0.0
(12, 36)	527	6.0
(12, 37)	528	3.0
(13, 22)	529	-1.875
(13, 15)	530	-12.704627394676208
(18, 40)	531	3.0
(11, 39)	532	18.0
(1, 109)	533	0.0
(9, 40)	534	9.0
(18, 73)	535	18.466133698593286
(18, 74)	536	30.57382202334702
(18, 75)	537	25.27496337890625
(11, 36)	538	22.125
(1, 110)	539	0
(1, 111)	540	6
(5, 136)	541	3
(5, 137)	542	-3
(5, 138)	543	-3
(2, 155)	544	-1.5
(9, 42)	545	9.0
(18, 77)	546	16.55419921875
(16, 16)	547	22.832495424941527
(16, 23)	548	44.267578125
(17, 3)	549	57.957605547406615
(2, 157)	550	9.75
(18, 79)	551	21.0
(11, 42)	552	22.5
(2, 58)	553	-18
(11, 19)	554	4.5
(11, 20)	555	-2.25
(11, 45)	556	-18
(2, 7)	557	-3.0
(9, 43)	558	6.0
(2, 160)	559	12.0
(18, 65)	560	8.15625
(11, 47)	561	16.688919067382812
(1, 112)	562	9.0
(9, 44)	563	-1.904648146614258
(2, 163)	564	18.416151588899083
(18, 60)	565	16.077245038274203
(16, 27)	566	38.97411632422143
(17, 9)	567	55.9453125
(1, 83)	568	0.0
(1, 113)	569	-1.5
(9, 45)	570	-6.919921875
(2, 164)	571	3.375
(2, 165)	572	-4.5
(2, 166)	573	0.75
(11, 13)	574	23.98239809256047
(2, 63)	575	8.434937348652001
(18, 37)	576	20.0625
(5, 139)	577	2.987548828125
(2, 168)	578	1.3125
(13, 20)	579	-4.5
(13, 21)	580	-21.0
(2, 161)	581	8.702587994288479
(2, 170)	582	12.75
(2, 171)	583	15.0
(18, 89)	584	19.5
(11, 49)	585	33.0
(2, 173)	586	5.25
(11, 50)	587	-3.375
(9, 46)	588	9
(10, 17)	589	23.692850818059227
(16, 28)	590	41.90625
(17, 8)	591	56.32291566225544
(18, 92)	592	21.798368632094935
(18, 93)	593	27.000017582987716
(18, 94)	594	26.250089965760708
(16, 29)	595	46.55012512207031
(23, 5)	596	65.25
(18, 51)	597	11.38787841796875
(9, 47)	598	3.387107905001834
(2, 175)	599	5.859282910823822
(18, 96)	600	-3.0
(19, 19)	601	34.89936101023858
(2, 76)	602	0.3405532892793417
(18, 97)	603	11.65037176815531
(11, 51)	604	18.179306030273438
(2, 44)	605	5.53125
(18, 11)	606	8.056640625
(2, 177)	607	10.312499955109633
(18, 86)	608	8.857623864184697
(18, 87)	609	10.459713348447087
(11, 48)	610	16.197026912221688
(19, 20)	611	39.25716803392254
(9, 41)	612	9.0
(18, 76)	613	21.0
(16, 21)	614	17.25
(16, 22)	615	42
(16, 26)	616	29.109133236376685
(17, 7)	617	57
(2, 158)	618	1.3125
(2, 179)	619	18
(11, 53)	620	6.486328125
(2, 162)	621	11.90625
(18, 85)	622	9
(19, 16)	623	19.163655083448713
(2, 180)	624	10.5
(18, 61)	625	26.16796875
(18, 103)	626	29.882753742147692
(16, 24)	627	45.0
(9, 48)	628	-10.875
(11, 37)	629	20.484375
(1, 64)	630	4.5
(1, 114)	631	3.0
(9, 49)	632	21
(10, 18)	633	12
(18, 104)	634	27
(18, 105)	635	30.375
(9, 25)	636	8.99963521958199
(18, 83)	637	9.0
(2, 182)	638	6.0
(18, 107)	639	12.02453256334796
(2, 183)	640	9.6240234375
(1, 115)	641	12
(2, 156)	642	18.0
(2, 185)	643	12
(2, 188)	644	12.0
(18, 25)	645	25.59375
(2, 143)	646	11.99853515625
(9, 39)	647	3.282096867345871
(10, 16)	648	12.00036630750401
(18, 80)	649	30.632434844970703
(16, 33)	650	32.288468901340345
(16, 25)	651	52.161325663872475
(5, 140)	652	-15
(5, 141)	653	-18.0
(12, 38)	654	-24.0
(13, 10)	655	-32.25
(13, 23)	656	-48
(2, 189)	657	10.28071636101231
(11, 56)	658	20.783663489615662
(2, 159)	659	13.5
(2, 190)	660	6
(12, 39)	661	9.0
(11, 46)	662	15.0
(18, 112)	663	27.386466826909285
(18, 49)	664	25.431272609086133
(16, 34)	665	65.4375
(11, 57)	666	8.0625
(2, 191)	667	12.189881734550362
(2, 192)	668	10.535157719627023
(18, 113)	669	19.219934370861928
(11, 60)	670	11.261569797992706
(2, 186)	671	17.382573496692444
(1, 116)	672	0.0
(18, 114)	673	9.0
(11, 54)	674	21.749954223632812
(1, 118)	675	12
(2, 195)	676	10.5
(2, 196)	677	6
(16, 35)	678	30
(19, 17)	679	39.70314761437476
(5, 146)	680	6.0
(5, 147)	681	-3
(5, 148)	682	-4.5
(12, 41)	683	-13.5
(12, 42)	684	-21
(13, 24)	685	-22.5
(2, 197)	686	9.000355158001184
(2, 71)	687	12.0
(2, 198)	688	6.37701416015625
(12, 43)	689	12.76171875
(12, 44)	690	7.4297332763671875
(12, 45)	691	2.25
(9, 36)	692	9.0
(2, 199)	693	20.8125
(2, 200)	694	19.125
(18, 72)	695	26.9996337890625
(2, 202)	696	13.5
(2, 135)	697	18
(18, 118)	698	21.0
(18, 119)	699	27
(11, 63)	700	24.623611450195312
(2, 205)	701	7.681646347047263
(2, 206)	702	1.8483366989821661
(18, 56)	703	8.809295654296875
(11, 58)	704	25.371734619140625
(5, 143)	705	3.0
(5, 153)	706	-3.0
(11, 43)	707	7.5
(11, 33)	708	4.86328125
(11, 65)	709	12.056453883647919
(2, 209)	710	6.17578125
(2, 212)	711	8.0625
(18, 121)	712	18.350406676566813
(18, 122)	713	5.4122314453125
(2, 167)	714	20.994300657534453
(11, 66)	715	12.0
(1, 122)	716	-19.40625
(1, 123)	717	0.0
(5, 154)	718	-0.75
(5, 155)	719	-9
(5, 156)	720	-27
(2, 214)	721	-33.0
(18, 124)	722	-12.0
(4, 2)	723	-37.5
(2, 172)	724	17.74217864489318
(18, 125)	725	25.463560983605134
(16, 32)	726	31.57568651109323
(18, 123)	727	16.756041160860015
(2, 217)	728	0.0
(2, 178)	729	6.19921875
(2, 218)	730	22.169677734375
(18, 57)	731	8.992905020713806
(16, 30)	732	29.985076955650346
(16, 40)	733	47.99997711146716
(2, 169)	734	17.973255157470703
(2, 152)	735	11.28515625
(2, 153)	736	8.0625
(18, 117)	737	17.431628932151625
(2, 213)	738	7.913108825683594
(16, 18)	739	40.35893163011007
(18, 82)	740	43.872992594255265
(23, 6)	741	34.95509589898668
(2, 220)	742	-6.0
(2, 221)	743	-15.0
(2, 222)	744	-24
(12, 23)	745	-21.0
(11, 68)	746	-14.625
(1, 124)	747	3.75
(5, 157)	748	3.0
(5, 158)	749	-1.3125
(5, 27)	750	-17.25
(6, 24)	751	-30.0
(7, 9)	752	-54
(2, 223)	753	0.00281524658203125
(2, 224)	754	-12
(2, 225)	755	-12
(9, 53)	756	21
(10, 21)	757	19.524838331340693
(10, 23)	758	36.0
(18, 127)	759	39.0
(5, 18)	760	-6.0
(2, 228)	761	-0.75
(2, 12)	762	-12.0
(2, 229)	763	-5.25
(12, 47)	764	-8.25
(16, 39)	765	35.84755754470825
(18, 128)	766	19.312499818740232
(5, 159)	767	-6.0
(5, 160)	768	-9
(5, 161)	769	-15
(2, 231)	770	-18
(3, 14)	771	-37.5
(23, 7)	772	54.0
(1, 71)	773	4.910247802734375
(5, 75)	774	-12.0
(16, 41)	775	29.761962890625
(1, 125)	776	0.0
(2, 204)	777	0
(18, 129)	778	6.0
(11, 64)	779	7.91015625
(5, 162)	780	-9.0
(5, 163)	781	-15
(6, 25)	782	-20.625
(7, 10)	783	-30
(2, 203)	784	10.5
(2, 154)	785	7.640625
(2, 234)	786	13.5
(2, 120)	787	23.25
(18, 58)	788	27.1875
(2, 235)	789	12.187504649184643
(16, 10)	790	33.30134618282318
(19, 25)	791	20.994140625
(2, 230)	792	15.580078125
(11, 69)	793	28.870120239194723
(11, 44)	794	19.5234375
(2, 236)	795	6.039802182477681
(2, 238)	796	19.125
(2, 132)	797	12.000000011525117
(10, 22)	798	36.1875
(1, 32)	799	-0.0002288818359375
(1, 126)	800	-1.6699447631835938
(1, 127)	801	-7.03125
(9, 54)	802	3
(9, 55)	803	9
(10, 24)	804	18
(18, 131)	805	8.536307932302238
(18, 132)	806	27.75
(2, 240)	807	15.0
(2, 241)	808	21.0
(12, 49)	809	-0.75
(19, 26)	810	19.9621551582998
(18, 23)	811	15.80572250445349
(2, 242)	812	17.965564727783203
(11, 70)	813	23.25
(16, 42)	814	32.42720031738281
(18, 134)	815	21
(11, 67)	816	40.78125
(5, 77)	817	-10.5
(5, 13)	818	-6.0
(12, 50)	819	-13.5
(12, 51)	820	-18.75
(18, 130)	821	26.859397161751986
(9, 56)	822	15.0
(18, 135)	823	16.5
(18, 136)	824	17.86262029425524
(11, 38)	825	27.0
(11, 72)	826	10.012370000749442
(1, 128)	827	12
(5, 85)	828	-9.0
(5, 164)	829	-3
(5, 165)	830	-18.0
(12, 22)	831	-27
(14, 5)	832	-39
(2, 174)	833	12
(18, 137)	834	19.1630859375
(18, 126)	835	21.96628573536873
(2, 246)	836	14.9736328125
(2, 201)	837	6.0
(18, 91)	838	23.53125
(5, 121)	839	3
(5, 122)	840	-9
(18, 106)	841	27.77062239023057
(16, 19)	842	34.832809023118486
(16, 44)	843	65.578125
(17, 11)	844	63.76080339734223
(2, 243)	845	14.416481539607048
(18, 110)	846	21.40081787109375
(18, 140)	847	20.25
(16, 43)	848	56.25038069486618
(2, 249)	849	17.408616877642874
(18, 141)	850	11.521293262335258
(17, 4)	851	44.625
(18, 67)	852	16.16706445813179
(2, 207)	853	6.0
(2, 250)	854	15.0
(2, 251)	855	12
(2, 252)	856	12
(3, 15)	857	17.84912109375
(16, 17)	858	36.03515625
(12, 52)	859	3.0
(19, 27)	860	7.5
(16, 37)	861	58.10916281483306
(2, 255)	862	7.5
(18, 144)	863	9
(18, 145)	864	18.0
(18, 143)	865	7.81381205951959
(2, 256)	866	5.613235116004944
(9, 57)	867	-6.0
(2, 257)	868	-3.0
(3, 16)	869	6.0
(1, 129)	870	-2.787589430809021
(1, 130)	871	-1.7380485534667969
(5, 167)	872	2.25
(2, 258)	873	-4.875
(5, 25)	874	4.875
(5, 166)	875	-3.1875
(12, 26)	876	-11.4462890625
(1, 132)	877	-6
(9, 58)	878	0.0
(2, 260)	879	-6
(2, 259)	880	5.15625
(2, 261)	881	-12
(1, 134)	882	-4.4970703125
(1, 135)	883	-9.375
(1, 136)	884	-0.375
(1, 137)	885	0.0
(1, 138)	886	-1.5
(5, 168)	887	-3.0
(14, 10)	888	-9.0
(1, 142)	889	-3.0
(1, 143)	890	-12
(1, 144)	891	0
(1, 145)	892	-18
(9, 61)	893	-10.5
(18, 147)	894	5.625
(12, 54)	895	-2.90625
(1, 147)	896	0.0
(1, 148)	897	0.0
(5, 170)	898	-10.5
(5, 113)	899	-9.0
(5, 171)	900	-3
(6, 28)	901	-15.0
(8, 10)	902	-24.0
(7, 1)	903	-46.5
(1, 131)	904	-7.5
(18, 148)	905	22.179977416992188
(18, 149)	906	9
(2, 265)	907	-10.5
(1, 133)	908	-5.25
(9, 59)	909	-3.5625
(9, 63)	910	-9
(10, 27)	911	7.5
(12, 56)	912	-7.125
(1, 151)	913	0
(9, 64)	914	3
(9, 65)	915	3.0
(9, 66)	916	9
(9, 67)	917	9
(10, 28)	918	12.0
(18, 151)	919	29.513671875
(5, 24)	920	0.655517578125
(5, 176)	921	-9
(5, 177)	922	-9
(2, 264)	923	-7.5
(2, 98)	924	-18
(5, 178)	925	-3
(13, 28)	926	-36
(1, 31)	927	-18.0
(1, 153)	928	-3.0
(9, 68)	929	-8.25
(10, 29)	930	3.0
(19, 14)	931	15.164049625396729
(1, 154)	932	-13.171875
(1, 33)	933	-12.75
(9, 69)	934	10.5
(1, 155)	935	-12
(5, 179)	936	-1.5
(5, 180)	937	-3
(6, 31)	938	-18
(12, 57)	939	-21
(14, 6)	940	-45.0
(16, 4)	941	7.0166015625
(13, 17)	942	-39.0
(5, 185)	943	-9
(2, 271)	944	-19.875
(12, 58)	945	-16.5
(2, 272)	946	9.375
(2, 273)	947	9.75
(2, 274)	948	6
(18, 84)	949	12.0
(5, 40)	950	-4.5
(5, 174)	951	3
(2, 263)	952	-6.0
(13, 29)	953	-24
(2, 275)	954	11.625
(18, 152)	955	26.8125
(5, 101)	956	-15
(2, 276)	957	-30
(3, 18)	958	-27
(16, 45)	959	0
(19, 28)	960	8.993362426757812
(11, 73)	961	20.999140977859497
(2, 277)	962	13.168116986340754
(2, 278)	963	9.75
(2, 279)	964	7.21142578125
(12, 60)	965	6.0
(2, 280)	966	16.125
(11, 55)	967	30.0
(2, 247)	968	16.849639892578125
(2, 210)	969	8.25
(2, 124)	970	4.260483920574188
(18, 154)	971	10.5
(17, 2)	972	21.099082589149475
(2, 248)	973	5.9978063106591435
(5, 186)	974	-4.5
(5, 187)	975	3
(5, 188)	976	-9
(2, 88)	977	-1.1231689453125
(2, 283)	978	21.0
(12, 61)	979	15.0
(18, 157)	980	17.547423779197807
(2, 284)	981	18.1875
(12, 62)	982	3
(9, 71)	983	15
(2, 289)	984	11.296875
(12, 63)	985	5.71875
(2, 287)	986	2.288818359375e-05
(2, 239)	987	13.100888729095459
(16, 49)	988	6.256771647603088
(1, 121)	989	0.0
(9, 50)	990	9.0
(2, 290)	991	18
(5, 189)	992	3.0
(5, 190)	993	-3
(5, 191)	994	-6.0
(5, 192)	995	0.75
(2, 67)	996	0.0
(11, 76)	997	12.219520938160603
(18, 99)	998	22.3125
(18, 158)	999	31.278890015427415
(2, 293)	1000	5.918701171875
(11, 77)	1001	12.0
(19, 24)	1002	45.000022888183594
(2, 294)	1003	5.999176022596485
(18, 159)	1004	-15
(11, 78)	1005	6.0
(16, 48)	1006	38.5103759765625
(2, 295)	1007	12.0
(2, 296)	1008	11.554275512695312
(5, 66)	1009	-15.0
(2, 298)	1010	3.0
(11, 79)	1011	22.557606222108006
(12, 65)	1012	-9
(18, 81)	1013	36.67240297794342
(2, 299)	1014	4.2524362206459045
(2, 300)	1015	3.0161804043037543
(18, 78)	1016	37.5
(16, 50)	1017	30.9386979202653
(5, 193)	1018	-21
(12, 24)	1019	-24.0
(2, 302)	1020	12
(17, 12)	1021	68.25
(2, 303)	1022	13.3125
(12, 59)	1023	15.0
(2, 308)	1024	6.0
(2, 301)	1025	16.875
(2, 309)	1026	13.5
(2, 310)	1027	11.90625
(13, 30)	1028	13.078125
(10, 19)	1029	18.0234375
(18, 155)	1030	10.341207525227219
(18, 24)	1031	12.375
(18, 161)	1032	16.5
(17, 13)	1033	36.46875
(9, 74)	1034	21
(2, 311)	1035	19.5
(2, 312)	1036	6.0
(2, 313)	1037	19.5
(2, 314)	1038	18.0
(3, 13)	1039	19.33447265625
(2, 315)	1040	6
(12, 55)	1041	3
(12, 53)	1042	-8.25
(2, 316)	1043	0.0
(18, 162)	1044	14.73603585095239
(2, 281)	1045	15.0
(5, 194)	1046	-9
(2, 317)	1047	-9.375
(12, 67)	1048	-3.0
(12, 68)	1049	-6.0
(18, 156)	1050	27.133652795511097
(18, 163)	1051	29.625
(16, 51)	1052	30
(2, 318)	1053	-9.9375
(13, 25)	1054	-18.0
(2, 319)	1055	0.0
(2, 320)	1056	0
(18, 138)	1057	10.0078125
(16, 47)	1058	27.802734375
(16, 53)	1059	58.152279511559755
(17, 14)	1060	61.50707530975342
(5, 195)	1061	-3
(5, 196)	1062	-27
(5, 197)	1063	-15
(5, 34)	1064	-15
(5, 198)	1065	-39
(5, 199)	1066	-27
(12, 69)	1067	-33
(1, 157)	1068	3.0
(18, 116)	1069	15.0
(11, 61)	1070	18.0
(16, 52)	1071	41.578125
(11, 75)	1072	14.625
(11, 80)	1073	19.125
(2, 329)	1074	1.5
(18, 160)	1075	17.322925045184263
(18, 165)	1076	32.034828186035156
(5, 132)	1077	-3
(5, 97)	1078	-3
(2, 334)	1079	-6.0
(2, 335)	1080	21.032275199890137
(18, 153)	1081	20.90625
(18, 146)	1082	30.6038818359375
(18, 101)	1083	15.0
(18, 168)	1084	15
(19, 18)	1085	14.90625
(2, 328)	1086	6.75
(2, 282)	1087	18
(2, 336)	1088	7.1953125
(10, 30)	1089	21.0
(2, 331)	1090	15.0
(2, 321)	1091	6.0
(18, 167)	1092	30.0
(2, 337)	1093	-3.0
(2, 338)	1094	10.21875
(2, 339)	1095	-6
(11, 81)	1096	16.50525635818495
(1, 146)	1097	-6.0
(9, 62)	1098	-10.5
(10, 26)	1099	-3.0
(15, 9)	1100	9.0
(2, 266)	1101	-6.0
(2, 340)	1102	12
(2, 304)	1103	6.0355224609375
(11, 82)	1104	36
(18, 170)	1105	22.758474219046896
(19, 29)	1106	21.75
(10, 25)	1107	36.0
(2, 237)	1108	10.921875379281119
(2, 288)	1109	15.0
(2, 148)	1110	16.55859375
(2, 149)	1111	6.0
(18, 70)	1112	3
(9, 60)	1113	-6.75
(18, 164)	1114	19.125
(5, 181)	1115	-4.529296875
(2, 344)	1116	-12.0
(11, 74)	1117	-2.5078125
(3, 17)	1118	-12.75
(4, 5)	1119	-30.0
(13, 31)	1120	-12
(2, 269)	1121	-5.71875
(18, 150)	1122	-6.0
(1, 149)	1123	0.0
(1, 150)	1124	-3.0
(2, 345)	1125	-2.8125
(11, 62)	1126	16.5
(2, 346)	1127	-6
(11, 83)	1128	7.3125
(6, 32)	1129	-12
(8, 7)	1130	-30.0
(1, 160)	1131	-9.0
(9, 76)	1132	-6.0
(9, 77)	1133	3
(10, 31)	1134	0.0
(24, 2)	1135	36
(1, 161)	1136	-1.6875
(1, 162)	1137	1.5
(5, 83)	1138	-9
(12, 73)	1139	-12.0
(13, 32)	1140	-15.0
(3, 11)	1141	-21
(18, 172)	1142	3.421875
(6, 27)	1143	-16.5
(14, 11)	1144	-45
(9, 70)	1145	-3
(10, 4)	1146	0
(1, 163)	1147	0
(5, 204)	1148	-3
(6, 34)	1149	-12.0
(13, 4)	1150	-36.0
(14, 2)	1151	-55.5
(9, 79)	1152	-9
(9, 80)	1153	-4.5
(10, 34)	1154	6
(15, 11)	1155	15
(5, 200)	1156	3
(2, 347)	1157	0.75
(13, 2)	1158	-30.0
(1, 166)	1159	0
(5, 205)	1160	-9
(5, 206)	1161	-9
(5, 207)	1162	-3
(1, 152)	1163	0
(1, 167)	1164	-3.0
(2, 348)	1165	-1.5
(2, 349)	1166	6
(1, 168)	1167	0.0
(9, 82)	1168	-9
(9, 83)	1169	6.0
(9, 84)	1170	9
(10, 36)	1171	3.0
(10, 37)	1172	21.0
(5, 210)	1173	-9
(14, 8)	1174	-40.5
(8, 9)	1175	-24.0
(18, 174)	1176	12.5625
(1, 170)	1177	-30
(18, 175)	1178	-4.5
(2, 350)	1179	-12
(18, 176)	1180	-4.6875
(10, 38)	1181	-9.0
(9, 85)	1182	-3
(10, 39)	1183	9.75
(1, 164)	1184	-3.0
(1, 171)	1185	0
(1, 172)	1186	0
(10, 35)	1187	12
(18, 173)	1188	3.0
(2, 297)	1189	24.0
(12, 77)	1190	6.0
(2, 134)	1191	6.75
(18, 166)	1192	10.5845947265625
(11, 84)	1193	20.32525062561035
(18, 178)	1194	17.642578125
(18, 179)	1195	24.75
(2, 219)	1196	12.375
(12, 64)	1197	10.359375
(18, 180)	1198	-3
(18, 171)	1199	18.91900634765625
(11, 85)	1200	6.0
(2, 351)	1201	12
(2, 352)	1202	12
(16, 36)	1203	42.0
(16, 46)	1204	45.0
(17, 15)	1205	65.50032806396484
(18, 90)	1206	0.0
(18, 181)	1207	32.332122802734375
(2, 342)	1208	20.25970458984375
(2, 355)	1209	12.0
(2, 176)	1210	6.0
(2, 253)	1211	18
(2, 356)	1212	12
(2, 357)	1213	12
(18, 182)	1214	9.75
(18, 169)	1215	39.638671875
(18, 183)	1216	0.0
(5, 212)	1217	-15
(12, 78)	1218	-27
(1, 173)	1219	0
(18, 184)	1220	27.0
(2, 358)	1221	-18.0
(1, 174)	1222	-30
(1, 22)	1223	-18
(5, 217)	1224	-30.0
(5, 218)	1225	-27
(12, 81)	1226	-39
(11, 86)	1227	-54
(11, 87)	1228	-54.0
(4, 6)	1229	-66
(2, 359)	1230	-0.04129421759049601
(1, 177)	1231	-24
(9, 8)	1232	-3
(9, 86)	1233	-9
(9, 87)	1234	-9
(2, 360)	1235	3.0
(2, 361)	1236	-6
(1, 178)	1237	-24
(1, 179)	1238	-24
(1, 180)	1239	-18
(18, 1)	1240	-8.4375
(18, 185)	1241	39.0
(18, 186)	1242	22.276199206685988
(16, 38)	1243	57.84375
(2, 362)	1244	3.0
(2, 363)	1245	-21.0
(2, 364)	1246	-18
(2, 365)	1247	-18
(2, 366)	1248	-12
(16, 54)	1249	6
(5, 221)	1250	-15
(11, 88)	1251	-27.0
(2, 367)	1252	-1.5234375
(2, 368)	1253	13.5
(2, 187)	1254	15.0
(2, 254)	1255	6
(18, 142)	1256	15
(2, 369)	1257	15.0
(18, 109)	1258	15.0
(18, 187)	1259	24.066338542679613
(16, 55)	1260	42.57651218015235
(18, 189)	1261	2.074951743635879
(5, 169)	1262	3
(18, 190)	1263	21.5625
(2, 341)	1264	9.75
(18, 191)	1265	26.99990844167769
(18, 192)	1266	33
(11, 89)	1267	36
(16, 56)	1268	50.449951171875
(1, 182)	1269	12
(1, 103)	1270	0
(9, 88)	1271	9
(5, 224)	1272	3
(5, 226)	1273	-27
(6, 39)	1274	-18
(5, 201)	1275	-7.5
(2, 373)	1276	3.5803168429993093e-07
(2, 286)	1277	7.51025390625
(2, 306)	1278	0.023447560741615803
(2, 374)	1279	6
(5, 227)	1280	-9.0
(1, 183)	1281	0
(5, 231)	1282	-3
(5, 232)	1283	-9
(5, 233)	1284	-9
(2, 371)	1285	-18
(2, 377)	1286	9.0
(2, 378)	1287	3.6134777649461327
(12, 82)	1288	-0.75
(13, 33)	1289	-24
(14, 12)	1290	-30.0
(2, 379)	1291	-6
(16, 57)	1292	-9.75
(2, 380)	1293	7.03125
(2, 381)	1294	6
(2, 382)	1295	6
(12, 70)	1296	6.0
(12, 83)	1297	-3
(2, 323)	1298	9.0
(2, 383)	1299	21.0
(2, 211)	1300	6.375
(2, 384)	1301	15.0
(2, 385)	1302	6
(13, 34)	1303	-9.0
(2, 386)	1304	12.0
(2, 387)	1305	12
(2, 388)	1306	3.0
(18, 195)	1307	13.787607877581229
(18, 196)	1308	34.921875
(5, 234)	1309	-39
(6, 42)	1310	-42
(12, 21)	1311	-51
(12, 16)	1312	-42.0
(2, 389)	1313	6
(5, 235)	1314	-3
(5, 236)	1315	-7.5
(12, 84)	1316	-15.0
(2, 390)	1317	14.856376647949219
(12, 46)	1318	3
(2, 307)	1319	2.90625
(2, 391)	1320	12
(2, 392)	1321	-1.0591621398925781
(2, 393)	1322	0
(2, 394)	1323	19.40625
(2, 395)	1324	12
(16, 58)	1325	27.0
(16, 59)	1326	55.5
(17, 10)	1327	57.0
(18, 194)	1328	33.0
(2, 397)	1329	12
(12, 86)	1330	9
(12, 87)	1331	3
(2, 398)	1332	9.0
(18, 197)	1333	19.761474609375
(2, 226)	1334	6.0
(5, 237)	1335	3.0
(5, 238)	1336	-6.0
(2, 399)	1337	-6
(2, 400)	1338	-6
(12, 88)	1339	-3.0
(5, 239)	1340	-33
(5, 182)	1341	-27
(5, 240)	1342	-39
(12, 89)	1343	-42.0
(12, 90)	1344	-51
(13, 35)	1345	-58.5
(14, 13)	1346	-69.0
(5, 241)	1347	-3
(5, 242)	1348	-9
(16, 60)	1349	19.125
(12, 75)	1350	-1.5
(9, 51)	1351	21
(2, 401)	1352	11.999931335449219
(10, 40)	1353	22.5
(10, 41)	1354	42
(15, 12)	1355	57.0
(17, 16)	1356	72.0
(2, 403)	1357	-6
(12, 66)	1358	-3
(18, 188)	1359	18.0
(2, 404)	1360	18
(18, 198)	1361	15
(12, 71)	1362	3
(11, 91)	1363	42.75
(2, 54)	1364	-3.0
(12, 92)	1365	-15
(18, 200)	1366	21.0
(6, 43)	1367	-18
(12, 93)	1368	-27
(18, 201)	1369	30.0
(19, 21)	1370	56.8125
(2, 405)	1371	9.0
(2, 406)	1372	18
(18, 88)	1373	15
(11, 92)	1374	18
(16, 61)	1375	18
(2, 407)	1376	12
(2, 408)	1377	6
(2, 409)	1378	12
(11, 90)	1379	18.75
(2, 411)	1380	9.375
(11, 93)	1381	10.5
(9, 89)	1382	9
(11, 71)	1383	18
(5, 249)	1384	-30.0
(12, 97)	1385	-45.0
(12, 98)	1386	-51
(13, 14)	1387	-69.0
(18, 204)	1388	21.0
(18, 205)	1389	34.5
(19, 22)	1390	51.0
(12, 76)	1391	-12.0
(5, 202)	1392	-9.0
(5, 252)	1393	-45
(5, 253)	1394	-45
(5, 254)	1395	-63
(12, 99)	1396	-51
(9, 91)	1397	3
(18, 206)	1398	-3.0
(5, 255)	1399	-3
(5, 256)	1400	-3
(8, 3)	1401	-21
(7, 12)	1402	-33.0
(5, 257)	1403	-6.0
(5, 258)	1404	-9
(5, 259)	1405	-15
(2, 412)	1406	13.3125
(2, 291)	1407	0.0
(2, 413)	1408	0
(18, 207)	1409	9
(9, 92)	1410	1.5
(10, 33)	1411	12
(12, 100)	1412	-3
(5, 243)	1413	-3.0
(2, 49)	1414	-6
(12, 48)	1415	-3
(5, 228)	1416	-18.0
(5, 9)	1417	-27
(8, 13)	1418	-33.0
(7, 8)	1419	-36.0
(5, 262)	1420	-9
(1, 187)	1421	0
(1, 188)	1422	-6
(9, 93)	1423	-3
(5, 144)	1424	-9.0
(5, 230)	1425	-15
(6, 40)	1426	-15.0
(6, 41)	1427	-30
(11, 94)	1428	-30.0
(5, 264)	1429	-6.0
(5, 265)	1430	-12.0
(19, 31)	1431	-6.0
(18, 202)	1432	28.590044393759474
(18, 208)	1433	6.0
(1, 189)	1434	-12
(5, 110)	1435	-9
(6, 29)	1436	-12
(8, 15)	1437	-21
(8, 14)	1438	-27
(8, 16)	1439	-39
(5, 267)	1440	0.0
(2, 208)	1441	-9.0
(12, 101)	1442	-18.0
(12, 102)	1443	-45
(12, 103)	1444	-45
(5, 269)	1445	-9
(18, 27)	1446	10.5
(5, 266)	1447	-12.0
(5, 78)	1448	-15
(9, 94)	1449	3
(9, 95)	1450	15
(2, 127)	1451	6.0
(1, 190)	1452	6.0
(5, 271)	1453	3
(5, 272)	1454	6.0
(2, 418)	1455	-6
(5, 273)	1456	-15
(2, 6)	1457	-6.0
(2, 23)	1458	-18.0
(13, 36)	1459	-18.0
(1, 191)	1460	-6
(1, 192)	1461	0
(9, 75)	1462	-6.0
(2, 292)	1463	6.75
(2, 419)	1464	24
(5, 274)	1465	3
(5, 275)	1466	-3
(2, 420)	1467	8.25
(18, 95)	1468	18.0
(2, 421)	1469	-6
(2, 417)	1470	12
(2, 422)	1471	9.292722679674625
(2, 343)	1472	3.0
(11, 95)	1473	16.279425144195557
(2, 423)	1474	18
(2, 121)	1475	9.0
(18, 209)	1476	21.0
(2, 244)	1477	6.0
(18, 133)	1478	14.25
(2, 285)	1479	-2.935546875
(18, 211)	1480	18.67822265625
(2, 424)	1481	0
(11, 96)	1482	6.75
(2, 425)	1483	-12
(2, 426)	1484	-12.0
(2, 427)	1485	-12
(11, 97)	1486	-12.0
(2, 428)	1487	6
(2, 429)	1488	-4.5
(2, 430)	1489	-6
(1, 193)	1490	-18
(1, 159)	1491	-6
(1, 35)	1492	-12
(9, 96)	1493	-15
(2, 431)	1494	6
(18, 212)	1495	14.986175537109375
(2, 432)	1496	3.0
(2, 410)	1497	-10.5
(2, 434)	1498	10.5
(2, 435)	1499	18
(12, 104)	1500	21
(5, 276)	1501	-3
(12, 74)	1502	-15
(2, 436)	1503	6
(12, 94)	1504	15
(12, 105)	1505	3
(18, 193)	1506	-9
(5, 278)	1507	3
(5, 279)	1508	6.0
(5, 260)	1509	3
(5, 285)	1510	-27
(5, 286)	1511	-33
(6, 48)	1512	-33.0
(2, 372)	1513	-12
(2, 440)	1514	-36
(2, 441)	1515	-12
(16, 62)	1516	45.0234375
(19, 32)	1517	21
(2, 442)	1518	5.109375
(18, 214)	1519	3.814453125
(18, 177)	1520	0.75
(2, 227)	1521	18
(1, 194)	1522	3.0
(2, 444)	1523	6
(18, 120)	1524	9
(18, 215)	1525	27.0
(2, 402)	1526	12
(11, 100)	1527	24.75
(18, 216)	1528	15.0
(10, 48)	1529	24
(15, 14)	1530	33
(16, 63)	1531	60
(2, 448)	1532	16.5
(18, 102)	1533	33
(18, 217)	1534	27
(2, 449)	1535	6
(18, 218)	1536	22.875
(18, 219)	1537	-9
(2, 446)	1538	18.7265625
(18, 220)	1539	33
(2, 450)	1540	6
(2, 451)	1541	6
(2, 452)	1542	5.994128375896082
(18, 221)	1543	22.720198040921243
(2, 445)	1544	8.281585693359375
(9, 26)	1545	21.0
(18, 222)	1546	24.0
(5, 287)	1547	-9
(5, 288)	1548	-15
(12, 106)	1549	-39
(13, 38)	1550	-54
(2, 453)	1551	3.0
(2, 454)	1552	6.0
(9, 97)	1553	21
(2, 455)	1554	-9.0
(16, 64)	1555	24
(15, 15)	1556	15
(18, 223)	1557	-0.825439453125
(2, 456)	1558	12
(17, 17)	1559	57
(2, 458)	1560	0
(9, 98)	1561	9
(2, 459)	1562	9.0
(18, 225)	1563	15
(18, 226)	1564	9.187500022351742
(11, 102)	1565	36
(2, 28)	1566	-3.0
(18, 227)	1567	27
(18, 228)	1568	45
(1, 195)	1569	-9.0
(9, 99)	1570	-3
(9, 100)	1571	-3
(18, 229)	1572	3
(18, 224)	1573	9.75
(18, 230)	1574	15.375
(16, 65)	1575	49.644962427788414
(2, 461)	1576	6
(2, 460)	1577	9.224871872014779
(9, 101)	1578	-12.0
(10, 49)	1579	-6
(9, 102)	1580	-27
(2, 462)	1581	-30
(2, 463)	1582	-30.0
(11, 103)	1583	-30
(3, 19)	1584	-33
(2, 457)	1585	12
(18, 231)	1586	15
(5, 33)	1587	3.0
(5, 289)	1588	-3
(5, 290)	1589	-9
(5, 291)	1590	-3
(2, 466)	1591	-18
(5, 292)	1592	9
(5, 293)	1593	-9
(2, 467)	1594	-12
(18, 232)	1595	-9
(2, 468)	1596	9.375
(2, 437)	1597	12.0
(2, 469)	1598	6.0
(2, 470)	1599	3.0
(18, 234)	1600	-18.0
(18, 235)	1601	0.0
(18, 233)	1602	6.0
(2, 354)	1603	18
(18, 236)	1604	-18.0
(9, 52)	1605	9
(17, 18)	1606	63.0
(12, 108)	1607	-9
(17, 19)	1608	63
(2, 472)	1609	24
(2, 194)	1610	0
(2, 473)	1611	0
(2, 474)	1612	-24
(11, 104)	1613	12
(1, 196)	1614	-6
(1, 197)	1615	-30
(5, 294)	1616	-9
(5, 295)	1617	-9
(5, 296)	1618	-33
(5, 268)	1619	-27
(5, 297)	1620	-15
(16, 66)	1621	54
(18, 108)	1622	27
(2, 475)	1623	6
(11, 59)	1624	12
(2, 476)	1625	24
(12, 72)	1626	3
