(1, 1)	0	0.0029296875
(1, 2)	1	-18.0
(1, 3)	2	-6
(1, 4)	3	6
(2, 1)	4	-9
(3, 1)	5	-21.0
(3, 2)	6	-12
(4, 1)	7	-24.0
(4, 2)	8	-27.0
(4, 3)	9	-27.0
(5, 1)	10	-42.28125
(6, 1)	11	-51.375
(1, 5)	12	-6.0
(7, 1)	13	3.0
(7, 2)	14	-15
(3, 3)	15	-15.75
(4, 4)	16	-21
(4, 5)	17	-27.0
(4, 6)	18	-24.0
(4, 7)	19	-39.0
(4, 8)	20	-45
(8, 1)	21	-42.9375
(9, 1)	22	-51
(1, 6)	23	0
(7, 3)	24	0.0
(7, 4)	25	-15
(7, 5)	26	-9.0
(10, 1)	27	-12
(11, 1)	28	-21.0
(11, 2)	29	-9
(11, 3)	30	3.0
(12, 1)	31	6.0
(12, 2)	32	7.5
(12, 3)	33	18
(13, 1)	34	21
(14, 1)	35	24
(1, 7)	36	0
(1, 8)	37	3.0
(1, 9)	38	-18
(2, 2)	39	-9
(3, 4)	40	-15.0
(3, 5)	41	-18
(4, 9)	42	-21
(4, 10)	43	-21
(15, 1)	44	-39.0
(13, 2)	45	-18.0
(16, 1)	46	-18.275390625
(17, 1)	47	-21.0
(1, 10)	48	-24
(3, 6)	49	-18
(3, 7)	50	-18.0
(4, 11)	51	-13.5
(15, 2)	52	-12.0
(15, 3)	53	-21.0
(15, 4)	54	-18
(15, 5)	55	-18
(16, 2)	56	-13.125
(1, 11)	57	0.0
(1, 12)	58	6.0
(2, 3)	59	-21
(2, 4)	60	-21.0
(2, 5)	61	-45
(18, 1)	62	-42
(4, 12)	63	-36.0
(4, 13)	64	-57
(8, 2)	65	-63.0
(9, 2)	66	-69
(1, 13)	67	-3.0
(1, 14)	68	-24
(1, 15)	69	-24
(7, 6)	70	-9
(3, 8)	71	-6
(15, 6)	72	0.0
(15, 7)	73	6
(5, 2)	74	3
(16, 3)	75	7.5
(16, 4)	76	6
(19, 1)	77	3
(1, 16)	78	0
(1, 17)	79	6.0
(1, 18)	80	-18
(2, 6)	81	-33
(3, 9)	82	-24
(3, 10)	83	-16.5
(4, 14)	84	-33
(8, 3)	85	-34.5
(8, 4)	86	-54
(1, 19)	87	0
(1, 20)	88	0.75
(3, 11)	89	-1.5
(3, 12)	90	3.0
(3, 13)	91	-12
(4, 15)	92	-9
(15, 8)	93	0
(5, 3)	94	-12.0
(3, 14)	95	0
(3, 15)	96	-21.0
(8, 5)	97	-30.0
(20, 1)	98	-24
(20, 2)	99	-42
(20, 3)	100	-18
(21, 1)	101	-21
(22, 1)	102	-54
(23, 1)	103	-21
(23, 2)	104	-21
(24, 1)	105	-33.0
(2, 7)	106	-36.0
(2, 8)	107	-49.5
(18, 2)	108	-54
(18, 3)	109	-51.0
(18, 4)	110	-60.0
(4, 16)	111	-54.0
(4, 17)	112	-48.0
(15, 9)	113	-51.0
(5, 4)	114	-49.6875
(6, 2)	115	-60.0
(20, 4)	116	0
(25, 1)	117	3
(26, 1)	118	-6
(26, 2)	119	-6
(27, 1)	120	-18.0
(28, 1)	121	-30
(28, 2)	122	-30
(28, 3)	123	-30
(24, 2)	124	-39
(29, 1)	125	-48.0
(18, 5)	126	-54.0
(18, 6)	127	-48
(18, 7)	128	-54.0
(4, 18)	129	-48.0
(8, 6)	130	-43.5
(8, 7)	131	-45.0
(8, 8)	132	-45.0
