Loss	[180]	171	-180
Win	[190]	180	-171
Loss	[150]	165	-180
Loss	[130]	135	-180
Loss	[200]	177	-180
Loss	[140]	141	-180
Loss	[160]	177	-180
Loss	[150]	120	-180
Win	[130]	180	-156
Loss	[180]	150	-180
Win	[140]	180	-156
Loss	[140]	156	-180
Win	[170]	180	-177
Loss	[170]	174	-180
Win	[130]	180	-174
Win	[160]	180	-162
Win	[150]	180	-177
Loss	[140]	162	-180
Win	[150]	180	-171
Win	[140]	180	-156
Win	[130]	180	-147
Loss	[160]	162	-180
Loss	[180]	168	-180
Loss	[110]	108	-180
Win	[170]	180	-141
Loss	[170]	171	-180
Loss	[130]	147	-180
Win	[150]	180	-153
Win	[130]	180	-141
Win	[130]	180	-150
Win	[150]	180	-159
Win	[130]	180	-138
Win	[130]	180	-144
Win	[130]	180	-168
Win	[120]	180	-147
Win	[130]	180	-150
Win	[120]	180	-168
Win	[130]	180	-156
Loss	[170]	174	-180
Win	[140]	180	-156
Win	[110]	180	-132
Win	[130]	180	-138
Win	[120]	180	-150
Loss	[170]	177	-180
Loss	[140]	171	-180
Win	[120]	180	-141
Loss	[140]	171	-180
Win	[120]	180	-141
Win	[120]	180	-129
Win	[120]	180	-147
Win	[130]	180	-162
Win	[140]	180	-138
Win	[110]	180	-108
Win	[130]	180	-162
Win	[170]	180	-150
Win	[120]	180	-129
Win	[130]	180	-150
Win	[120]	180	-141
Win	[140]	180	-138
Win	[120]	180	-153
Win	[120]	180	-132
Loss	[150]	162	-180
Win	[130]	180	-144
Win	[160]	180	-174
Win	[190]	180	-177
Loss	[180]	177	-180
Loss	[150]	150	-180
Loss	[150]	138	-180
Win	[210]	180	-177
Loss	[160]	132	-180
Win	[120]	180	-153
Win	[140]	180	-132
Win	[110]	180	-144
Win	[140]	180	-162
Win	[160]	180	-156
Win	[140]	180	-168
Win	[130]	180	-174
Win	[110]	180	-120
Win	[110]	180	-153
Win	[120]	180	-117
Win	[120]	180	-126
Win	[130]	180	-168
Win	[110]	180	-162
Loss	[180]	168	-180
Win	[120]	180	-111
Win	[120]	180	-123
Win	[160]	180	-144
Win	[120]	180	-141
Win	[140]	180	-165
Win	[130]	180	-114
Win	[130]	180	-114
Win	[120]	180	-123
Win	[110]	180	-114
Win	[150]	180	-138
Win	[130]	180	-120
Win	[120]	180	-174
Win	[130]	180	-156
Win	[130]	180	-162
Win	[130]	180	-114
Win	[150]	180	-138
Win	[130]	180	-156
Win	[120]	180	-156
Win	[110]	180	-162
Win	[110]	180	-120
Win	[120]	180	-168
Win	[130]	180	-135
Win	[110]	180	-102
Win	[110]	180	-108
Win	[140]	180	-144
Win	[110]	180	-102
Win	[110]	180	-114
Win	[120]	180	-141
Win	[110]	180	-120
Win	[140]	180	-126
Win	[130]	180	-126
Win	[120]	180	-117
Win	[130]	180	-120
Win	[110]	180	-120
Win	[120]	180	-117
Win	[120]	180	-141
Win	[120]	180	-105
Win	[110]	180	-111
Win	[120]	180	-120
Win	[110]	180	-123
Win	[130]	180	-135
Win	[110]	180	-129
Win	[120]	180	-117
Win	[110]	180	-108
Win	[110]	180	-108
Win	[110]	180	-114
Win	[110]	180	-105
Win	[110]	180	-129
Win	[130]	180	-123
Win	250.0	147	-132
Win	[130]	180	-117
Win	[120]	180	-117
Win	[110]	180	-108
Win	[180]	180	-147
Win	[110]	180	-108
Win	[170]	180	-159
Win	[110]	180	-117
Win	[140]	180	-159
Win	[120]	180	-111
Win	[130]	180	-117
Win	[120]	180	-108
Win	[140]	180	-132
Win	[110]	180	-117
Win	[120]	180	-117
Win	[110]	180	-120
Win	[130]	180	-114
Win	[120]	180	-123
Win	[130]	180	-144
Win	[120]	180	-123
Win	[110]	180	-117
Win	[120]	180	-123
Win	[120]	180	-129
Win	[120]	180	-123
Win	[120]	180	-123
Win	[140]	180	-126
Win	[110]	180	-114
Win	[120]	180	-141
Win	[130]	180	-123
Win	[120]	180	-105
Win	[110]	180	-108
Loss	[160]	150	-180
Win	[130]	180	-138
Win	[120]	180	-123
Win	[120]	180	-123
Win	[110]	180	-135
Win	[120]	180	-99
Win	[110]	180	-129
Win	[120]	180	-123
Win	[170]	180	-150
Win	[120]	180	-111
Win	[120]	180	-117
Win	[110]	180	-99
Win	[120]	180	-123
Win	[110]	180	-117
Win	[130]	180	-132
Win	[120]	180	-117
Win	[120]	180	-123
Win	[150]	180	-129
Win	[120]	180	-105
Win	[120]	180	-126
Win	[110]	180	-135
Win	[120]	180	-123
Win	[120]	180	-105
Loss	[140]	159	-180
Win	[120]	180	-123
Win	[110]	180	-108
Win	[110]	180	-123
Win	[130]	180	-123
Win	[110]	180	-102
Win	[130]	180	-144
Win	[130]	180	-129
Win	[130]	180	-108
Win	[120]	180	-99
Win	[120]	180	-117
Win	[120]	180	-105
Win	[120]	180	-129
Win	[120]	180	-123
Win	[130]	180	-138
Win	[110]	180	-123
Win	[140]	180	-138
Win	[120]	180	-117
Win	[110]	180	-96
Win	[130]	180	-105
Win	[110]	180	-117
Win	[130]	180	-123
Win	[120]	180	-117
Win	[130]	180	-138
Win	[120]	180	-117
Win	[120]	180	-123
Win	[130]	180	-132
Win	[120]	180	-123
Win	[120]	180	-129
Win	[170]	180	-177
Win	[140]	180	-132
Win	[120]	180	-123
Win	[120]	180	-129
Win	[140]	180	-132
Win	[120]	180	-111
Win	[120]	180	-120
Win	[110]	180	-114
Win	[140]	180	-138
Win	[120]	180	-123
Win	[120]	180	-123
Win	[160]	180	-150
Win	[120]	180	-117
Win	[110]	180	-108
Win	[110]	180	-111
Win	[120]	180	-135
Win	[150]	180	-114
Win	[200]	180	-159
Win	[130]	180	-123
Win	[120]	180	-141
Win	[130]	180	-120
Win	[140]	180	-132
Win	[120]	180	-123
Win	[130]	180	-108
Win	[110]	180	-96
Win	[120]	180	-153
Win	[120]	180	-99
Win	[110]	180	-123
Win	[120]	180	-120
Win	[120]	180	-141
Win	[110]	180	-111
Win	[110]	180	-111
Win	[160]	180	-144
Win	[120]	180	-129
Win	[130]	180	-141
Win	[120]	180	-117
Win	[130]	180	-123
Win	[110]	180	-117
Win	[120]	180	-117
Win	[120]	180	-117
Win	[120]	180	-105
Win	[110]	180	-108
Win	[120]	180	-123
Win	[130]	180	-144
Win	[110]	180	-117
Win	[130]	180	-138
Win	[110]	180	-99
Win	[120]	180	-117
Win	[140]	180	-132
Win	[120]	180	-123
Win	[120]	180	-117
Win	[180]	180	-138
Win	[110]	180	-117
Win	[120]	180	-111
Win	[110]	180	-117
Win	[130]	180	-114
Win	[110]	180	-117
Win	[120]	180	-141
Win	[110]	180	-141
Win	[110]	180	-111
Win	[120]	180	-114
Win	[120]	180	-117
Win	[130]	180	-120
Win	[110]	180	-108
Win	[110]	180	-114
Win	[140]	180	-123
Win	[110]	180	-123
Win	[120]	180	-117
Win	[140]	180	-159
Win	[110]	180	-120
Win	[110]	180	-114
Win	[110]	180	-108
Win	[110]	180	-126
Win	[110]	180	-117
Win	[120]	180	-135
Win	[110]	180	-117
Win	[150]	180	-138
Win	[120]	180	-135
Win	[120]	180	-129
Win	[110]	180	-102
Win	[120]	180	-117
Win	[130]	180	-144
Win	[120]	180	-117
Win	[110]	180	-117
Win	[130]	180	-129
Win	[110]	180	-102
Win	[110]	180	-99
Win	[110]	180	-96
Win	[120]	180	-129
Win	[120]	180	-117
Win	[110]	180	-120
Win	[110]	180	-117
Win	[120]	180	-111
Win	[140]	180	-141
Win	[120]	180	-108
Win	[130]	180	-144
Win	[110]	180	-114
Win	[110]	180	-108
Win	[120]	180	-105
Win	[110]	180	-129
Win	[130]	180	-150
Win	[120]	180	-117
Win	[120]	180	-135
Win	[130]	180	-162
Win	[120]	180	-135
Win	[120]	180	-102
Win	[130]	180	-129
Win	[130]	180	-123
Win	[140]	180	-126
Win	[140]	180	-138
Win	[140]	180	-114
Win	[120]	180	-123
Loss	[170]	132	-180
Loss	[210]	168	-180
Win	[110]	180	-129
Win	[110]	180	-114
Win	[120]	180	-129
Win	[120]	180	-123
Win	[110]	180	-102
Loss	[160]	150	-180
Win	[130]	180	-135
Win	[110]	180	-123
Win	[130]	180	-138
Win	[110]	180	-123
Win	[110]	180	-108
Win	[140]	180	-144
Win	[120]	180	-99
Win	[120]	180	-132
Win	[110]	180	-117
Win	[110]	180	-117
Win	[110]	180	-135
Win	[110]	180	-108
Win	[130]	180	-132
Win	[110]	180	-102
Win	[120]	180	-123
Win	[130]	180	-123
Win	[140]	180	-132
Win	[120]	180	-105
Win	[130]	180	-126
Win	[110]	180	-108
Win	[110]	180	-96
Win	[170]	180	-141
Win	[110]	180	-108
Win	[120]	180	-123
Win	[110]	180	-117
Win	[110]	180	-114
Win	[110]	180	-117
Win	[120]	180	-117
Win	[120]	180	-129
Win	[120]	180	-114
Win	[140]	180	-165
Win	[120]	180	-123
Win	[110]	180	-114
Win	[120]	180	-117
Win	[110]	180	-117
Win	[110]	180	-123
Win	[110]	180	-108
Win	[120]	180	-129
Win	[120]	180	-117
Win	[110]	180	-120
Win	[120]	180	-117
Win	[140]	180	-138
Win	[130]	180	-126
Win	[120]	180	-135
Win	[110]	180	-114
Win	[130]	180	-117
Win	[120]	180	-123
Win	[120]	180	-105
Win	[140]	180	-132
Win	[130]	180	-114
Win	[120]	180	-117
Win	[110]	180	-117
Win	[110]	180	-117
Win	[120]	180	-117
Win	[110]	180	-102
Win	[120]	180	-117
Win	[180]	180	-168
Win	[120]	180	-99
Win	[120]	180	-123
Win	[130]	180	-129
Win	[110]	180	-114
Win	[120]	180	-144
Win	[120]	180	-117
Win	[140]	180	-126
Win	[120]	180	-117
Win	[130]	180	-126
Win	[190]	180	-147
Win	[110]	180	-111
Win	[120]	180	-99
Win	[110]	180	-108
Win	[120]	180	-135
Win	250.0	147	-114
Win	[120]	180	-117
Win	[120]	180	-144
Win	[110]	180	-129
Win	[120]	180	-117
Win	[120]	180	-123
Win	[120]	180	-129
Win	[170]	180	-171
Win	[130]	180	-132
Win	[110]	180	-117
Win	[130]	180	-138
Win	[130]	180	-111
Win	[120]	180	-117
Win	[120]	180	-111
Win	[120]	180	-123
Win	[130]	180	-135
Win	[130]	180	-156
Win	[120]	180	-123
Win	[110]	180	-129
Win	[150]	180	-126
Win	[110]	180	-96
Win	[110]	180	-117
Win	[120]	180	-159
Win	[120]	180	-123
Win	[140]	180	-144
Win	[130]	180	-141
Win	[120]	180	-117
Win	[150]	180	-165
Win	[120]	180	-123
Win	[140]	180	-132
Loss	[160]	168	-180
Win	[110]	180	-135
Win	[130]	180	-129
Win	[120]	180	-123
Win	[140]	180	-114
Win	[130]	180	-150
Win	[110]	180	-123
Win	[110]	180	-96
Win	[140]	180	-138
Win	[110]	180	-117
Win	[110]	180	-123
Win	[110]	180	-108
Win	[110]	180	-102
Win	[120]	180	-129
Win	[110]	180	-120
Win	[120]	180	-156
Win	[110]	180	-117
Win	[120]	180	-123
Win	[120]	180	-117
Win	[110]	180	-135
Win	[110]	180	-108
Win	[140]	180	-132
Win	[160]	180	-126
Win	[120]	180	-123
Win	[120]	180	-123
Win	[110]	180	-117
Win	[150]	180	-126
Win	[110]	180	-120
Win	[140]	180	-120
Win	[120]	180	-117
Win	[120]	180	-123
Win	[110]	180	-108
Win	[110]	180	-120
Win	[140]	180	-144
Win	[120]	180	-105
Win	[110]	180	-108
Win	[120]	180	-117
Win	[120]	180	-117
Win	[140]	180	-126
Win	[140]	180	-138
Win	[150]	180	-132
Win	[120]	180	-111
Win	[130]	180	-117
Win	[110]	180	-117
Win	[130]	180	-144
Win	[120]	180	-123
Win	[130]	180	-111
Win	[110]	180	-129
Win	[120]	180	-117
Win	[130]	180	-144
Win	[150]	180	-135
Win	[110]	180	-120
Win	[110]	180	-102
Win	[120]	180	-111
Win	[110]	180	-129
Win	[120]	180	-117
Win	[110]	180	-102
Win	[110]	180	-117
Win	[120]	180	-111
Win	[130]	180	-141
Win	[120]	180	-132
Win	[140]	180	-126
Win	[120]	180	-99
Win	[110]	180	-123
Win	[110]	180	-117
Win	[120]	180	-117
Win	[120]	180	-120
Win	[110]	180	-96
Win	[170]	180	-171
Win	[130]	180	-135
Win	[110]	180	-120
Win	[120]	180	-117
Win	[150]	180	-123
Win	[120]	180	-132
Win	[110]	180	-108
Win	[110]	180	-123
Loss	[170]	168	-180
Win	[120]	180	-129
Win	[120]	180	-123
Win	[110]	180	-108
Win	[120]	180	-123
Win	[120]	180	-135
Win	[110]	180	-96
Win	[110]	180	-129
Win	[110]	180	-108
Win	[120]	180	-117
Win	[130]	180	-138
Win	[130]	180	-132
Win	[110]	180	-108
Win	[130]	180	-126
Win	[130]	180	-132
Win	[120]	180	-117
Win	[120]	180	-117
Win	[120]	180	-129
Win	[120]	180	-123
Win	[130]	180	-126
Win	[120]	180	-129
Win	[130]	180	-117
Win	[120]	180	-111
Win	[110]	180	-117
Win	[110]	180	-108
Win	[130]	180	-123
Win	[110]	180	-120
Win	[120]	180	-99
Win	[120]	180	-123
Win	[110]	180	-123
Win	[110]	180	-111
Win	[120]	180	-123
Win	[110]	180	-129
Win	[110]	180	-96
Win	[110]	180	-114
Win	[120]	180	-117
Win	[140]	180	-132
Win	[130]	180	-141
Win	[120]	180	-117
Win	[110]	180	-96
Win	[110]	180	-126
Win	[120]	180	-120
Win	[110]	180	-96
Win	[110]	180	-108
Win	[120]	180	-123
Win	[110]	180	-117
Win	[120]	180	-117
Win	[110]	180	-117
Win	[140]	180	-126
Win	[120]	180	-123
Win	[110]	180	-96
Win	[120]	180	-117
Win	[110]	180	-105
Win	[140]	180	-126
Win	[110]	180	-105
Win	[110]	180	-117
Win	[150]	180	-111
Win	[120]	180	-117
Win	[140]	180	-138
Win	[120]	180	-123
Win	[130]	180	-123
Win	[130]	180	-126
Win	[130]	180	-108
Win	[120]	180	-117
Win	[110]	180	-114
Win	[130]	180	-129
Win	[130]	180	-132
Win	[110]	180	-96
Win	[150]	180	-138
Win	[120]	180	-117
Win	[140]	180	-132
Win	[110]	180	-123
Win	[150]	180	-150
Win	[120]	180	-117
Win	[110]	180	-114
Win	[110]	180	-114
Win	[140]	180	-132
Win	[110]	180	-120
Win	[120]	180	-123
Win	[140]	180	-144
Win	[120]	180	-117
Win	[120]	180	-105
Win	[110]	180	-102
Win	[110]	180	-108
Win	[120]	180	-111
Win	[150]	180	-138
Win	[120]	180	-117
Win	[120]	180	-123
Win	[110]	180	-117
Win	[140]	180	-132
Win	[110]	180	-117
Win	[110]	180	-114
Win	[130]	180	-144
Win	[120]	180	-129
Win	[190]	180	-153
Win	[110]	180	-120
Win	[110]	180	-129
Win	[110]	180	-108
Win	[120]	180	-123
Win	[110]	180	-102
Win	[130]	180	-123
Win	[130]	180	-132
Win	[120]	180	-123
Win	[140]	180	-126
Win	[120]	180	-117
Win	[150]	180	-138
Win	[110]	180	-117
Win	[140]	180	-126
Win	[110]	180	-123
Win	[120]	180	-132
Win	[110]	180	-117
Win	[120]	180	-117
Win	[110]	180	-135
Win	[140]	180	-138
Win	[120]	180	-117
Win	[120]	180	-123
Win	[110]	180	-114
Win	[130]	180	-144
Win	[130]	180	-114
Win	[120]	180	-117
Win	[120]	180	-138
Win	[110]	180	-114
Win	[120]	180	-111
Loss	[160]	156	-180
Win	[110]	180	-117
Win	[110]	180	-123
Win	[110]	180	-117
Win	[120]	180	-144
Win	[110]	180	-102
Win	[130]	180	-138
Win	[120]	180	-147
Win	[110]	180	-117
Win	[110]	180	-120
Win	[110]	180	-114
Win	[120]	180	-117
Win	[150]	180	-138
Win	[110]	180	-114
Win	[130]	180	-138
Win	[120]	180	-117
Win	[120]	180	-117
Win	[120]	180	-135
Win	[120]	180	-135
Win	[120]	180	-123
Win	[120]	180	-123
Win	[120]	180	-111
Win	[120]	180	-135
Win	[120]	180	-117
Win	[140]	180	-126
Win	[170]	180	-141
Win	[120]	180	-129
Win	[110]	180	-114
Win	[120]	180	-99
Win	[130]	180	-114
Win	[120]	180	-123
Win	[110]	180	-96
Win	[110]	180	-123
Win	[120]	180	-111
Win	[130]	180	-144
Win	[120]	180	-147
Win	[120]	180	-129
Win	[130]	180	-123
Win	[140]	180	-132
Win	[120]	180	-108
Win	[140]	180	-126
Win	[120]	180	-117
Win	[170]	180	-141
Win	[120]	180	-105
Win	[140]	180	-126
Win	[130]	180	-111
Win	[110]	180	-114
Win	[110]	180	-117
Win	[120]	180	-123
Win	[120]	180	-111
Win	[110]	180	-129
Win	[160]	180	-147
Win	[110]	180	-117
Win	[140]	180	-129
Win	[150]	180	-120
Win	[110]	180	-120
Win	[120]	180	-117
Win	[140]	180	-114
Win	[150]	180	-165
Win	[110]	180	-120
Win	[110]	180	-129
Win	[110]	180	-111
Win	[140]	180	-138
Win	[110]	180	-108
Win	[120]	180	-117
Win	[150]	180	-147
Win	[120]	180	-111
Win	[110]	180	-135
Win	[110]	180	-117
Win	[120]	180	-117
Win	[110]	180	-96
Win	[140]	180	-132
Win	[120]	180	-117
Win	[130]	180	-126
Win	[130]	180	-108
Win	[120]	180	-123
Win	[110]	180	-96
Loss	[150]	150	-180
Win	[110]	180	-117
Win	[140]	180	-120
Win	[120]	180	-117
Win	[120]	180	-105
Win	[120]	180	-129
Win	[120]	180	-129
Win	[130]	180	-129
Win	[120]	180	-111
Loss	[150]	159	-180
Win	[110]	180	-96
Win	[150]	180	-129
Win	[120]	180	-123
Win	[110]	180	-123
Win	[110]	180	-117
Win	[120]	180	-123
Win	[110]	180	-114
Win	[120]	180	-105
Win	[110]	180	-111
Win	[120]	180	-117
Win	[140]	180	-126
Win	[110]	180	-126
Win	[120]	180	-111
Win	[120]	180	-117
Win	[120]	180	-141
Win	[120]	180	-117
Win	[120]	180	-111
Win	[110]	180	-117
Win	[110]	180	-117
Win	[120]	180	-135
Win	[120]	180	-99
Win	[120]	180	-135
Win	[120]	180	-111
Win	[120]	180	-111
Win	[120]	180	-123
Win	[110]	180	-99
Win	[120]	180	-123
Win	[110]	180	-111
Win	[120]	180	-117
Win	[120]	180	-123
Win	[120]	180	-117
Win	[110]	180	-111
Win	[110]	180	-117
Win	[120]	180	-123
Win	[150]	180	-144
Win	[110]	180	-102
Win	[110]	180	-117
Win	[160]	180	-123
Win	[130]	180	-144
Win	[140]	180	-132
Win	[110]	180	-135
Win	[120]	180	-111
Win	[110]	180	-99
Win	[110]	180	-126
Win	[140]	180	-117
Win	[110]	180	-114
Win	[120]	180	-144
Win	[110]	180	-96
Win	[120]	180	-117
Win	[120]	180	-117
Win	[120]	180	-99
Win	[120]	180	-117
Win	[140]	180	-141
Win	[120]	180	-111
Win	[140]	180	-132
Win	[140]	180	-138
Win	[110]	180	-114
Win	[110]	180	-120
Win	[120]	180	-105
Win	[120]	180	-123
Win	[120]	180	-120
Win	[110]	180	-111
Win	[140]	180	-120
Win	[120]	180	-141
Win	[120]	180	-147
Win	[120]	180	-117
Win	[120]	180	-117
Win	[140]	180	-138
Win	[120]	180	-117
Win	[130]	180	-141
Win	[130]	180	-132
Win	[110]	180	-135
Win	[120]	180	-117
Win	[110]	180	-117
Win	[110]	180	-105
Win	[120]	180	-129
Win	[110]	180	-96
Win	[110]	180	-105
Win	[110]	180	-117
Win	[120]	180	-117
Win	[120]	180	-129
Win	[110]	180	-96
Win	[140]	180	-132
Win	[140]	180	-138
Win	[120]	180	-117
Win	[120]	180	-129
Win	[110]	180	-114
Win	[130]	180	-123
Win	[120]	180	-123
Win	[120]	180	-117
Win	[120]	180	-108
Win	[110]	180	-123
Win	250.0	177	-138
Win	[120]	180	-123
Win	[110]	180	-108
Win	[110]	180	-117
Win	[110]	180	-114
Win	[120]	180	-117
Win	[110]	180	-108
Win	[110]	180	-108
Win	[130]	180	-150
Win	[120]	180	-123
Win	[140]	180	-120
Win	[110]	180	-102
Win	[110]	180	-96
Win	[120]	180	-144
Win	[140]	180	-138
Win	[140]	180	-144
Win	[120]	180	-117
Win	[110]	180	-102
Win	[110]	180	-129
Win	[130]	180	-150
Win	[110]	180	-114
Win	[120]	180	-123
Win	[120]	180	-129
Win	[140]	180	-168
Win	[110]	180	-117
Win	[120]	180	-117
Win	[130]	180	-138
Win	250.0	168	-177
Win	[150]	180	-144
Win	[120]	180	-123
Win	[130]	180	-114
Win	[130]	180	-138
Win	[110]	180	-108
Win	[120]	180	-129
Win	[110]	180	-96
Win	[120]	180	-111
Win	[130]	180	-138
Loss	[180]	177	-180
Win	[110]	180	-108
Win	[110]	180	-123
Win	[110]	180	-123
Win	[120]	180	-117
Win	[120]	180	-129
Win	[110]	180	-108
Win	[110]	180	-96
Win	[130]	180	-132
Win	[120]	180	-117
Win	[120]	180	-129
Win	[120]	180	-111
Win	[110]	180	-117
Win	[120]	180	-117
Win	[120]	180	-129
Win	[120]	180	-117
Win	[110]	180	-123
Win	[140]	180	-138
Win	[130]	180	-117
Win	[110]	180	-102
Win	[120]	180	-117
Win	[110]	180	-129
Win	[120]	180	-129
Win	[110]	180	-117
Win	[110]	180	-117
Win	[150]	180	-117
Win	[110]	180	-117
Win	[110]	180	-123
Win	[110]	180	-102
Win	[120]	180	-117
Win	[120]	180	-123
Win	[110]	180	-102
Win	[120]	180	-129
Win	[110]	180	-102
Win	[110]	180	-102
Win	[120]	180	-117
Win	[150]	180	-138
Win	[110]	180	-129
Win	[120]	180	-126
Win	[120]	180	-105
Win	[120]	180	-123
Win	[140]	180	-144
Win	[120]	180	-138
Win	[110]	180	-129
Win	[120]	180	-135
Win	[130]	180	-138
Loss	[130]	135	-180
Win	[110]	180	-135
Win	[150]	180	-150
Win	[110]	180	-96
Win	[130]	180	-144
Win	[120]	180	-123
Win	[120]	180	-132
Win	[120]	180	-123
Win	[140]	180	-117
Win	[130]	180	-138
Win	[170]	180	-171
Win	[120]	180	-129
Win	[120]	180	-123
Win	[140]	180	-132
Win	[120]	180	-123
Win	[140]	180	-138
Win	[140]	180	-141
Win	[130]	180	-144
Loss	[140]	165	-180
Loss	[150]	174	-180
Win	[150]	180	-147
Win	[120]	180	-129
Win	[120]	180	-129
Win	[120]	180	-123
Win	[120]	180	-123
Win	[140]	180	-132
Win	[130]	180	-138
Win	[110]	180	-102
Loss	[170]	168	-180
Win	[110]	180	-102
Loss	[140]	141	-180
Win	[110]	180	-105
Win	[110]	180	-105
Win	[120]	180	-135
Win	[120]	180	-117
Win	[110]	180	-102
Loss	[140]	171	-180
Win	[120]	180	-117
Win	[120]	180	-135
Win	[130]	180	-135
Win	[120]	180	-117
Loss	[140]	159	-180
Win	[110]	180	-108
Win	[110]	180	-129
Win	[110]	180	-129
Win	[110]	180	-105
Win	[110]	180	-114
Win	[120]	180	-135
Win	[110]	180	-102
Win	[110]	180	-129
Win	[120]	180	-117
Loss	[140]	153	-180
Win	[110]	180	-129
Win	[120]	180	-117
Win	[120]	180	-138
Win	[120]	180	-123
Win	[120]	180	-132
Win	[110]	180	-123
Win	[110]	180	-114
Win	[110]	180	-129
Loss	[140]	147	-180
Win	[110]	180	-117
Win	[110]	180	-123
Win	[150]	180	-135
Win	[120]	180	-147
Win	[120]	180	-123
Win	[120]	180	-138
Win	[120]	180	-117
Win	[130]	180	-135
Win	[110]	180	-120
Win	[190]	180	-132
Win	[110]	180	-96
Win	[120]	180	-129
Win	[130]	180	-138
Win	[110]	180	-129
Win	[120]	180	-117
Loss	[140]	159	-180
Win	[110]	180	-120
Win	[110]	180	-123
Win	[170]	180	-171
Win	[110]	180	-120
Win	[120]	180	-129
Win	[110]	180	-123
Win	[130]	180	-138
Win	[120]	180	-135
Win	[110]	180	-123
Win	[130]	180	-135
Win	[140]	180	-156
Win	[110]	180	-117
Win	[150]	180	-162
Win	[130]	180	-138
Win	[110]	180	-129
Win	[120]	180	-129
Win	[110]	180	-102
Win	[120]	180	-111
Win	[120]	180	-156
Win	[120]	180	-135
Win	[150]	180	-138
Win	[120]	180	-123
Win	[140]	180	-144
Win	[150]	180	-144
Win	[110]	180	-123
Win	[110]	180	-96
Win	[120]	180	-141
Win	[130]	180	-138
Win	[120]	180	-135
Win	[130]	180	-138
Win	[120]	180	-123
Win	[120]	180	-123
Win	[150]	180	-147
Win	[120]	180	-111
Win	[120]	180	-111
Win	[110]	180	-129
Win	[110]	180	-114
Win	[150]	180	-153
Win	[120]	180	-105
Win	[110]	180	-96
Win	[110]	180	-102
Win	[150]	180	-126
Loss	[140]	159	-180
Win	[110]	180	-120
Win	[110]	180	-129
Win	[110]	180	-123
Win	[120]	180	-123
Win	[110]	180	-123
Win	[160]	180	-153
Win	[120]	180	-141
Win	[120]	180	-129
Win	[120]	180	-123
Win	[110]	180	-117
Win	[120]	180	-123
Win	[110]	180	-120
Win	[120]	180	-132
Win	[110]	180	-135
Win	[150]	180	-138
Win	[140]	180	-126
Win	[120]	180	-141
Win	[110]	180	-108
Win	[130]	180	-126
Win	[130]	180	-144
Loss	[160]	168	-180
Win	[120]	180	-132
Win	[130]	180	-141
Win	[110]	180	-120
Win	[120]	180	-117
Loss	[140]	159	-180
Win	[110]	180	-123
Win	[110]	180	-123
Win	[120]	180	-123
Win	[120]	180	-129
Win	[150]	180	-126
Win	[110]	180	-132
Win	[120]	180	-135
Win	[110]	180	-129
Win	[110]	180	-114
Win	[130]	180	-144
Loss	[140]	165	-180
Win	[120]	180	-123
Win	[110]	180	-123
Win	[120]	180	-129
Win	[120]	180	-138
Win	[130]	180	-126
Win	[120]	180	-123
Win	[110]	180	-102
Win	[140]	180	-144
Win	[120]	180	-150
Loss	[170]	174	-180
Win	[150]	180	-144
Win	[150]	180	-150
Win	[120]	180	-129
Win	[110]	180	-129
Win	[130]	180	-135
Win	[110]	180	-129
Win	[120]	180	-123
Win	[110]	180	-120
Win	[130]	180	-144
Win	[110]	180	-129
Win	[120]	180	-123
Win	[120]	180	-141
Win	[170]	180	-153
Win	[110]	180	-114
Loss	[140]	147	-180
Win	[130]	180	-123
Win	[120]	180	-138
Win	[160]	180	-156
Win	[160]	180	-147
Win	[110]	180	-111
Win	[110]	180	-108
Win	[120]	180	-105
Win	[110]	180	-108
Win	[130]	180	-156
Win	[120]	180	-117
Win	[120]	180	-129
Win	[160]	180	-171
Win	[150]	180	-120
Win	[110]	180	-129
Win	[130]	180	-129
Win	[120]	180	-126
Win	[110]	180	-123
Win	[140]	180	-138
Win	[120]	180	-138
Win	[110]	180	-96
Win	[110]	180	-102
Win	[110]	180	-141
Win	[120]	180	-129
Loss	[140]	159	-180
Win	[120]	180	-129
Win	[120]	180	-147
Win	[110]	180	-129
Win	[140]	180	-138
Loss	[170]	174	-180
Loss	[140]	165	-180
Win	[110]	180	-123
Win	[110]	180	-135
Win	[150]	180	-141
Win	[150]	180	-141
Win	[120]	180	-129
Win	[150]	180	-156
Win	[120]	180	-120
Win	[110]	180	-129
Win	[110]	180	-117
Win	[120]	180	-132
Win	[120]	180	-129
Win	[120]	180	-129
Win	[160]	180	-156
Win	[120]	180	-111
Win	[130]	180	-132
Win	[120]	180	-117
Win	[150]	180	-168
Win	[110]	180	-108
Win	[120]	180	-135
Win	[110]	180	-120
Win	[110]	180	-135
Win	[110]	180	-135
Win	[150]	180	-141
Win	[130]	180	-138
Win	[130]	180	-138
Win	[130]	180	-138
Win	[120]	180	-129
Win	[120]	180	-138
Win	[120]	180	-129
Win	[130]	180	-132
Win	[110]	180	-108
Loss	[140]	159	-180
Win	[110]	180	-114
Win	[120]	180	-123
Win	[110]	180	-129
Win	[120]	180	-129
Win	[110]	180	-102
Loss	[140]	171	-180
Win	[130]	180	-138
Win	[120]	180	-138
Win	[110]	180	-114
Win	[120]	180	-123
Win	[130]	180	-141
Win	[110]	180	-168
Win	[110]	180	-102
Win	[110]	180	-108
Win	[110]	180	-168
Win	[120]	180	-162
Win	[110]	180	-162
Win	[120]	180	-171
Win	[120]	180	-159
Loss	[130]	177	-180
Win	[130]	180	-156
Win	[110]	180	-153
Win	[130]	180	-156
Loss	[140]	165	-180
Win	[110]	180	-165
Win	[120]	180	-147
Win	[110]	180	-153
Win	[110]	180	-156
Loss	[150]	162	-180
Win	[120]	180	-168
Loss	[160]	168	-180
Win	[110]	180	-162
Win	[150]	180	-156
Win	[120]	180	-174
Loss	[130]	165	-180
Win	[130]	180	-156
Win	[180]	180	-177
Win	[120]	180	-162
Win	[130]	180	-159
Win	[110]	180	-165
Win	[130]	180	-153
Win	[110]	180	-129
Win	[110]	180	-138
Loss	[130]	153	-180
Win	[120]	180	-174
Win	[120]	180	-162
Win	[120]	180	-168
Win	[110]	180	-141
Win	[110]	180	-138
Win	[110]	180	-132
Win	[120]	180	-150
Win	[120]	180	-150
Win	[120]	180	-150
Win	[130]	180	-138
Win	[170]	180	-165
Win	[130]	180	-153
Win	[120]	180	-99
Win	[140]	180	-144
Win	[140]	180	-144
Win	[170]	180	-165
Win	[190]	180	-153
Win	[150]	180	-150
Win	[150]	180	-141
Loss	[170]	171	-180
Win	[140]	180	-144
Win	[130]	180	-120
Win	[160]	180	-168
Loss	[170]	162	-180
Win	[120]	180	-141
Loss	[170]	174	-180
Win	[110]	180	-120
Win	[160]	180	-171
Loss	[170]	150	-180
Loss	[130]	135	-180
Win	[180]	180	-177
Win	[120]	180	-147
Loss	[130]	138	-180
Loss	[130]	156	-180
Win	[150]	180	-177
Win	[140]	180	-168
Win	[120]	180	-123
Win	[110]	180	-135
Win	[160]	180	-168
Win	[120]	180	-135
Loss	[170]	162	-180
Loss	[140]	156	-180
Win	[120]	180	-171
Loss	[160]	168	-180
Win	[130]	180	-144
Win	[130]	180	-174
Loss	[160]	150	-180
Loss	[150]	171	-180
Loss	[120]	132	-180
Win	[150]	180	-171
Loss	[120]	174	-180
Win	[150]	180	-156
Win	[140]	180	-132
Win	[110]	180	-102
Win	[140]	180	-129
Win	[110]	180	-120
Win	[160]	180	-162
Win	[130]	180	-141
Win	[120]	180	-129
Win	[120]	180	-129
Win	[120]	180	-150
Win	[130]	180	-147
Win	[160]	180	-168
Win	[120]	180	-129
Win	[120]	180	-129
Win	[170]	180	-171
Win	[110]	180	-123
Win	[140]	180	-141
Win	[120]	180	-135
Win	[140]	180	-135
Win	[120]	180	-141
Win	[180]	180	-177
Win	[120]	180	-129
Win	[110]	180	-129
Win	[120]	180	-135
Win	[120]	180	-159
Win	[170]	180	-171
Win	[130]	180	-138
Win	[140]	180	-150
Win	[120]	180	-123
Win	[120]	180	-147
Win	[140]	180	-150
Win	[140]	180	-138
Win	[150]	180	-138
Win	[150]	180	-144
Win	[110]	180	-129
Win	[120]	180	-135
Win	[120]	180	-129
Win	[120]	180	-144
Win	[130]	180	-144
Win	[180]	180	-177
Win	[110]	180	-135
Win	[120]	180	-138
Win	[120]	180	-135
Win	[120]	180	-141
Win	[120]	180	-129
Loss	[130]	174	-180
Win	[130]	180	-138
Win	[140]	180	-156
Win	[120]	180	-123
Win	[170]	180	-159
Win	[110]	180	-114
Win	[120]	180	-111
Win	[130]	180	-123
Loss	[160]	141	-180
Win	[150]	180	-141
Win	[130]	180	-135
Loss	[170]	174	-180
Win	[120]	180	-111
Win	[130]	180	-147
Win	[140]	180	-132
Win	[140]	180	-141
Win	[120]	180	-135
Win	[110]	180	-135
Win	[140]	180	-135
Win	[120]	180	-123
Loss	[140]	147	-180
Win	[110]	180	-96
Win	[130]	180	-123
Win	[120]	180	-111
Win	[130]	180	-123
Win	[160]	180	-171
Win	[110]	180	-102
Loss	[170]	174	-180
Loss	[140]	153	-180
Win	[110]	180	-120
Win	[140]	180	-138
Win	[130]	180	-129
Win	[120]	180	-138
Win	[120]	180	-138
Win	[120]	180	-129
Win	[120]	180	-123
Win	[120]	180	-129
Win	[120]	180	-123
Win	[110]	180	-126
Win	[120]	180	-138
Win	[130]	180	-147
Win	[120]	180	-135
Win	[120]	180	-141
Win	[120]	180	-129
Win	[120]	180	-147
Win	[110]	180	-135
Win	[120]	180	-141
Win	[120]	180	-144
Win	[140]	180	-135
Win	[120]	180	-129
Win	[130]	180	-138
Win	[130]	180	-147
Win	[120]	180	-135
Win	[140]	180	-144
Win	[140]	180	-138
Win	[130]	180	-135
Win	[130]	180	-138
Win	[120]	180	-135
Loss	[140]	168	-180
Win	[150]	180	-138
Win	[130]	180	-123
Win	[130]	180	-132
Win	[120]	180	-129
Win	[140]	180	-147
Win	[170]	180	-162
Win	[110]	180	-129
Loss	[150]	177	-180
Win	[180]	180	-174
Win	[140]	180	-135
Win	[150]	180	-150
Loss	[190]	165	-180
Win	[150]	180	-150
Win	[130]	180	-126
Win	[160]	180	-162
Win	[110]	180	-108
Win	[110]	180	-105
Win	[120]	180	-123
Loss	[150]	174	-180
Win	[220]	180	-177
Win	[110]	180	-108
Win	[110]	180	-108
Win	[120]	180	-117
Win	[220]	180	-159
Loss	[140]	141	-180
Win	[150]	180	-132
Loss	[140]	153	-180
Loss	[160]	171	-180
Win	[180]	180	-171
Win	[130]	180	-153
Win	[130]	180	-123
Win	[160]	180	-165
Win	[130]	180	-129
Win	[150]	180	-156
Win	[130]	180	-147
Loss	[140]	153	-180
Loss	[160]	162	-180
Loss	[160]	147	-180
Loss	[140]	153	-180
Win	[130]	180	-144
Win	[110]	180	-111
Win	[110]	180	-114
Win	[130]	180	-123
Win	[150]	180	-144
Win	[120]	180	-111
Win	[140]	180	-132
Win	[190]	180	-171
Win	[170]	180	-153
Win	[130]	180	-117
Win	[120]	180	-117
Win	[110]	180	-114
Win	[120]	180	-129
Win	[120]	180	-129
Win	[130]	180	-126
Loss	[140]	159	-180
Win	[170]	180	-129
Win	[170]	180	-150
Win	[150]	180	-156
Win	[150]	180	-162
Win	[120]	180	-117
Win	[160]	180	-147
Loss	[210]	177	-180
Loss	[170]	162	-180
Loss	[170]	168	-180
Loss	[160]	168	-180
Loss	[140]	129	-180
Loss	[160]	138	-180
Loss	[160]	168	-180
Win	[140]	180	-150
Win	[180]	180	-156
Loss	[180]	174	-180
Win	[110]	180	-141
Win	[120]	180	-147
Win	[140]	180	-168
Win	[110]	180	-147
Win	[140]	180	-162
Loss	[150]	168	-180
Win	[130]	180	-129
Win	[140]	180	-138
Win	[180]	180	-159
Win	[220]	180	-159
Loss	[150]	126	-180
Win	[210]	180	-171
Win	[170]	180	-165
Win	[140]	180	-132
Loss	[210]	171	-180
Win	[140]	180	-150
Win	[130]	180	-138
Win	[160]	180	-150
Loss	[140]	123	-180
Loss	[170]	168	-180
Loss	[180]	171	-180
Win	[140]	180	-132
Loss	[140]	153	-180
Loss	[160]	114	-180
Loss	[130]	129	-180
Win	[160]	180	-162
Win	[140]	180	-150
Win	[120]	180	-135
Win	[120]	180	-129
Win	[140]	180	-150
Win	[150]	180	-144
Win	[190]	180	-165
Loss	[160]	150	-180
Win	[170]	180	-171
Loss	[130]	129	-180
Loss	[230]	177	-180
Loss	[140]	159	-180
Win	[130]	180	-147
Loss	[170]	162	-180
Win	[130]	180	-156
Loss	[160]	144	-180
Loss	[140]	135	-180
Loss	[170]	162	-180
Loss	[150]	126	-180
Win	[120]	180	-132
Win	[190]	180	-177
Win	[120]	180	-123
Win	[140]	180	-126
Loss	[170]	177	-180
Loss	[170]	171	-180
Win	[140]	180	-150
Win	[120]	180	-111
Win	[120]	180	-117
Win	[120]	180	-105
Loss	[220]	159	-180
Win	[160]	180	-132
Win	[130]	180	-129
Win	[140]	180	-117
Win	[120]	180	-129
Win	[140]	180	-114
Win	[130]	180	-132
Win	[130]	180	-126
Win	[110]	180	-108
Win	[130]	180	-132
Win	[140]	180	-123
Win	[120]	180	-123
Win	[130]	180	-120
Win	[120]	180	-117
Win	[120]	180	-114
Win	[120]	180	-123
Win	[110]	180	-96
Win	[120]	180	-117
Win	[110]	180	-96
Win	[110]	180	-108
Win	[140]	180	-120
Win	[120]	180	-111
Win	[110]	180	-108
Win	[150]	180	-159
Win	[160]	180	-141
Win	[120]	180	-123
Win	[120]	180	-117
Win	[110]	180	-117
Win	[130]	180	-123
Win	[140]	180	-120
Win	[140]	180	-135
Win	[110]	180	-117
Win	[120]	180	-105
Win	[120]	180	-123
Win	[110]	180	-102
Win	[110]	180	-102
Win	[130]	180	-135
Win	[130]	180	-126
Win	[120]	180	-111
Win	[130]	180	-111
Win	[110]	180	-120
Win	[110]	180	-108
Win	[110]	180	-120
Loss	[170]	177	-180
Win	[110]	180	-120
Win	[120]	180	-126
Win	[120]	180	-117
Win	[120]	180	-123
Win	[120]	180	-117
Win	[120]	180	-117
Win	[150]	180	-150
Win	[130]	180	-108
Win	[120]	180	-120
Win	[110]	180	-111
Win	[120]	180	-111
Win	[120]	180	-111
Win	[110]	180	-96
Win	[130]	180	-135
Win	[110]	180	-108
Win	[120]	180	-105
Win	[130]	180	-108
Win	[120]	180	-99
Win	[140]	180	-114
Win	[120]	180	-123
Win	[120]	180	-117
Win	[130]	180	-123
Win	[110]	180	-96
Win	[110]	180	-108
Win	[130]	180	-129
Win	[130]	180	-114
Win	[120]	180	-123
Win	[130]	180	-120
Win	[120]	180	-123
Win	[130]	180	-111
Win	[110]	180	-123
Win	[180]	180	-177
Win	[110]	180	-126
Win	[120]	180	-111
Win	[110]	180	-108
Win	[110]	180	-102
Win	[130]	180	-126
Win	[120]	180	-123
Win	[140]	180	-132
Win	[130]	180	-117
Win	[130]	180	-114
Win	[120]	180	-135
Win	[120]	180	-117
Win	[110]	180	-126
Win	[110]	180	-108
Win	[120]	180	-129
Win	[120]	180	-111
Win	[120]	180	-123
Win	[150]	180	-135
Win	[130]	180	-120
Win	[110]	180	-111
Win	[110]	180	-96
Win	[110]	180	-96
Win	[110]	180	-126
Win	[140]	180	-126
Win	[110]	180	-96
Win	[110]	180	-111
Win	[110]	180	-120
Win	[210]	180	-159
Win	[130]	180	-117
Win	[120]	180	-129
Win	[110]	180	-123
Win	[130]	180	-117
Win	[110]	180	-126
Win	[120]	180	-111
Win	[140]	180	-123
Win	[140]	180	-117
Win	[110]	180	-111
Win	[150]	180	-138
Win	[130]	180	-111
Win	[180]	180	-165
Win	[110]	180	-102
Win	[130]	180	-123
Win	[120]	180	-111
Win	[130]	180	-105
Win	[130]	180	-126
Win	[110]	180	-108
Win	[110]	180	-102
Win	[110]	180	-114
Win	[130]	180	-138
Win	[120]	180	-117
Win	[160]	180	-135
Win	[110]	180	-102
Win	[130]	180	-132
Win	[130]	180	-126
Win	[120]	180	-123
Win	[120]	180	-111
Win	[130]	180	-114
Win	[120]	180	-108
Win	[120]	180	-117
Win	[110]	180	-111
Win	[120]	180	-117
Win	[130]	180	-135
Win	[110]	180	-105
Win	[120]	180	-129
Win	[120]	180	-129
Win	[110]	180	-108
Win	[130]	180	-129
Win	[140]	180	-156
Win	[120]	180	-123
Win	[120]	180	-111
Win	[120]	180	-111
Win	[110]	180	-102
Win	[120]	180	-117
Win	[140]	180	-141
Win	[110]	180	-114
Win	[130]	180	-129
Win	[120]	180	-105
Win	[110]	180	-96
Win	[120]	180	-111
Win	[120]	180	-117
Win	[120]	180	-111
Win	[120]	180	-111
Win	[110]	180	-117
Win	[130]	180	-144
Win	[150]	180	-135
Win	[110]	180	-102
Win	[120]	180	-117
Win	[130]	180	-117
Win	[130]	180	-126
Win	[110]	180	-108
Win	[110]	180	-102
Win	[150]	180	-114
Win	[130]	180	-135
Win	[120]	180	-117
Win	[110]	180	-96
Win	[130]	180	-111
Win	[150]	180	-126
Win	[110]	180	-102
Win	[150]	180	-126
Win	[120]	180	-123
Win	[130]	180	-123
Win	[180]	180	-177
Win	[110]	180	-120
Win	[110]	180	-114
Win	[130]	180	-132
Win	[130]	180	-111
Win	[130]	180	-114
Win	[120]	180	-111
Win	[110]	180	-111
Win	[120]	180	-138
Win	[140]	180	-132
Win	[120]	180	-105
Win	[120]	180	-111
Win	[120]	180	-114
Win	[140]	180	-126
Win	[110]	180	-102
Win	[110]	180	-102
Win	[110]	180	-105
Win	[130]	180	-114
Win	[110]	180	-114
Win	[110]	180	-102
Win	[180]	180	-177
Win	[110]	180	-96
Win	[160]	180	-129
Win	[140]	180	-132
Win	[110]	180	-114
Win	[120]	180	-117
Win	[120]	180	-123
Win	[130]	180	-132
Win	[120]	180	-111
Win	[150]	180	-141
Win	[120]	180	-129
Win	[140]	180	-147
Win	[130]	180	-138
Win	[120]	180	-105
Win	[120]	180	-108
Win	[140]	180	-141
Win	[110]	180	-102
Win	[140]	180	-132
Win	[110]	180	-108
Win	[130]	180	-117
Win	[140]	180	-120
Win	[130]	180	-123
Win	[140]	180	-132
Win	[120]	180	-105
Win	[110]	180	-108
Win	[120]	180	-120
Win	[110]	180	-108
Win	[120]	180	-117
Win	[130]	180	-111
Win	[140]	180	-135
Win	[110]	180	-102
Win	[140]	180	-126
Win	[130]	180	-120
Win	[110]	180	-102
Win	[140]	180	-150
Win	[130]	180	-129
Win	[110]	180	-126
Win	[120]	180	-111
Win	[120]	180	-105
Win	[110]	180	-120
Win	[130]	180	-114
Win	[120]	180	-114
Win	[120]	180	-111
Win	[120]	180	-123
Win	[120]	180	-126
Win	[150]	180	-141
Win	[110]	180	-102
Win	[110]	180	-108
Win	[130]	180	-129
Win	[120]	180	-117
Win	[120]	180	-111
Win	[120]	180	-105
Win	[140]	180	-132
Win	[120]	180	-111
Win	[130]	180	-120
Win	[170]	180	-177
Win	[130]	180	-120
Win	[120]	180	-117
Win	[120]	180	-123
Win	[110]	180	-102
Win	[150]	180	-159
Win	[120]	180	-117
Win	[120]	180	-105
Win	[120]	180	-108
Win	[120]	180	-105
Win	[110]	180	-102
Win	[130]	180	-114
Win	[110]	180	-102
Win	[130]	180	-132
Win	[150]	180	-132
Win	[110]	180	-108
Win	[150]	180	-141
Win	[120]	180	-117
Win	[130]	180	-126
Win	[130]	180	-144
Win	[110]	180	-102
Win	[120]	180	-111
Win	[140]	180	-132
Win	[110]	180	-96
Win	[120]	180	-105
Win	[110]	180	-102
Win	[110]	180	-108
Win	[130]	180	-132
Win	[130]	180	-126
Win	[130]	180	-132
Win	[160]	180	-135
Win	[120]	180	-117
Win	[130]	180	-132
Win	[120]	180	-117
Win	[110]	180	-102
Win	[120]	180	-111
Win	[120]	180	-108
Win	[110]	180	-114
Win	[120]	180	-111
Win	[170]	180	-135
Win	[110]	180	-108
Win	[140]	180	-132
Win	[130]	180	-132
Loss	[160]	174	-180
Win	[140]	180	-135
Win	[140]	180	-132
Win	[110]	180	-114
Win	[130]	180	-120
Win	[120]	180	-117
Win	[130]	180	-132
Loss	[170]	174	-180
Win	[150]	180	-135
Win	[150]	180	-135
Win	[130]	180	-156
Win	[110]	180	-129
Win	[140]	180	-132
Win	[140]	180	-132
Win	[110]	180	-102
Win	[130]	180	-123
Win	[110]	180	-96
Win	[190]	180	-165
Win	[120]	180	-114
Win	[140]	180	-132
Win	[170]	180	-177
Win	[110]	180	-102
Win	[150]	180	-138
Win	[130]	180	-138
Win	[120]	180	-123
Win	[110]	180	-108
Win	[130]	180	-126
Win	[110]	180	-114
Win	[110]	180	-108
Win	[110]	180	-117
Win	[130]	180	-132
Win	[140]	180	-135
Win	[120]	180	-117
Win	[110]	180	-117
Win	[130]	180	-144
Win	[120]	180	-117
Win	[130]	180	-132
Win	[130]	180	-132
Win	[130]	180	-129
Loss	[160]	153	-180
Win	[120]	180	-102
Win	[110]	180	-102
Win	[110]	180	-102
Win	[110]	180	-102
Win	[150]	180	-135
Win	[110]	180	-102
Win	[110]	180	-102
Win	[110]	180	-129
Win	[110]	180	-108
Win	[110]	180	-105
Win	[120]	180	-105
Win	[110]	180	-108
Win	[140]	180	-120
Win	[120]	180	-111
Win	[140]	180	-144
Win	[150]	180	-126
Win	[170]	180	-147
Win	[120]	180	-117
Win	[130]	180	-120
Win	[150]	180	-132
Win	[120]	180	-105
Win	[130]	180	-120
Win	[120]	180	-111
Win	[130]	180	-132
Win	[110]	180	-105
Win	[120]	180	-117
Win	[110]	180	-102
Win	[110]	180	-108
Win	[120]	180	-111
Win	[110]	180	-114
Win	[110]	180	-102
Win	[130]	180	-126
Win	[110]	180	-117
Win	[120]	180	-114
Win	[110]	180	-114
Win	[120]	180	-105
Win	[110]	180	-111
Win	[110]	180	-108
Win	[130]	180	-126
Win	[110]	180	-108
Win	[140]	180	-138
Loss	[140]	171	-180
Win	[120]	180	-123
Win	[130]	180	-126
Win	[140]	180	-150
Win	[110]	180	-102
Win	[110]	180	-123
Win	[130]	180	-126
Win	[110]	180	-111
Win	[110]	180	-108
Win	[150]	180	-141
Win	[120]	180	-111
Win	[130]	180	-120
Win	[130]	180	-132
Win	[110]	180	-108
Win	[120]	180	-105
Win	[120]	180	-117
Win	[110]	180	-108
Win	[150]	180	-132
Win	[150]	180	-141
Win	[110]	180	-111
Win	[120]	180	-117
Win	[120]	180	-108
Win	[110]	180	-111
Win	[160]	180	-156
Win	[130]	180	-108
Win	[130]	180	-132
Win	[120]	180	-123
Win	[120]	180	-114
Win	[110]	180	-108
Win	[120]	180	-108
Win	[130]	180	-120
Win	[120]	180	-117
Win	[150]	180	-141
Win	[110]	180	-108
Win	[120]	180	-123
Win	[130]	180	-114
Win	[130]	180	-111
Win	[120]	180	-111
Win	[130]	180	-123
Win	[120]	180	-111
Win	[140]	180	-132
Win	[140]	180	-120
Win	[160]	180	-165
Win	[130]	180	-120
Win	[120]	180	-111
Win	[110]	180	-96
Win	[130]	180	-105
Win	[130]	180	-126
Win	[120]	180	-105
Win	[110]	180	-108
Win	[130]	180	-120
Win	[110]	180	-108
Win	[110]	180	-108
Win	[110]	180	-111
Win	[110]	180	-108
Win	[130]	180	-132
Win	[110]	180	-102
Win	[110]	180	-105
Win	[120]	180	-117
Win	[110]	180	-102
Win	[110]	180	-111
Win	[210]	180	-177
Win	[140]	180	-132
Win	[140]	180	-132
Win	[110]	180	-108
Win	[140]	180	-135
Win	[110]	180	-102
Win	[150]	180	-141
Win	[130]	180	-132
Win	[110]	180	-105
Win	[120]	180	-111
Win	[110]	180	-111
Win	[110]	180	-120
Win	[120]	180	-108
Win	[110]	180	-108
Win	[120]	180	-129
Win	[120]	180	-105
Win	[120]	180	-105
Win	[110]	180	-108
Win	[110]	180	-117
Win	[110]	180	-102
Win	[120]	180	-105
Win	[110]	180	-111
Win	[110]	180	-105
Win	[110]	180	-105
Win	[110]	180	-108
Win	[130]	180	-135
Win	[110]	180	-111
Win	[140]	180	-132
Win	[110]	180	-102
Win	[110]	180	-108
Win	[180]	180	-126
Win	[110]	180	-105
Win	[140]	180	-132
Win	[130]	180	-123
Win	[130]	180	-132
Win	[110]	180	-111
Win	[110]	180	-108
Win	[110]	180	-111
Win	[110]	180	-108
Win	[130]	180	-120
Win	[120]	180	-105
Win	[120]	180	-108
Win	[110]	180	-108
Win	[110]	180	-111
Win	[110]	180	-108
Win	[130]	180	-117
Win	[140]	180	-132
Win	[140]	180	-132
Win	[140]	180	-132
Win	[130]	180	-120
Win	[110]	180	-102
Win	[110]	180	-108
Win	[140]	180	-132
Win	[120]	180	-117
Win	[140]	180	-138
Win	[130]	180	-120
Win	[110]	180	-102
Win	[140]	180	-132
Win	[130]	180	-132
Win	[130]	180	-132
Win	[110]	180	-105
Win	[140]	180	-132
Win	[120]	180	-111
Win	[120]	180	-108
Win	[130]	180	-132
Win	[120]	180	-117
Win	[130]	180	-120
Win	[110]	180	-111
Win	[190]	180	-177
Win	[110]	180	-96
Win	[110]	180	-120
Win	[120]	180	-111
Win	[140]	180	-132
Win	[120]	180	-117
Win	[130]	180	-132
Win	[130]	180	-120
Win	[110]	180	-102
Loss	[170]	177	-180
Win	[120]	180	-117
Win	[110]	180	-114
Win	[130]	180	-123
Win	[110]	180	-96
Win	[140]	180	-132
Win	[130]	180	-111
Win	[110]	180	-108
Win	[140]	180	-126
Win	[110]	180	-108
Win	[120]	180	-117
Win	[110]	180	-102
Win	[140]	180	-132
Win	[140]	180	-141
Win	[110]	180	-111
Win	[130]	180	-135
Win	[130]	180	-111
Win	[130]	180	-132
Win	[110]	180	-96
Win	[110]	180	-108
Win	[130]	180	-120
Win	[140]	180	-114
Win	[110]	180	-108
Win	[130]	180	-147
Win	[140]	180	-135
Win	[120]	180	-117
Win	[170]	180	-177
Win	[120]	180	-111
Win	[120]	180	-105
Win	[150]	180	-135
Win	[110]	180	-108
Win	[130]	180	-132
Win	[110]	180	-102
Win	[120]	180	-111
Win	[120]	180	-126
Win	[120]	180	-111
Win	[110]	180	-102
Win	[130]	180	-132
Win	[110]	180	-102
Win	[110]	180	-111
Win	[120]	180	-111
Win	[120]	180	-105
Win	[110]	180	-111
Win	[110]	180	-108
Win	[120]	180	-117
Win	[120]	180	-117
Win	[130]	180	-138
Win	[110]	180	-108
Win	[120]	180	-111
Loss	[170]	174	-180
Win	[110]	180	-108
Win	[130]	180	-126
Win	[140]	180	-135
Win	[120]	180	-111
Win	[110]	180	-102
Win	[110]	180	-108
Win	[110]	180	-102
Win	[160]	180	-156
Win	[110]	180	-117
Win	[110]	180	-111
Win	[110]	180	-102
Win	[110]	180	-108
Win	[110]	180	-102
Win	[110]	180	-108
Win	[110]	180	-120
Loss	[230]	174	-180
Win	[110]	180	-114
Win	[130]	180	-123
Loss	[170]	174	-180
Win	[160]	180	-156
Win	[110]	180	-102
Win	[110]	180	-114
Win	[140]	180	-132
Win	[110]	180	-102
Win	[120]	180	-111
Win	[130]	180	-129
Win	[120]	180	-105
Win	[120]	180	-105
Win	[120]	180	-108
Win	[120]	180	-111
Win	[110]	180	-111
Win	[110]	180	-102
Win	[140]	180	-132
Win	[130]	180	-126
Win	[110]	180	-120
Win	[110]	180	-123
Win	[120]	180	-123
Win	[110]	180	-102
Win	[110]	180	-111
Win	[110]	180	-108
Win	[150]	180	-150
Win	[130]	180	-111
Win	[110]	180	-96
Win	[130]	180	-114
Win	[130]	180	-120
Win	[120]	180	-117
Win	[120]	180	-111
Win	[110]	180	-102
Win	[110]	180	-114
Win	[110]	180	-96
Win	[120]	180	-117
Win	[120]	180	-99
Win	[110]	180	-102
Win	[120]	180	-120
Win	[180]	180	-159
Win	[130]	180	-123
Win	[130]	180	-126
Win	[110]	180	-102
Win	[120]	180	-105
Win	[130]	180	-132
Win	[110]	180	-96
Win	[110]	180	-99
Win	[110]	180	-120
Win	[130]	180	-111
Win	[110]	180	-114
Win	[110]	180	-96
Win	[140]	180	-132
Win	[130]	180	-132
Win	[120]	180	-117
Win	[110]	180	-114
Win	[120]	180	-105
Win	[110]	180	-108
Win	[110]	180	-108
Win	[130]	180	-120
Win	[110]	180	-108
Win	[110]	180	-117
Win	[120]	180	-123
Win	[110]	180	-108
Win	[130]	180	-132
Win	[110]	180	-102
Win	[120]	180	-111
Win	[130]	180	-132
Win	[120]	180	-105
Win	[110]	180	-102
Win	[120]	180	-105
Win	[110]	180	-102
Win	[180]	180	-177
Win	[110]	180	-102
Win	[110]	180	-108
Win	[110]	180	-108
Win	[130]	180	-135
Win	[140]	180	-114
Win	[120]	180	-105
Win	[130]	180	-117
Win	[140]	180	-135
Win	[110]	180	-105
Win	[120]	180	-126
Win	[120]	180	-105
Win	[120]	180	-123
Win	[130]	180	-132
Win	[160]	180	-141
Win	[120]	180	-105
Win	[120]	180	-111
Win	[150]	180	-147
Win	[140]	180	-132
Win	[130]	180	-114
Win	[120]	180	-129
Win	[140]	180	-132
Win	[110]	180	-120
Win	[110]	180	-111
Win	[110]	180	-96
Win	[110]	180	-108
Win	[110]	180	-114
Win	[120]	180	-120
Win	[130]	180	-132
Win	[130]	180	-114
Win	[150]	180	-147
Win	[130]	180	-132
Loss	[170]	177	-180
Win	[140]	180	-138
Win	[120]	180	-105
Win	[130]	180	-120
Win	[140]	180	-135
Win	[130]	180	-114
Win	[110]	180	-108
Win	[120]	180	-141
Win	[130]	180	-126
Win	[110]	180	-108
Win	[140]	180	-132
Win	[110]	180	-108
Win	[130]	180	-126
Win	[110]	180	-114
Win	[130]	180	-132
Win	[170]	180	-177
Win	[130]	180	-117
Win	[130]	180	-123
Win	[130]	180	-120
Win	[120]	180	-111
Win	[120]	180	-120
Win	[120]	180	-105
Win	[130]	180	-135
Win	[110]	180	-114
Win	[120]	180	-123
Win	[120]	180	-129
Win	[110]	180	-102
Win	[110]	180	-108
Win	[130]	180	-120
Win	[130]	180	-132
Win	[120]	180	-111
Win	[130]	180	-126
Win	[130]	180	-126
Win	[110]	180	-102
Win	[120]	180	-108
Win	[120]	180	-111
Win	[140]	180	-132
Win	[120]	180	-111
Win	[110]	180	-108
Win	[120]	180	-111
Win	[150]	180	-141
Win	[140]	180	-135
Win	[130]	180	-120
Win	[110]	180	-111
Win	[150]	180	-141
Win	[120]	180	-111
Win	[120]	180	-105
Win	[140]	180	-138
Win	[150]	180	-147
Win	[120]	180	-105
Win	[130]	180	-138
Win	[120]	180	-105
Win	[140]	180	-138
Win	[150]	180	-144
Win	[110]	180	-108
Win	[140]	180	-132
Win	[120]	180	-111
Win	[140]	180	-114
Win	[130]	180	-126
Win	[110]	180	-108
Win	[120]	180	-117
Win	[130]	180	-114
Win	[120]	180	-129
Win	[180]	180	-171
Win	[110]	180	-114
Win	[130]	180	-120
Win	[140]	180	-132
Win	[130]	180	-123
Win	[170]	180	-156
Win	[120]	180	-123
Win	[140]	180	-129
Win	[110]	180	-108
Win	[140]	180	-132
Win	[130]	180	-126
Win	[140]	180	-123
Win	[110]	180	-123
Win	[130]	180	-126
Win	[130]	180	-126
Win	[130]	180	-132
Win	[150]	180	-141
Win	[120]	180	-105
Win	[130]	180	-132
Win	[110]	180	-108
Win	[130]	180	-123
Win	[120]	180	-105
Win	[120]	180	-105
Win	[120]	180	-120
Win	[170]	180	-177
Win	[110]	180	-111
Win	[160]	180	-144
Win	[130]	180	-126
Win	[120]	180	-141
Win	[130]	180	-123
Win	[110]	180	-138
Win	[120]	180	-153
Win	[110]	180	-102
Win	[110]	180	-108
Win	[120]	180	-105
Win	[110]	180	-102
Win	[110]	180	-108
Win	[110]	180	-108
Win	[110]	180	-114
Win	[120]	180	-123
Win	[140]	180	-132
Win	[120]	180	-111
Win	[110]	180	-108
Win	[120]	180	-117
Win	[120]	180	-111
Win	[120]	180	-114
Win	[120]	180	-105
Win	[110]	180	-117
Win	[120]	180	-126
Win	[110]	180	-108
Win	[120]	180	-117
Win	[110]	180	-105
Win	[130]	180	-132
Win	[170]	180	-159
Win	[120]	180	-105
Win	[160]	180	-156
Win	[120]	180	-111
Win	[180]	180	-159
Win	[120]	180	-117
Win	[120]	180	-117
Win	[120]	180	-117
Win	[110]	180	-117
Win	[110]	180	-102
Win	[120]	180	-126
Win	[110]	180	-117
Win	[120]	180	-111
Win	[130]	180	-132
Win	[110]	180	-120
Win	[110]	180	-102
Win	[120]	180	-123
Win	[120]	180	-105
Win	[130]	180	-126
Win	[150]	180	-132
Win	[110]	180	-117
Win	[110]	180	-114
Win	[110]	180	-114
Win	[170]	180	-165
Win	[110]	180	-114
Win	[130]	180	-117
Win	[140]	180	-123
Win	[110]	180	-111
Win	[140]	180	-120
Win	[110]	180	-114
Win	[120]	180	-117
Win	[120]	180	-105
Win	[120]	180	-117
Win	[120]	180	-105
Win	[110]	180	-102
Win	[110]	180	-114
Win	[120]	180	-108
Win	[110]	180	-120
Win	[140]	180	-132
Win	[120]	180	-117
Win	[120]	180	-117
Win	[110]	180	-114
Win	[170]	180	-153
Win	[110]	180	-120
Win	[130]	180	-114
Win	[120]	180	-117
Win	[120]	180	-111
Win	[110]	180	-105
Win	[110]	180	-114
Win	[130]	180	-132
Win	[120]	180	-111
Loss	[140]	165	-180
Win	[120]	180	-105
Win	[130]	180	-114
Win	[120]	180	-105
Win	[110]	180	-102
Win	[130]	180	-126
Win	[110]	180	-105
Win	[110]	180	-105
Win	[110]	180	-114
Win	[120]	180	-105
Win	[110]	180	-102
Win	[120]	180	-126
Win	[110]	180	-102
Win	[120]	180	-117
Win	[120]	180	-108
Win	[140]	180	-132
Win	[110]	180	-108
Win	[110]	180	-102
Win	[110]	180	-120
Win	[120]	180	-108
Win	[110]	180	-105
Win	[110]	180	-105
Win	[140]	180	-138
Win	[110]	180	-123
Win	[120]	180	-129
Win	[120]	180	-129
Win	[130]	180	-138
Win	[120]	180	-129
Win	[110]	180	-102
Win	[120]	180	-111
Win	[140]	180	-150
Win	[110]	180	-108
Win	[130]	180	-117
Win	[120]	180	-105
Win	[110]	180	-111
Win	[110]	180	-126
Win	[110]	180	-111
Win	[110]	180	-120
Win	[130]	180	-129
Win	[120]	180	-129
Win	[130]	180	-135
Win	[110]	180	-120
Win	[110]	180	-102
Win	[110]	180	-102
Win	[110]	180	-102
Win	[160]	180	-141
Win	[130]	180	-111
Win	[140]	180	-114
Win	[110]	180	-99
Win	[110]	180	-108
Win	[120]	180	-129
Win	[110]	180	-102
Win	[120]	180	-117
Win	[120]	180	-129
Win	[120]	180	-126
Win	[140]	180	-138
Win	[110]	180	-108
Win	[140]	180	-114
Win	[110]	180	-111
Win	[110]	180	-108
Win	[110]	180	-120
Win	[110]	180	-96
Win	[130]	180	-129
Win	[110]	180	-102
Win	[130]	180	-126
Win	[130]	180	-120
Win	[120]	180	-129
Win	[120]	180	-105
Win	[130]	180	-120
Win	[120]	180	-111
Win	[120]	180	-123
Win	[110]	180	-105
Win	[120]	180	-117
Win	[110]	180	-108
Win	[130]	180	-117
Win	[110]	180	-96
Win	[140]	180	-114
Win	[120]	180	-150
Win	[130]	180	-120
Win	[110]	180	-114
Win	[110]	180	-114
Win	[110]	180	-114
Win	[120]	180	-129
Win	[110]	180	-102
Win	[120]	180	-123
Win	[120]	180	-123
Win	[110]	180	-108
Win	[140]	180	-135
Win	[120]	180	-111
Win	[110]	180	-120
Win	[110]	180	-102
Win	[120]	180	-129
Loss	[170]	174	-180
Win	[110]	180	-108
Win	[120]	180	-123
Win	[110]	180	-117
Win	[130]	180	-120
Win	[110]	180	-102
Win	[110]	180	-108
Win	[120]	180	-129
Win	[120]	180	-105
Win	[110]	180	-108
Win	[110]	180	-120
Win	[140]	180	-120
Win	[130]	180	-114
Win	[140]	180	-132
Win	[150]	180	-144
Win	[130]	180	-135
Win	[170]	180	-147
Win	[140]	180	-135
Win	[120]	180	-105
Win	[120]	180	-105
Win	[110]	180	-114
Win	[110]	180	-111
Win	[110]	180	-102
Win	[120]	180	-111
Win	[110]	180	-102
Win	[110]	180	-108
Win	[120]	180	-111
Win	[140]	180	-132
Win	[110]	180	-120
Win	[110]	180	-108
Win	[110]	180	-108
Win	[120]	180	-111
Win	[120]	180	-123
Win	[120]	180	-108
Win	[110]	180	-102
Loss	[140]	141	-180
Win	[110]	180	-102
Win	[110]	180	-120
Win	[130]	180	-105
Win	[110]	180	-102
Win	[110]	180	-111
Win	[110]	180	-114
Win	[120]	180	-99
Win	[120]	180	-129
Win	[110]	180	-102
Win	[110]	180	-117
Win	[110]	180	-102
Win	[110]	180	-114
Win	[110]	180	-102
Win	[130]	180	-123
Win	[110]	180	-108
Win	[110]	180	-132
Win	[110]	180	-105
Win	[130]	180	-132
Win	[110]	180	-114
Win	[120]	180	-111
Win	[110]	180	-108
Win	[150]	180	-126
Win	[130]	180	-120
Win	[140]	180	-138
Win	[170]	180	-177
Win	[110]	180	-108
Win	[130]	180	-132
Win	[120]	180	-120
Win	[110]	180	-126
Win	[110]	180	-102
Win	[120]	180	-123
Win	[130]	180	-99
Win	[110]	180	-108
Win	[110]	180	-111
Win	[120]	180	-129
Win	[120]	180	-111
Win	[120]	180	-111
Win	[110]	180	-123
Win	[130]	180	-120
Win	[150]	180	-132
Win	[120]	180	-99
Win	[140]	180	-147
Win	[110]	180	-102
Win	[120]	180	-105
Win	[130]	180	-132
Win	[130]	180	-126
Win	[130]	180	-126
Win	[120]	180	-117
Win	[130]	180	-123
Win	[120]	180	-102
Win	[130]	180	-135
Win	[120]	180	-111
Win	[130]	180	-132
Win	[120]	180	-129
Win	[130]	180	-117
Win	[130]	180	-132
Win	[120]	180	-117
Win	[140]	180	-114
Win	[120]	180	-132
Win	[120]	180	-111
Win	[140]	180	-141
Win	[120]	180	-105
Win	[110]	180	-96
Win	[110]	180	-108
Win	[130]	180	-132
Win	[120]	180	-111
Win	[130]	180	-132
Win	[110]	180	-114
Win	[120]	180	-99
Win	[110]	180	-99
Win	[110]	180	-96
Win	[120]	180	-108
Win	[130]	180	-126
Win	[120]	180	-117
Win	[130]	180	-132
Win	[110]	180	-102
Win	[130]	180	-105
Win	[120]	180	-99
Win	[110]	180	-108
Win	[130]	180	-135
Win	[110]	180	-117
Win	[110]	180	-120
Win	[120]	180	-111
Win	[130]	180	-132
Win	[110]	180	-108
Win	[120]	180	-114
Win	[120]	180	-105
Win	[110]	180	-108
Win	[110]	180	-120
Win	[110]	180	-111
Win	[120]	180	-108
Win	[110]	180	-105
Win	[110]	180	-108
Win	[110]	180	-120
Win	[110]	180	-102
Win	[120]	180	-117
Win	[130]	180	-132
Win	[110]	180	-108
Win	[140]	180	-114
Win	[120]	180	-117
Win	[120]	180	-114
Win	[120]	180	-111
Win	[110]	180	-120
Win	[110]	180	-114
Win	[120]	180	-117
Win	[120]	180	-117
Win	[120]	180	-120
Win	[110]	180	-117
Win	[110]	180	-102
Win	[120]	180	-105
Win	[110]	180	-108
Win	[130]	180	-132
Win	[120]	180	-99
Win	[110]	180	-111
Win	[120]	180	-111
Win	[130]	180	-120
Win	[110]	180	-117
Win	[110]	180	-102
Win	[120]	180	-105
Win	[140]	180	-147
Win	[120]	180	-99
Win	[130]	180	-132
Win	[110]	180	-96
Win	[130]	180	-120
Win	[110]	180	-108
Win	[120]	180	-123
Win	[120]	180	-117
Win	[110]	180	-96
Win	[130]	180	-111
Win	[110]	180	-105
Win	[140]	180	-144
Win	[110]	180	-102
Win	[120]	180	-111
Win	[120]	180	-111
Win	[140]	180	-141
Win	[110]	180	-102
Win	[110]	180	-126
Win	[120]	180	-114
Win	[120]	180	-129
Win	[120]	180	-123
Win	[130]	180	-120
Win	[120]	180	-111
Win	[130]	180	-126
Win	[130]	180	-117
Win	[110]	180	-114
Win	[110]	180	-123
Win	[110]	180	-117
Win	[110]	180	-108
Win	[130]	180	-120
Win	[120]	180	-105
Win	[130]	180	-120
Win	[110]	180	-129
Win	[110]	180	-111
Win	[140]	180	-156
Win	[110]	180	-102
Win	[120]	180	-111
Win	[120]	180	-117
Win	[110]	180	-108
Win	[120]	180	-111
Win	[120]	180	-111
Win	[120]	180	-111
Win	[120]	180	-114
Win	[110]	180	-111
Win	[110]	180	-108
Win	[110]	180	-126
Win	[120]	180	-117
Win	[130]	180	-114
Win	[150]	180	-132
Win	[110]	180	-102
Win	[110]	180	-102
Win	[120]	180	-123
Win	[160]	180	-165
Win	[110]	180	-111
Win	[150]	180	-165
Win	[120]	180	-129
Win	[110]	180	-108
Win	[160]	180	-165
Win	[110]	180	-108
Win	[130]	180	-144
Win	[110]	180	-108
Win	[150]	180	-138
Win	[110]	180	-108
Win	[120]	180	-129
Win	[120]	180	-123
Win	[120]	180	-111
Win	[120]	180	-123
Win	[110]	180	-108
Win	[130]	180	-117
Win	[120]	180	-117
Win	[120]	180	-111
Win	[130]	180	-126
Win	[120]	180	-132
Win	[140]	180	-132
Win	[110]	180	-126
Win	[110]	180	-108
Win	[110]	180	-102
Win	[110]	180	-117
Win	[110]	180	-126
Win	[120]	180	-111
Win	[120]	180	-129
Win	[110]	180	-108
Win	[120]	180	-111
Win	[120]	180	-105
Win	[110]	180	-108
Win	[110]	180	-108
Win	[180]	180	-177
Win	[130]	180	-132
Win	[120]	180	-117
Win	[120]	180	-105
Win	[120]	180	-114
Win	[120]	180	-105
Win	[110]	180	-102
Win	[140]	180	-114
Win	[110]	180	-102
Win	[140]	180	-138
Loss	[150]	171	-180
Win	[120]	180	-132
Win	[140]	180	-132
Win	[110]	180	-126
Win	[120]	180	-117
Win	[120]	180	-117
Win	[110]	180	-108
Win	[140]	180	-132
Win	[130]	180	-117
Win	[120]	180	-111
Win	[180]	180	-177
Win	[120]	180	-123
Win	[150]	180	-153
Win	[170]	180	-147
Loss	[150]	165	-180
Win	[170]	180	-177
Loss	[140]	174	-180
Loss	[160]	168	-180
Win	[130]	180	-117
Win	[120]	180	-147
Win	[110]	180	-159
Win	[140]	180	-168
Win	[170]	180	-153
Win	[120]	180	-168
Win	[130]	180	-111
Win	[130]	180	-132
Win	[130]	180	-174
Win	[110]	180	-105
Win	[120]	180	-117
Win	[150]	180	-141
Win	[130]	180	-126
Loss	[170]	162	-180
Win	[140]	180	-117
Win	[120]	180	-105
Win	[120]	180	-108
Win	[120]	180	-105
Win	[130]	180	-117
Win	[130]	180	-117
Win	[120]	180	-123
Win	[120]	180	-111
Win	[110]	180	-120
Win	[130]	180	-132
Win	[110]	180	-108
Win	[120]	180	-117
Win	[120]	180	-111
Win	[150]	180	-141
Win	[120]	180	-132
Win	[140]	180	-159
Win	[110]	180	-108
Win	[120]	180	-132
Win	[170]	180	-147
Win	[130]	180	-111
Win	[150]	180	-132
Win	[130]	180	-123
Win	[110]	180	-126
Win	[130]	180	-120
Win	[110]	180	-120
Win	[140]	180	-111
Win	[120]	180	-123
Loss	[180]	132	-180
Win	[110]	180	-108
Win	[140]	180	-135
Win	[130]	180	-150
Loss	250.0	150	-180
Loss	[170]	135	-180
Loss	[170]	168	-180
Win	[120]	180	-120
Loss	250.0	177	-150
Win	250.0	177	-174
Win	250.0	165	-159
Win	[140]	180	-153
Win	[150]	180	-141
Loss	[170]	156	-180
Win	[140]	180	-159
Win	[190]	180	-171
Win	[130]	180	-156
Win	[180]	180	-153
Win	[140]	180	-156
Loss	[140]	174	-180
Win	[160]	180	-153
Win	250.0	171	-168
Win	[140]	180	-162
Win	[140]	180	-138
Win	[130]	180	-141
Win	[150]	180	-144
Win	[180]	180	-156
Win	[210]	180	-150
Win	[220]	180	-177
Win	[110]	180	-114
Win	[110]	180	-120
Win	[120]	180	-132
Win	[120]	180	-141
Win	[150]	180	-153
Win	[120]	180	-129
Win	[170]	180	-171
Win	[150]	180	-165
Win	[130]	180	-138
Loss	[150]	174	-180
Win	[140]	180	-159
Win	[140]	180	-150
Loss	250.0	171	-171
Win	[150]	180	-144
Win	[130]	180	-141
Win	[130]	180	-141
Win	250.0	171	-144
Loss	[110]	165	-180
Win	[110]	180	-159
Loss	[130]	174	-180
Win	[130]	180	-171
Loss	[110]	168	-180
Win	250.0	147	-138
Win	[160]	180	-156
Win	[150]	180	-153
Win	[120]	180	-159
Win	[120]	180	-141
Win	[120]	180	-153
Loss	250.0	177	-180
Win	[170]	180	-165
Win	[120]	180	-126
Win	[130]	180	-135
Win	[150]	180	-177
Win	[110]	180	-132
Win	[130]	180	-150
Win	[140]	180	-108
Win	[170]	180	-153
Win	[120]	180	-111
Win	[140]	180	-132
Win	[130]	180	-120
Win	[130]	180	-117
Win	[120]	180	-111
Win	[120]	180	-132
Win	[150]	180	-135
Win	[120]	180	-111
Win	[110]	180	-108
Win	[120]	180	-129
Win	[120]	180	-105
Loss	[170]	174	-180
Win	[120]	180	-105
Win	[140]	180	-132
Win	[150]	180	-120
Win	[160]	180	-147
Win	[130]	180	-138
Win	[110]	180	-105
Win	[110]	180	-96
Win	[120]	180	-117
Win	[110]	180	-105
Win	[110]	180	-120
Win	[120]	180	-102
Win	[110]	180	-105
Win	[120]	180	-105
Win	[120]	180	-105
Win	[110]	180	-117
Win	[110]	180	-111
Win	[110]	180	-108
Win	[120]	180	-105
Win	[120]	180	-117
Win	[120]	180	-111
Win	[140]	180	-138
Win	[160]	180	-141
Win	[160]	180	-147
Win	[110]	180	-96
Win	[110]	180	-102
Win	[120]	180	-99
Win	[120]	180	-129
Win	[110]	180	-102
Win	[110]	180	-96
Win	[110]	180	-96
Win	[130]	180	-132
Win	[120]	180	-129
Win	[130]	180	-132
Win	[110]	180	-108
Win	[120]	180	-105
Win	[120]	180	-111
Win	[110]	180	-96
Win	[110]	180	-96
Win	[120]	180	-108
Win	[110]	180	-102
Win	[130]	180	-120
Win	[170]	180	-147
Win	[140]	180	-123
Win	[120]	180	-114
Win	[120]	180	-111
Win	[180]	180	-153
Win	[110]	180	-105
Win	[140]	180	-108
Win	[120]	180	-105
Win	[140]	180	-126
Win	[120]	180	-99
Win	[110]	180	-114
Win	[120]	180	-120
Win	[110]	180	-99
Win	[120]	180	-105
Win	[120]	180	-123
Win	[130]	180	-108
Win	[150]	180	-135
Win	[130]	180	-105
Win	[130]	180	-132
Win	[120]	180	-111
Win	[110]	180	-114
Win	[110]	180	-108
Win	[140]	180	-126
Win	[130]	180	-117
Win	[110]	180	-126
Win	[120]	180	-132
Win	[110]	180	-126
Win	[120]	180	-105
Win	[130]	180	-132
Win	[130]	180	-126
Win	[150]	180	-132
Win	[150]	180	-141
Win	[120]	180	-129
Win	[110]	180	-117
Win	[110]	180	-102
Win	[110]	180	-117
Win	[150]	180	-147
Win	[120]	180	-123
Win	[170]	180	-153
Win	[130]	180	-117
Win	[110]	180	-108
Win	[120]	180	-129
Win	[130]	180	-132
Win	[120]	180	-123
Win	[140]	180	-153
Win	[120]	180	-105
Win	[130]	180	-111
Win	[120]	180	-123
Win	[130]	180	-138
Win	[110]	180	-126
Win	[110]	180	-102
Win	[110]	180	-96
Win	[110]	180	-108
Win	[110]	180	-102
Win	[120]	180	-111
Win	[190]	180	-165
Win	[150]	180	-147
Win	[120]	180	-111
Win	[120]	180	-129
Win	[140]	180	-126
Win	[130]	180	-117
Win	[130]	180	-132
Win	[130]	180	-120
Win	[140]	180	-132
Win	[120]	180	-105
Win	[120]	180	-111
Win	[110]	180	-120
Win	[130]	180	-132
Win	[130]	180	-126
Win	[130]	180	-117
Win	[110]	180	-114
Win	[130]	180	-126
Win	[120]	180	-123
Win	[110]	180	-102
Win	[110]	180	-108
Win	[150]	180	-147
Win	[170]	180	-144
Win	[120]	180	-129
Win	[160]	180	-153
Win	[130]	180	-126
Win	[130]	180	-105
Win	[120]	180	-111
Win	[110]	180	-102
Win	[110]	180	-111
Win	[170]	180	-159
Win	[120]	180	-111
Win	[110]	180	-102
Win	[120]	180	-105
Win	[110]	180	-102
Win	[120]	180	-105
Win	[130]	180	-117
Win	[140]	180	-132
Win	[120]	180	-132
Win	[110]	180	-108
Win	[110]	180	-114
Win	[110]	180	-123
Win	[120]	180	-129
Win	[110]	180	-114
Win	[110]	180	-108
Win	[130]	180	-144
Win	[120]	180	-123
Win	[110]	180	-96
Win	[110]	180	-117
Win	[120]	180	-117
Win	[110]	180	-108
Win	[120]	180	-117
Win	[120]	180	-108
Win	[130]	180	-114
Win	[110]	180	-111
Win	[110]	180	-108
Win	[110]	180	-102
Win	[110]	180	-117
Win	[120]	180	-105
Win	[110]	180	-102
Win	[110]	180	-129
Win	[110]	180	-96
Win	[110]	180	-126
Win	[120]	180	-105
Win	[120]	180	-114
Win	[110]	180	-126
Win	[110]	180	-120
Win	[120]	180	-117
Win	[120]	180	-129
Win	[120]	180	-123
Win	[110]	180	-114
Win	[150]	180	-132
Win	[110]	180	-120
Win	[120]	180	-117
Win	[140]	180	-126
Win	[120]	180	-111
Win	[110]	180	-108
Win	[130]	180	-123
Win	[120]	180	-111
Win	[120]	180	-114
Win	[110]	180	-105
Win	[110]	180	-114
Win	[120]	180	-111
Win	[120]	180	-114
Win	[110]	180	-96
Win	[110]	180	-96
Win	[110]	180	-108
Win	[140]	180	-126
Win	[120]	180	-111
Win	[150]	180	-138
Win	[220]	180	-165
Win	[120]	180	-129
Win	[110]	180	-108
Win	[120]	180	-111
Win	[110]	180	-111
Win	[110]	180	-108
Win	[180]	180	-120
Win	[160]	180	-165
Win	[120]	180	-105
Win	[120]	180	-111
Win	[110]	180	-102
Win	[120]	180	-111
Win	[120]	180	-129
Win	[120]	180	-117
Win	[110]	180	-102
Win	[130]	180	-126
Win	[110]	180	-108
Win	[110]	180	-108
Win	[120]	180	-129
Win	[160]	180	-153
Win	[110]	180	-102
Win	[120]	180	-105
Win	[110]	180	-108
Win	[130]	180	-108
Win	[110]	180	-126
Win	[110]	180	-114
Win	[130]	180	-129
Win	[120]	180	-111
Win	[110]	180	-108
Win	[140]	180	-114
Win	[110]	180	-117
Win	[120]	180	-111
Win	[110]	180	-111
Win	[120]	180	-123
Win	[110]	180	-120
Win	[110]	180	-126
Win	[120]	180	-117
Win	[110]	180	-108
Win	[160]	180	-165
Win	[110]	180	-108
Win	[120]	180	-105
Win	[130]	180	-111
Win	[110]	180	-108
Win	[120]	180	-111
Win	[140]	180	-132
Win	[110]	180	-114
Win	[110]	180	-108
Win	[120]	180	-117
Win	[130]	180	-123
Win	[130]	180	-141
Win	[110]	180	-114
Win	[130]	180	-132
Win	[110]	180	-108
Win	[120]	180	-123
Win	[110]	180	-108
Win	[110]	180	-108
Win	[130]	180	-138
Win	[120]	180	-114
Win	[110]	180	-123
Win	[110]	180	-108
Win	[130]	180	-126
Win	[110]	180	-117
Win	[120]	180	-129
Win	[140]	180	-132
Win	[110]	180	-108
Win	[110]	180	-102
Win	[170]	180	-177
Win	[110]	180	-102
Win	[120]	180	-123
Win	[110]	180	-108
Win	[120]	180	-129
Win	[120]	180	-117
Win	[110]	180	-102
Win	[110]	180	-102
Win	[140]	180	-138
Win	[120]	180	-111
Win	[110]	180	-108
Win	[110]	180	-108
Win	[110]	180	-105
Win	[110]	180	-108
Win	[130]	180	-132
Win	[120]	180	-111
Win	[110]	180	-111
Win	[120]	180	-111
Win	[110]	180	-102
Win	[120]	180	-129
Win	[120]	180	-117
Win	[110]	180	-108
Win	[110]	180	-108
Win	[110]	180	-129
Win	[120]	180	-111
Win	[120]	180	-117
Win	[110]	180	-102
Win	[130]	180	-138
Win	[110]	180	-102
Win	[110]	180	-102
Win	[110]	180	-102
Win	[200]	180	-171
Win	[110]	180	-96
Win	[130]	180	-132
Win	[130]	180	-132
Win	[120]	180	-123
Win	[110]	180	-111
Win	[120]	180	-111
Win	[120]	180	-111
Win	[110]	180	-105
Win	[110]	180	-102
Win	[110]	180	-129
Win	[140]	180	-132
Win	[110]	180	-102
Win	[130]	180	-126
Win	[110]	180	-129
Win	[110]	180	-108
Win	[110]	180	-120
Win	[170]	180	-171
Win	[130]	180	-105
Win	[130]	180	-135
Win	[140]	180	-117
Win	[120]	180	-123
Win	[110]	180	-102
Win	[140]	180	-141
Win	[130]	180	-123
Win	[130]	180	-132
Win	[130]	180	-132
Win	[130]	180	-132
Win	[110]	180	-102
Win	[110]	180	-126
Win	[120]	180	-111
Win	[130]	180	-117
Win	[150]	180	-150
Win	[120]	180	-117
Win	[130]	180	-123
Win	[120]	180	-117
Win	[120]	180	-111
Win	[130]	180	-123
Win	[110]	180	-102
Win	[120]	180	-129
Win	[130]	180	-111
Win	[130]	180	-117
Win	[130]	180	-114
Win	[130]	180	-117
Win	[130]	180	-105
Win	[120]	180	-120
Win	[180]	180	-177
Win	[130]	180	-132
Win	[130]	180	-135
Win	[140]	180	-126
Win	[120]	180	-111
Win	[120]	180	-132
Win	[160]	180	-159
Loss	[170]	174	-180
Win	[130]	180	-111
Win	[150]	180	-123
Win	[150]	180	-126
Win	[160]	180	-147
Win	[140]	180	-141
Win	[120]	180	-111
Win	[120]	180	-132
Win	[110]	180	-117
Win	[110]	180	-102
Win	[110]	180	-108
Win	[120]	180	-111
Win	[140]	180	-132
Win	[110]	180	-105
Win	[140]	180	-111
Win	[120]	180	-123
Win	[110]	180	-108
Win	[130]	180	-120
Win	[110]	180	-126
Win	[110]	180	-96
Win	[130]	180	-138
Win	[130]	180	-111
Win	[130]	180	-111
Win	[130]	180	-126
Win	[110]	180	-108
Win	[110]	180	-117
Win	[110]	180	-96
Win	[120]	180	-105
Win	[110]	180	-96
Win	[110]	180	-105
Win	[110]	180	-105
Win	[110]	180	-102
Win	[120]	180	-105
Win	[110]	180	-108
Win	[130]	180	-132
Win	[120]	180	-129
Win	[110]	180	-102
Win	[120]	180	-99
Win	[110]	180	-126
Win	[110]	180	-102
Win	[110]	180	-120
Win	[130]	180	-123
Win	[120]	180	-117
Win	[120]	180	-99
Win	[110]	180	-102
Win	[150]	180	-117
Win	[120]	180	-105
Win	[110]	180	-108
Win	[110]	180	-114
Win	[110]	180	-96
Win	[110]	180	-126
Win	[120]	180	-105
Win	[110]	180	-96
Win	[140]	180	-114
Win	[110]	180	-102
Win	[110]	180	-102
Win	[110]	180	-105
Win	[110]	180	-126
Win	[110]	180	-96
Win	[110]	180	-108
Win	[110]	180	-111
Win	[110]	180	-96
Win	[120]	180	-117
Win	[110]	180	-96
Win	[110]	180	-108
Win	[110]	180	-102
Win	[110]	180	-102
Win	[130]	180	-126
Win	[110]	180	-102
Win	[110]	180	-114
Win	[130]	180	-111
Win	[120]	180	-105
Win	[120]	180	-129
Win	[120]	180	-111
Win	[110]	180	-99
Win	[110]	180	-105
Win	[120]	180	-114
Win	[110]	180	-102
Win	[150]	180	-126
Win	[120]	180	-123
Win	[130]	180	-117
Win	[110]	180	-102
Win	[130]	180	-117
Win	[120]	180	-105
Win	[120]	180	-129
Win	[120]	180	-111
Win	[110]	180	-114
Win	[110]	180	-96
Win	[110]	180	-102
Win	[110]	180	-102
Win	[110]	180	-117
Win	[180]	180	-177
Loss	[140]	159	-180
Win	[110]	180	-102
Win	[110]	180	-102
Win	[110]	180	-102
Win	[110]	180	-96
Win	[120]	180	-105
Win	[140]	180	-117
Win	[130]	180	-135
Win	[120]	180	-105
Win	[130]	180	-114
Win	[110]	180	-105
Win	[110]	180	-102
Win	[110]	180	-96
Win	[110]	180	-126
Loss	[150]	159	-180
Win	[110]	180	-102
Win	[110]	180	-99
Win	[110]	180	-102
Win	[110]	180	-105
Win	[110]	180	-102
Win	[110]	180	-114
Win	[110]	180	-108
Win	[120]	180	-105
Win	[110]	180	-108
Win	[110]	180	-96
Win	[110]	180	-117
Win	[110]	180	-105
Win	[130]	180	-126
Win	[110]	180	-102
Win	[110]	180	-105
Win	[120]	180	-132
Win	[110]	180	-96
Win	[140]	180	-138
Win	[110]	180	-108
Win	[110]	180	-96
Win	[120]	180	-105
Win	[120]	180	-105
Win	[110]	180	-105
Win	[110]	180	-96
Win	[120]	180	-117
Win	[110]	180	-117
Win	[110]	180	-102
Win	[110]	180	-117
Win	[110]	180	-96
Win	[130]	180	-132
Win	[110]	180	-99
Win	[110]	180	-126
Win	[110]	180	-96
Win	[110]	180	-114
Win	[120]	180	-123
Win	[110]	180	-102
Win	[120]	180	-111
Win	[110]	180	-114
Loss	[170]	168	-180
Win	[110]	180	-102
Win	[110]	180	-102
Win	[110]	180	-126
Win	[110]	180	-96
Win	[110]	180	-117
Win	[110]	180	-99
Win	[110]	180	-105
Win	[130]	180	-120
Win	[120]	180	-111
Win	[130]	180	-126
Win	[120]	180	-105
Win	[130]	180	-132
Win	[110]	180	-96
Win	[120]	180	-99
Win	[120]	180	-117
Win	[110]	180	-108
Win	[130]	180	-123
Win	[120]	180	-111
Win	[110]	180	-99
Win	[130]	180	-132
Win	[110]	180	-126
Win	[110]	180	-102
Win	[110]	180	-120
Win	[120]	180	-105
Win	[110]	180	-96
Win	[150]	180	-126
Win	[140]	180	-105
Win	[120]	180	-105
Win	[110]	180	-102
Win	[120]	180	-105
Win	[110]	180	-96
Win	[120]	180	-108
Win	[110]	180	-96
Win	[130]	180	-99
Win	[120]	180	-99
Win	[120]	180	-129
Win	[110]	180	-126
Loss	[170]	177	-180
Win	[110]	180	-99
Win	[110]	180	-96
Win	[130]	180	-123
Win	[110]	180	-96
Win	[120]	180	-111
Win	[130]	180	-99
Win	[110]	180	-102
Win	[130]	180	-123
Win	[120]	180	-117
Win	[110]	180	-114
Win	[140]	180	-111
Win	[110]	180	-102
Win	[140]	180	-138
Win	[110]	180	-114
Win	[120]	180	-129
Win	[110]	180	-96
Win	[110]	180	-123
Win	[120]	180	-111
Win	[110]	180	-102
Win	[110]	180	-114
Win	[120]	180	-111
Win	[130]	180	-135
Win	[120]	180	-105
Win	[150]	180	-126
Win	[120]	180	-99
Win	[110]	180	-96
Win	[110]	180	-108
Win	[110]	180	-102
Win	[110]	180	-96
Win	[110]	180	-126
Win	[110]	180	-96
Win	[110]	180	-102
Win	[110]	180	-102
Win	[110]	180	-105
Win	[110]	180	-96
Win	[130]	180	-132
Win	[120]	180	-105
Win	[110]	180	-102
Win	[120]	180	-105
Win	[110]	180	-102
Win	[110]	180	-102
Win	[110]	180	-102
Win	[110]	180	-114
Win	[120]	180	-108
Win	[120]	180	-105
Win	[120]	180	-129
Win	[130]	180	-138
Win	[140]	180	-120
Win	[120]	180	-123
Win	[130]	180	-126
Win	[120]	180	-117
Win	[160]	180	-153
Win	[120]	180	-111
Win	[130]	180	-138
Win	[130]	180	-123
Win	[130]	180	-132
Win	[110]	180	-114
Win	[130]	180	-129
Win	[140]	180	-129
Win	[150]	180	-141
Win	[140]	180	-141
Win	[110]	180	-111
Win	[110]	180	-111
Win	[110]	180	-120
Win	[110]	180	-126
Win	[120]	180	-117
Win	[140]	180	-132
Win	[110]	180	-114
Win	[170]	180	-165
Win	[130]	180	-123
Win	[120]	180	-117
Win	[150]	180	-132
Win	[130]	180	-123
Win	[110]	180	-105
Win	[110]	180	-126
Win	[140]	180	-129
Win	[140]	180	-150
Win	[120]	180	-105
Win	[110]	180	-108
Win	[120]	180	-123
Win	[110]	180	-126
Win	[130]	180	-123
Win	[130]	180	-123
Win	[120]	180	-102
Win	[110]	180	-102
Win	[140]	180	-141
Win	[110]	180	-102
Win	[110]	180	-102
Win	[130]	180	-117
Win	[130]	180	-111
Win	[130]	180	-132
Win	[120]	180	-105
Win	[130]	180	-117
Win	[110]	180	-102
Win	[120]	180	-105
Loss	[170]	174	-180
Win	[120]	180	-111
Win	[120]	180	-111
Win	[120]	180	-120
Win	[110]	180	-123
Win	[110]	180	-102
Win	[120]	180	-105
Win	[110]	180	-102
Win	[120]	180	-123
Win	[110]	180	-108
Win	[110]	180	-126
Win	[120]	180	-117
Win	[110]	180	-102
Win	[120]	180	-105
Win	[130]	180	-132
Win	[120]	180	-123
Win	[110]	180	-105
Win	[110]	180	-102
Win	[120]	180	-117
Win	[120]	180	-132
Win	[120]	180	-129
Win	[130]	180	-111
Win	[120]	180	-129
Win	[110]	180	-108
Win	[120]	180	-105
Win	[110]	180	-102
Win	[130]	180	-132
Win	[110]	180	-96
Win	[120]	180	-108
Win	[120]	180	-111
Win	[120]	180	-111
Win	[140]	180	-132
Win	[160]	180	-132
Win	[150]	180	-111
Win	[200]	180	-165
Win	[120]	180	-117
Win	[130]	180	-126
Win	[140]	180	-138
Win	[110]	180	-111
Win	[110]	180	-120
Win	[110]	180	-105
Win	[120]	180	-108
Win	[130]	180	-144
Win	[110]	180	-129
Win	[190]	180	-126
Loss	[150]	153	-180
Win	[130]	180	-123
Win	[140]	180	-123
Win	[130]	180	-138
Win	[110]	180	-108
Loss	[130]	153	-180
Win	[110]	180	-114
Win	[120]	180	-129
Win	[140]	180	-135
Win	[110]	180	-96
Win	[110]	180	-117
Win	[150]	180	-141
Win	[120]	180	-111
Win	[110]	180	-108
Win	[120]	180	-105
Win	[120]	180	-117
Win	[110]	180	-108
Win	[110]	180	-114
Win	[120]	180	-123
Win	[120]	180	-99
Win	[120]	180	-105
Win	[110]	180	-108
Win	[120]	180	-111
Win	[140]	180	-132
Win	[120]	180	-105
Win	[120]	180	-111
Win	[110]	180	-114
Win	[110]	180	-96
Win	[120]	180	-123
Win	[140]	180	-135
Win	[120]	180	-123
Win	[140]	180	-120
Win	[110]	180	-102
Win	[120]	180	-111
Win	[110]	180	-123
Win	[120]	180	-111
Win	[110]	180	-108
Win	[120]	180	-99
Win	[120]	180	-129
Win	[130]	180	-114
Win	[120]	180	-117
Win	[110]	180	-108
Win	[110]	180	-96
Win	[110]	180	-96
Win	[110]	180	-117
Win	[110]	180	-114
Win	[130]	180	-126
Win	[110]	180	-108
Win	[110]	180	-102
Win	[120]	180	-129
Win	[110]	180	-102
Win	[140]	180	-135
Win	[110]	180	-120
Win	[120]	180	-99
Win	[130]	180	-135
Win	[110]	180	-126
Win	[120]	180	-105
Win	[120]	180	-105
Win	[110]	180	-108
Win	[120]	180	-105
Win	[110]	180	-108
Win	[120]	180	-117
Win	[120]	180	-111
Win	[110]	180	-108
Win	[120]	180	-111
Win	[130]	180	-114
Win	[120]	180	-108
Win	[120]	180	-117
Win	[110]	180	-105
Win	[110]	180	-120
Win	[110]	180	-108
Win	[110]	180	-102
Win	[130]	180	-132
Win	[120]	180	-117
Win	[110]	180	-108
Loss	[150]	165	-180
Win	[120]	180	-111
Win	[120]	180	-117
Win	[120]	180	-111
Win	[120]	180	-132
Win	[120]	180	-120
Win	[110]	180	-114
Win	[120]	180	-126
Win	[120]	180	-117
Loss	[170]	168	-180
Win	[120]	180	-105
Win	[110]	180	-108
Win	[120]	180	-105
Win	[110]	180	-108
Win	[120]	180	-123
Win	[110]	180	-108
Win	[120]	180	-129
Win	[120]	180	-105
Win	[110]	180	-108
Win	[130]	180	-129
Win	[110]	180	-108
Win	[120]	180	-105
Win	[110]	180	-117
Win	[160]	180	-147
Win	[110]	180	-108
Win	[110]	180	-108
Win	[130]	180	-132
Win	[110]	180	-108
Win	[110]	180	-108
Win	[110]	180	-117
Win	[120]	180	-105
Win	[110]	180	-108
Win	[130]	180	-126
Win	[120]	180	-117
Win	[130]	180	-132
Win	[120]	180	-117
Win	[130]	180	-132
Win	[110]	180	-102
Win	[120]	180	-105
Win	[120]	180	-129
Win	[130]	180	-120
Win	[120]	180	-111
Win	[110]	180	-120
Win	[110]	180	-129
Win	[120]	180	-123
Win	[120]	180	-117
Win	[110]	180	-114
Win	[110]	180	-108
Win	[130]	180	-132
Win	[230]	180	-171
Win	[110]	180	-105
Loss	[170]	174	-180
Win	[110]	180	-102
Win	[130]	180	-111
Win	[110]	180	-108
Win	[130]	180	-135
Win	[120]	180	-99
Win	[120]	180	-132
Win	[120]	180	-117
Win	[110]	180	-99
Win	[110]	180	-126
Win	[110]	180	-126
Win	[110]	180	-108
Win	[140]	180	-123
Win	[110]	180	-108
Win	[130]	180	-138
Win	[110]	180	-114
Win	[130]	180	-129
Win	[110]	180	-126
Win	[140]	180	-141
Win	[110]	180	-120
Win	[110]	180	-108
Win	[120]	180	-108
Win	[120]	180	-111
Win	[110]	180	-120
Win	[110]	180	-120
Win	[110]	180	-114
Win	[120]	180	-123
Win	[210]	180	-165
Win	[150]	180	-135
Win	[110]	180	-102
Win	[120]	180	-105
Win	[120]	180	-123
Win	[120]	180	-111
Win	[110]	180	-120
Win	[110]	180	-96
Win	[130]	180	-120
Win	[110]	180	-108
Win	[110]	180	-120
Win	[140]	180	-147
Win	[120]	180	-117
Win	[110]	180	-102
Win	[130]	180	-114
Win	[110]	180	-114
Win	[120]	180	-111
Win	[110]	180	-102
Win	[130]	180	-117
Win	[120]	180	-120
Win	[120]	180	-117
Win	[110]	180	-114
Win	[110]	180	-111
Win	[120]	180	-114
Win	[110]	180	-102
Win	[120]	180	-117
Win	[110]	180	-111
Win	[110]	180	-96
Win	[110]	180	-108
Win	[130]	180	-117
Win	[160]	180	-159
Win	[110]	180	-114
Win	[130]	180	-135
Win	[110]	180	-108
Win	[130]	180	-108
Win	[110]	180	-117
Win	[130]	180	-123
Win	[110]	180	-102
Win	[120]	180	-105
Win	[120]	180	-129
Win	[120]	180	-123
Win	[110]	180	-111
Win	[110]	180	-126
Win	[110]	180	-114
Win	[130]	180	-123
Win	[110]	180	-105
Win	[110]	180	-108
Win	[110]	180	-102
Win	[120]	180	-129
Win	[110]	180	-111
Win	[110]	180	-108
Win	[120]	180	-111
Win	[120]	180	-105
Win	[110]	180	-114
Win	[110]	180	-108
Win	[120]	180	-105
Win	[110]	180	-102
Win	[120]	180	-123
Win	[110]	180	-117
Win	[130]	180	-117
Win	[120]	180	-114
Win	[120]	180	-114
Win	[110]	180	-102
Win	[110]	180	-114
Win	[120]	180	-117
Win	[110]	180	-114
Win	[110]	180	-96
Win	[110]	180	-108
Win	[110]	180	-105
Win	[140]	180	-138
Win	[140]	180	-132
Win	[120]	180	-111
Win	[110]	180	-102
Win	[110]	180	-108
Win	[130]	180	-138
Win	[120]	180	-108
Win	[110]	180	-102
Win	[110]	180	-111
Win	[110]	180	-102
Win	[140]	180	-126
Win	[110]	180	-114
Win	[110]	180	-114
Win	[130]	180	-114
Win	[110]	180	-114
Win	[120]	180	-117
Win	[110]	180	-129
Win	[110]	180	-102
Win	[140]	180	-132
Win	[110]	180	-108
Win	[120]	180	-114
Win	[130]	180	-123
Win	[110]	180	-117
Win	[120]	180	-111
Win	[110]	180	-114
Win	[110]	180	-111
Win	[120]	180	-111
Win	[110]	180	-108
Win	[120]	180	-117
Win	[130]	180	-132
Win	[120]	180	-105
Win	[120]	180	-129
Win	[160]	180	-147
Win	[110]	180	-108
Win	[120]	180	-129
Win	[110]	180	-114
Win	[110]	180	-102
Win	[120]	180	-111
Win	[110]	180	-108
Win	[110]	180	-108
Win	[110]	180	-117
Win	[130]	180	-129
Win	[110]	180	-102
Win	[110]	180	-102
Win	[110]	180	-108
Win	[120]	180	-129
Win	[110]	180	-102
Win	[110]	180	-114
Win	[130]	180	-132
Win	[110]	180	-108
Win	[110]	180	-102
Win	[110]	180	-114
Win	[120]	180	-120
Win	[110]	180	-102
Win	[120]	180	-129
Win	[110]	180	-108
Win	[130]	180	-135
Win	[110]	180	-126
Win	[110]	180	-108
Win	[140]	180	-120
Win	[110]	180	-99
Win	[120]	180	-129
Win	[120]	180	-105
Win	[110]	180	-108
Win	[120]	180	-117
Win	[120]	180	-117
Win	[110]	180	-108
Loss	[140]	171	-180
Win	[120]	180	-117
Win	[120]	180	-123
Win	[120]	180	-117
Win	[140]	180	-120
Win	[120]	180	-111
Win	[120]	180	-111
Win	[110]	180	-102
Win	[110]	180	-111
Win	[110]	180	-108
Win	[120]	180	-105
Win	[120]	180	-105
Win	[110]	180	-114
Win	[130]	180	-120
Win	[110]	180	-102
Win	[110]	180	-108
Win	[110]	180	-108
Win	[140]	180	-141
Win	[110]	180	-102
Win	[120]	180	-111
Win	[150]	180	-126
Win	[110]	180	-111
Win	[110]	180	-102
Win	[110]	180	-102
Win	[130]	180	-111
Win	[130]	180	-123
Win	[120]	180	-111
Win	[120]	180	-114
Win	[110]	180	-102
Win	[110]	180	-114
Win	[110]	180	-108
Win	[110]	180	-108
Win	[110]	180	-108
Win	[110]	180	-114
Win	[130]	180	-132
Win	[110]	180	-117
Win	[120]	180	-105
Win	[110]	180	-108
Win	[130]	180	-114
Win	[110]	180	-108
Win	[140]	180	-126
Win	[130]	180	-108
Win	[110]	180	-114
Win	[110]	180	-102
Win	[110]	180	-108
Win	[120]	180	-111
Win	[130]	180	-117
Win	[130]	180	-126
Win	[110]	180	-108
Win	[130]	180	-114
Win	[110]	180	-102
Win	[110]	180	-114
Win	[120]	180	-114
Win	[130]	180	-126
Win	[140]	180	-126
Win	[150]	180	-126
Win	[140]	180	-126
Win	[110]	180	-108
Win	[130]	180	-114
Win	[110]	180	-108
Win	[120]	180	-114
Win	[120]	180	-117
Win	[110]	180	-120
Win	[110]	180	-108
Win	[110]	180	-102
Win	[110]	180	-102
Win	[110]	180	-108
Win	[110]	180	-108
Win	[130]	180	-111
Win	[110]	180	-96
Win	[120]	180	-111
Win	[110]	180	-114
Win	[110]	180	-114
Win	[110]	180	-108
Win	[110]	180	-114
Win	[120]	180	-105
Win	[110]	180	-102
Win	[110]	180	-114
Win	[110]	180	-108
Win	[110]	180	-102
Win	[110]	180	-102
Win	[110]	180	-96
Win	[120]	180	-114
Win	[110]	180	-102
Win	[120]	180	-105
Win	[120]	180	-111
Win	[110]	180	-105
Win	[140]	180	-108
Win	[110]	180	-108
Win	[110]	180	-108
Win	[120]	180	-105
Win	[140]	180	-126
Win	[110]	180	-102
Win	[120]	180	-105
Win	[110]	180	-117
Win	[110]	180	-114
Win	[140]	180	-147
Win	[110]	180	-108
Win	[110]	180	-102
Win	[110]	180	-102
Win	[120]	180	-117
Win	[120]	180	-108
Win	[120]	180	-111
Win	[110]	180	-108
Win	[110]	180	-108
Win	[110]	180	-102
Win	[110]	180	-111
Win	[120]	180	-126
Win	[110]	180	-111
Win	[130]	180	-129
Win	[130]	180	-129
Win	[110]	180	-108
Win	[110]	180	-111
Win	[120]	180	-129
Win	[110]	180	-108
Win	[110]	180	-102
Win	[110]	180	-108
Win	[120]	180	-105
Win	[120]	180	-108
Win	[120]	180	-111
Win	[110]	180	-108
Win	[110]	180	-114
Win	[110]	180	-96
Win	[110]	180	-102
Win	[110]	180	-102
Win	[110]	180	-114
Win	[120]	180	-111
Win	[110]	180	-102
Win	[120]	180	-126
Win	[110]	180	-96
Win	[120]	180	-105
Win	[120]	180	-111
Win	[110]	180	-102
Win	[110]	180	-114
Win	[120]	180	-105
Win	[120]	180	-108
Win	[120]	180	-105
Win	[120]	180	-114
Win	[130]	180	-123
Win	[130]	180	-111
Win	[110]	180	-111
Win	[110]	180	-102
Win	[120]	180	-123
Win	[120]	180	-111
Win	[110]	180	-117
Win	[110]	180	-114
Win	[140]	180	-138
Win	[140]	180	-132
Win	[130]	180	-111
Win	[110]	180	-114
Win	[120]	180	-111
Win	[110]	180	-96
Win	[110]	180	-102
Win	[140]	180	-114
Win	[130]	180	-111
Win	[110]	180	-108
Win	[120]	180	-111
Win	[160]	180	-165
Win	[110]	180	-108
Win	[130]	180	-123
Win	[130]	180	-120
Win	[110]	180	-102
Win	[110]	180	-108
Win	[110]	180	-102
Win	[110]	180	-105
Win	[120]	180	-111
Win	[120]	180	-120
Win	[120]	180	-108
Win	[130]	180	-126
Win	[110]	180	-114
Win	[110]	180	-102
Win	[130]	180	-105
Win	[110]	180	-114
Win	[120]	180	-126
Win	[140]	180	-120
Win	[130]	180	-132
Win	[120]	180	-105
Win	[110]	180	-111
Win	[130]	180	-126
Win	[150]	180	-120
Win	[120]	180	-111
Win	[110]	180	-108
Win	[120]	180	-108
Win	[120]	180	-105
Win	[110]	180	-102
Win	[110]	180	-108
Win	[130]	180	-111
Win	[120]	180	-111
Win	[150]	180	-147
Win	[120]	180	-105
Win	[120]	180	-108
Win	[150]	180	-120
Win	[120]	180	-105
Win	[110]	180	-102
Win	[110]	180	-114
Win	[110]	180	-102
Win	[150]	180	-120
Win	[120]	180	-102
Win	[110]	180	-102
Win	[120]	180	-117
Win	[110]	180	-108
Win	[110]	180	-102
Win	[130]	180	-123
Win	[140]	180	-120
Win	[110]	180	-108
Win	[120]	180	-105
Win	[130]	180	-117
Win	[120]	180	-111
Win	[110]	180	-108
Win	[120]	180	-111
Win	[130]	180	-108
Win	[110]	180	-108
Win	[110]	180	-108
Win	[110]	180	-108
Win	[120]	180	-105
Win	[130]	180	-144
Win	[110]	180	-102
Win	[110]	180	-96
Win	[130]	180	-105
Win	[130]	180	-135
Win	[110]	180	-108
Win	[110]	180	-111
Win	[110]	180	-108
Win	[130]	180	-99
Win	[120]	180	-111
Win	[110]	180	-108
Win	[110]	180	-96
Win	[110]	180	-102
Win	[110]	180	-105
Win	[110]	180	-96
Win	[110]	180	-114
Win	[110]	180	-105
Win	[120]	180	-117
Win	[110]	180	-111
Win	[110]	180	-102
Win	[110]	180	-114
Win	[120]	180	-111
Win	[130]	180	-114
Win	[140]	180	-138
Win	[160]	180	-153
Win	[110]	180	-108
Win	[110]	180	-102
Win	[110]	180	-108
Win	[120]	180	-105
Win	[140]	180	-114
Win	[110]	180	-102
Win	[120]	180	-105
Win	[120]	180	-108
Win	[120]	180	-105
Win	[110]	180	-102
Win	[120]	180	-105
Win	[120]	180	-111
Win	[110]	180	-111
Win	[110]	180	-102
Win	[110]	180	-108
Win	[120]	180	-105
Win	[110]	180	-108
Win	[120]	180	-123
