Loss	[160]	132	-180
Loss	[140]	126	-180
Loss	[180]	168	-180
Loss	[170]	156	-180
Loss	[150]	117	-180
Loss	[140]	111	-180
Loss	[140]	111	-180
Win	[160]	180	-165
Loss	[120]	81	-180
Loss	[160]	144	-180
Loss	[210]	99	-180
Loss	[160]	144	-180
Loss	[160]	138	-180
Loss	[120]	105	-180
Win	[190]	180	-168
Win	[130]	180	-144
Loss	[190]	174	-180
Loss	[140]	138	-180
Loss	[170]	138	-180
Loss	[140]	150	-180
Loss	[120]	126	-180
Loss	[150]	132	-180
Loss	[180]	162	-180
Win	[180]	180	-168
Loss	[190]	165	-180
Loss	[190]	165	-180
Loss	[140]	99	-180
Loss	[140]	111	-180
Loss	[170]	159	-180
Loss	[140]	123	-180
Loss	[170]	162	-180
Loss	[160]	144	-180
Loss	[150]	117	-180
Loss	[190]	177	-180
Loss	[120]	84	-180
Loss	[160]	144	-180
Win	[150]	180	-159
Win	[160]	180	-156
Win	[170]	180	-147
Loss	[170]	150	-180
Loss	[160]	156	-180
Loss	[180]	165	-180
Win	[130]	180	-147
Loss	[140]	147	-180
Loss	[150]	132	-180
Loss	[150]	144	-180
Win	[180]	180	-171
Win	[190]	180	-171
Win	[170]	180	-168
Loss	[160]	159	-180
Win	[170]	180	-162
Loss	[150]	123	-180
Loss	[160]	156	-180
Loss	[150]	138	-180
Win	[170]	180	-162
Win	[170]	180	-144
Loss	[140]	111	-180
Loss	[170]	171	-180
Loss	[220]	165	-180
Loss	[140]	126	-180
Loss	[150]	144	-180
Loss	[170]	150	-180
Win	[160]	180	-162
Loss	[170]	171	-180
Loss	[170]	132	-180
Win	[180]	180	-165
Win	[180]	180	-168
Loss	[180]	138	-180
Win	[170]	180	-162
Loss	[180]	153	-180
Win	[170]	180	-138
Win	[190]	180	-165
Loss	[190]	153	-180
Loss	[190]	153	-180
Loss	[200]	171	-180
Loss	[210]	171	-180
Loss	[180]	144	-180
Win	[160]	180	-150
Win	[180]	180	-165
Loss	[120]	129	-180
Loss	[170]	156	-180
Loss	[170]	144	-180
Win	[150]	180	-153
Win	[180]	180	-162
Win	[150]	180	-150
Loss	[190]	165	-180
Loss	[200]	153	-180
Loss	[170]	147	-180
Win	[150]	180	-159
Win	[210]	180	-177
Win	[150]	180	-150
Win	[200]	180	-177
Loss	[170]	138	-180
Loss	[150]	120	-180
Loss	[150]	150	-180
Win	[160]	180	-168
Loss	[170]	138	-180
Loss	[160]	138	-180
Loss	[210]	153	-180
Win	[160]	180	-162
Loss	[160]	162	-180
Loss	[190]	153	-180
Win	[180]	180	-150
Loss	[160]	126	-180
Loss	[160]	150	-180
Loss	[140]	126	-180
Loss	[190]	165	-180
Loss	[200]	171	-180
Loss	[170]	177	-180
Loss	[200]	171	-180
Win	[150]	180	-147
Win	[180]	180	-162
Loss	[170]	150	-180
Win	[160]	180	-162
Loss	[220]	171	-180
Win	[170]	180	-168
Loss	[170]	144	-180
Loss	[150]	144	-180
Win	[200]	180	-162
Loss	[140]	141	-180
Win	[180]	180	-168
Win	[190]	180	-168
Win	[180]	180	-156
Loss	[170]	144	-180
Win	[170]	180	-150
Win	[170]	180	-162
Win	[140]	180	-141
Loss	[160]	126	-180
Win	[190]	180	-159
Loss	[160]	138	-180
Win	[150]	180	-168
Win	[150]	180	-162
Loss	[180]	144	-180
Loss	[140]	135	-180
Loss	[200]	171	-180
Loss	[210]	171	-180
Win	[170]	180	-156
Loss	[150]	132	-180
Win	[160]	180	-162
Win	[200]	180	-171
Win	[190]	180	-177
Win	[170]	180	-156
Win	[160]	180	-150
Win	[170]	180	-168
Win	[190]	180	-165
Win	[180]	180	-156
Loss	[160]	156	-180
Win	[180]	180	-162
Win	[180]	180	-162
Win	[180]	180	-150
Win	[160]	180	-144
Win	[170]	180	-150
Loss	[150]	126	-180
Loss	[150]	102	-180
Loss	[150]	138	-180
Loss	[200]	159	-180
Win	[160]	180	-174
Win	[180]	180	-162
Win	[180]	180	-174
Loss	[190]	165	-180
Win	[170]	180	-147
Loss	[160]	129	-180
Loss	[170]	144	-180
Win	[220]	180	-177
Loss	[230]	171	-180
Win	[170]	180	-171
Win	[180]	180	-174
Loss	[180]	150	-180
Win	[210]	180	-171
Win	[160]	180	-150
Win	[190]	180	-162
Win	[170]	180	-150
Win	[190]	180	-165
Loss	[170]	138	-180
Win	[150]	180	-150
Win	[180]	180	-162
Win	[170]	180	-144
Win	[170]	180	-168
Loss	[160]	111	-180
Win	[160]	180	-162
Loss	[220]	177	-180
Win	[180]	180	-177
Win	[200]	180	-177
Win	[180]	180	-159
Loss	[150]	126	-180
Loss	[150]	144	-180
Loss	[150]	132	-180
Loss	[160]	159	-180
Win	[190]	180	-168
Loss	[160]	114	-180
Win	[150]	180	-153
Loss	[190]	165	-180
Loss	[160]	132	-180
Win	[190]	180	-162
Win	[170]	180	-144
Win	[160]	180	-156
Win	[170]	180	-144
Win	[170]	180	-156
Win	[200]	180	-171
Win	[200]	180	-165
Win	[180]	180	-162
Win	[170]	180	-150
Win	[180]	180	-162
Win	[160]	180	-144
Win	[210]	180	-171
Win	[190]	180	-165
Loss	[160]	144	-180
Loss	[170]	144	-180
Win	[170]	180	-156
Loss	[140]	147	-180
Win	[180]	180	-156
Win	[170]	180	-150
Win	[180]	180	-162
Win	[180]	180	-156
Loss	[150]	138	-180
Win	[180]	180	-156
Win	[190]	180	-177
Loss	[160]	129	-180
Win	[150]	180	-156
Loss	[190]	177	-180
Win	[180]	180	-156
Win	[150]	180	-162
Win	[140]	180	-159
Win	[160]	180	-168
Win	[140]	180	-138
Win	[150]	180	-159
Win	[180]	180	-162
Loss	[180]	165	-180
Win	[180]	180	-177
Loss	[180]	153	-180
Win	[170]	180	-156
Win	[170]	180	-156
Win	[170]	180	-168
Win	[150]	180	-156
Win	[180]	180	-156
Loss	[170]	138	-180
Win	[180]	180	-147
Loss	[170]	138	-180
Win	[160]	180	-156
Win	[200]	180	-177
Loss	[180]	171	-180
Win	[150]	180	-153
Loss	[140]	123	-180
Loss	[190]	159	-180
Win	[180]	180	-156
Loss	[140]	111	-180
Win	[160]	180	-162
Win	[140]	180	-153
Loss	[180]	171	-180
Win	[180]	180	-162
Loss	[160]	168	-180
Win	[160]	180	-150
Win	[190]	180	-165
Win	[180]	180	-168
Win	[190]	180	-174
Win	[150]	180	-153
Win	[140]	180	-162
Win	[170]	180	-162
Win	[160]	180	-168
Win	[170]	180	-156
Win	[180]	180	-168
Win	[200]	180	-177
Win	[180]	180	-156
Win	[180]	180	-156
Loss	[120]	84	-180
Win	[150]	180	-153
Win	[150]	180	-156
Loss	[120]	126	-180
Win	[180]	180	-174
Win	[200]	180	-177
Win	[150]	180	-168
Win	[180]	180	-162
Win	[170]	180	-165
Win	[210]	180	-171
Win	[150]	180	-138
Loss	[180]	150	-180
Win	[170]	180	-156
Loss	[150]	138	-180
Win	[170]	180	-156
Loss	[190]	162	-180
Win	[170]	180	-171
Win	[190]	180	-174
Loss	[170]	135	-180
Win	[160]	180	-168
Loss	[210]	165	-180
Win	[150]	180	-153
Win	[160]	180	-144
Loss	[130]	132	-180
Win	[170]	180	-156
Loss	[150]	141	-180
Win	[150]	180	-159
Win	[180]	180	-171
Win	[180]	180	-156
Win	[180]	180	-162
Win	[170]	180	-144
Loss	[210]	177	-180
Win	[160]	180	-156
Win	[150]	180	-159
Win	[160]	180	-144
Win	[180]	180	-168
Loss	[140]	99	-180
Loss	[170]	135	-180
Win	[150]	180	-162
Win	[190]	180	-156
Win	[180]	180	-156
Win	[170]	180	-162
Win	[180]	180	-168
Loss	[150]	138	-180
Win	[180]	180	-162
Win	[190]	180	-165
Win	[180]	180	-156
Win	[160]	180	-168
Win	[160]	180	-144
Win	[180]	180	-156
Win	[170]	180	-168
Win	[140]	180	-150
Win	[170]	180	-168
Loss	[200]	171	-180
Win	[170]	180	-156
Win	[150]	180	-150
Win	[170]	180	-150
Win	[180]	180	-177
Win	[150]	180	-165
Loss	[210]	171	-180
Win	[200]	180	-153
Win	[180]	180	-153
Win	[210]	180	-177
Win	[210]	180	-177
Loss	[150]	147	-180
Win	[170]	180	-150
Win	[170]	180	-171
Win	[180]	180	-156
Win	[180]	180	-162
Win	[180]	180	-156
Win	[160]	180	-162
Win	[170]	180	-156
Loss	[200]	171	-180
Win	[180]	180	-156
Loss	[170]	162	-180
Win	[170]	180	-156
Loss	[210]	165	-180
Loss	[160]	156	-180
Win	[160]	180	-144
Win	[170]	180	-150
Loss	[220]	177	-180
Win	[180]	180	-162
Win	[190]	180	-168
Win	[150]	180	-165
Win	[170]	180	-177
Win	[170]	180	-156
Win	[170]	180	-150
Loss	[160]	150	-180
Win	[180]	180	-168
Win	[150]	180	-165
Win	[220]	180	-171
Win	[200]	180	-171
Win	[200]	180	-171
Win	[180]	180	-168
Loss	[200]	177	-180
Loss	[200]	165	-180
Win	[170]	180	-150
Win	[140]	180	-159
Loss	[220]	177	-180
Win	[180]	180	-168
Win	[220]	180	-171
Win	[180]	180	-156
Win	[180]	180	-162
Win	[160]	180	-150
Win	[190]	180	-159
Win	[170]	180	-177
Loss	[210]	165	-180
Loss	[160]	162	-180
Win	[180]	180	-162
Win	[180]	180	-162
Win	[180]	180	-162
Win	[170]	180	-156
Loss	[180]	156	-180
Win	[180]	180	-156
Loss	[130]	165	-180
Loss	[230]	177	-180
Win	[190]	180	-174
Win	[150]	180	-144
Loss	[180]	162	-180
Win	[160]	180	-162
Loss	[170]	150	-180
Loss	[210]	171	-180
Win	[180]	180	-156
Win	[200]	180	-159
Win	[170]	180	-156
Loss	[160]	156	-180
Win	[170]	180	-162
Win	[180]	180	-168
Win	[170]	180	-150
Win	[140]	180	-156
Win	[220]	180	-177
Loss	[230]	177	-180
Loss	[170]	132	-180
Win	[160]	180	-156
Win	[180]	180	-162
Win	[170]	180	-168
Win	[180]	180	-156
Win	[160]	180	-156
Win	[160]	180	-138
Win	[200]	180	-162
Win	[190]	180	-168
Win	[160]	180	-162
Win	[180]	180	-156
Win	[170]	180	-177
Win	[170]	180	-156
Win	[170]	180	-150
Win	[170]	180	-156
Loss	[160]	138	-180
Win	[190]	180	-165
Win	[170]	180	-177
Loss	[170]	150	-180
Win	[160]	180	-150
Win	[150]	180	-165
Loss	[210]	159	-180
Win	[180]	180	-156
Win	[180]	180	-165
Win	[170]	180	-156
Win	[180]	180	-156
Win	[180]	180	-156
Win	[160]	180	-174
Win	[160]	180	-168
Win	[190]	180	-165
Win	[180]	180	-156
Win	[160]	180	-156
Win	[170]	180	-156
Loss	[180]	174	-180
Win	[210]	180	-177
Win	[180]	180	-156
Win	[180]	180	-156
Loss	[160]	138	-180
Win	[160]	180	-162
Loss	[150]	120	-180
Loss	[190]	177	-180
Loss	[170]	111	-180
Win	[150]	180	-156
Win	[170]	180	-156
Loss	[170]	126	-180
Win	[170]	180	-162
Loss	[160]	150	-180
Win	[180]	180	-162
Win	[160]	180	-150
Win	[170]	180	-162
Loss	[160]	150	-180
Win	[170]	180	-168
Win	[170]	180	-156
Win	[150]	180	-174
Win	[140]	180	-150
Win	[160]	180	-168
Win	[170]	180	-162
Win	[170]	180	-156
Win	[150]	180	-165
Win	[170]	180	-144
Win	[150]	180	-159
Win	[180]	180	-162
Loss	[170]	177	-180
Loss	[190]	147	-180
Win	[220]	180	-171
Win	[180]	180	-162
Win	[170]	180	-156
Loss	[160]	129	-180
Win	[180]	180	-162
Win	[180]	180	-165
Win	[200]	180	-177
Win	[170]	180	-150
Loss	[170]	165	-180
Win	[190]	180	-165
Win	[180]	180	-168
Win	[160]	180	-156
Loss	[180]	174	-180
Win	[140]	180	-138
Win	[180]	180	-156
Loss	[220]	177	-180
Win	[160]	180	-162
Win	[170]	180	-162
Loss	[170]	165	-180
Win	[170]	180	-165
Loss	[210]	171	-180
Win	[170]	180	-162
Win	[150]	180	-159
Loss	[170]	162	-180
Loss	[180]	162	-180
Win	[170]	180	-168
Loss	[200]	171	-180
Win	[180]	180	-156
Win	[170]	180	-156
Win	[180]	180	-162
Win	[170]	180	-156
Win	[170]	180	-144
Win	[170]	180	-150
Loss	[200]	165	-180
Win	[180]	180	-159
Win	[160]	180	-168
Win	[170]	180	-156
Win	[170]	180	-156
Loss	[170]	138	-180
Win	[170]	180	-156
Loss	[170]	147	-180
Win	[160]	180	-144
Win	[150]	180	-159
Win	[180]	180	-156
Win	[170]	180	-150
Loss	[210]	177	-180
Win	[170]	180	-156
Win	[170]	180	-150
Win	[160]	180	-150
Win	[170]	180	-150
Win	[150]	180	-150
Win	[190]	180	-168
Win	[160]	180	-144
Win	[170]	180	-156
Win	[180]	180	-156
Win	[140]	180	-135
Win	[170]	180	-156
Win	[170]	180	-144
Win	[160]	180	-150
Win	[180]	180	-156
Win	[170]	180	-150
Win	[180]	180	-168
Win	[190]	180	-165
Win	[150]	180	-159
Win	[170]	180	-156
Win	[160]	180	-150
Win	[180]	180	-156
Win	[170]	180	-150
Win	[170]	180	-150
Loss	[160]	156	-180
Loss	[210]	165	-180
Win	[170]	180	-150
Win	[170]	180	-150
Win	[170]	180	-150
Loss	[190]	153	-180
Win	[180]	180	-162
Win	[180]	180	-165
Win	[150]	180	-168
Win	[170]	180	-156
Win	[160]	180	-162
Win	[180]	180	-162
Win	[150]	180	-165
Win	[170]	180	-150
Win	[180]	180	-156
Win	[150]	180	-159
Win	[160]	180	-144
Win	[170]	180	-150
Win	[150]	180	-147
Win	[170]	180	-144
Win	[200]	180	-171
Win	[170]	180	-156
Win	[160]	180	-156
Win	[170]	180	-156
Loss	[190]	177	-180
Win	[170]	180	-144
Win	[180]	180	-162
Win	[160]	180	-174
Win	[170]	180	-162
Win	[180]	180	-156
Win	[180]	180	-156
Win	[180]	180	-156
Win	[170]	180	-150
Win	[180]	180	-162
Win	[170]	180	-156
Win	[150]	180	-165
Win	[170]	180	-150
Win	[170]	180	-156
Win	[170]	180	-168
Win	[140]	180	-165
Win	[180]	180	-156
Loss	[180]	171	-180
Win	[170]	180	-156
Loss	[230]	177	-180
Win	[180]	180	-156
Win	[180]	180	-156
Loss	[160]	144	-180
Win	[180]	180	-156
Win	[170]	180	-156
Win	[160]	180	-156
Loss	[210]	171	-180
Win	[170]	180	-162
Loss	[180]	177	-180
Win	[180]	180	-156
Win	[190]	180	-165
Win	[180]	180	-156
Win	[170]	180	-156
Win	[200]	180	-165
Win	[180]	180	-156
Win	[180]	180	-162
Win	[170]	180	-162
Win	[140]	180	-147
Loss	[160]	159	-180
Loss	[170]	150	-180
Win	[210]	180	-171
Win	[160]	180	-168
Win	[180]	180	-156
Win	[160]	180	-138
Win	[160]	180	-150
Win	[180]	180	-156
Win	[150]	180	-168
Win	[170]	180	-162
Win	[170]	180	-150
Loss	[170]	141	-180
Win	[170]	180	-156
Win	[150]	180	-159
Win	[170]	180	-171
Win	[170]	180	-162
Win	[180]	180	-162
Win	[170]	180	-156
Win	[150]	180	-165
Win	[140]	180	-159
Win	[160]	180	-168
Win	[170]	180	-156
Win	[170]	180	-150
Loss	[170]	132	-180
Win	[170]	180	-156
Win	[170]	180	-150
Win	[150]	180	-162
Win	[180]	180	-156
Win	[140]	180	-156
Win	[150]	180	-171
Win	[170]	180	-150
Win	[180]	180	-174
Win	[180]	180	-162
Win	[170]	180	-156
Loss	[210]	177	-180
Win	[180]	180	-168
Win	[150]	180	-159
Win	[150]	180	-171
Win	[170]	180	-156
Win	[170]	180	-150
Win	[170]	180	-156
Win	[170]	180	-162
Win	[170]	180	-156
Loss	[160]	144	-180
Win	[170]	180	-156
Loss	[230]	177	-180
Win	[160]	180	-150
Win	[170]	180	-156
Win	[180]	180	-162
Win	[180]	180	-162
Win	[180]	180	-162
Win	[170]	180	-156
Win	[170]	180	-150
Win	[170]	180	-162
Win	[170]	180	-168
Win	[150]	180	-150
Win	[170]	180	-156
Win	[190]	180	-168
Win	[170]	180	-156
Win	[170]	180	-156
Loss	[140]	153	-180
Win	[160]	180	-150
Win	[170]	180	-162
Win	[160]	180	-150
Win	[180]	180	-162
Win	[180]	180	-156
Win	[160]	180	-150
Win	[180]	180	-156
Win	[150]	180	-165
Win	[170]	180	-162
Loss	[170]	144	-180
Win	[150]	180	-165
Win	[170]	180	-156
Win	[170]	180	-150
Win	[170]	180	-144
Win	[170]	180	-168
Win	[150]	180	-165
Win	[170]	180	-156
Win	[180]	180	-177
Win	[150]	180	-144
Win	[170]	180	-156
Win	[140]	180	-144
Win	[160]	180	-168
Win	[170]	180	-162
Win	[180]	180	-174
Win	[150]	180	-165
Win	[170]	180	-150
Win	[180]	180	-168
Win	[170]	180	-162
Loss	[190]	171	-180
Win	[150]	180	-150
Loss	[170]	171	-180
Win	[170]	180	-156
Win	[170]	180	-162
Win	[150]	180	-159
Win	[160]	180	-156
Win	[170]	180	-144
Win	[180]	180	-153
Win	[170]	180	-150
Win	[170]	180	-156
Win	[180]	180	-162
Win	[170]	180	-150
Win	[170]	180	-156
Win	[180]	180	-150
Win	[160]	180	-144
Win	[180]	180	-162
Loss	[210]	177	-180
Win	[170]	180	-144
Win	[170]	180	-156
Win	[170]	180	-156
Loss	[150]	126	-180
Win	[170]	180	-156
Win	[170]	180	-150
Loss	[170]	177	-180
Win	[170]	180	-156
Loss	[150]	132	-180
Win	[170]	180	-156
Win	[180]	180	-156
Loss	[180]	135	-180
Win	[190]	180	-168
Loss	[190]	153	-180
Win	[190]	180	-171
Loss	[210]	177	-180
Win	[170]	180	-156
Win	[200]	180	-171
Win	[160]	180	-144
Win	[150]	180	-165
Win	[170]	180	-171
Loss	[150]	138	-180
Loss	[180]	162	-180
Win	[160]	180	-150
Win	[170]	180	-156
Win	[160]	180	-144
Win	[180]	180	-156
Win	[170]	180	-150
Win	[140]	180	-150
Win	[170]	180	-156
Win	[170]	180	-150
Win	[180]	180	-156
Win	[170]	180	-150
Win	[150]	180	-156
Win	[200]	180	-177
Win	[210]	180	-165
Win	[150]	180	-159
Win	[170]	180	-150
Win	[160]	180	-144
Win	[170]	180	-156
Win	[150]	180	-150
Win	[140]	180	-150
Win	[170]	180	-156
Win	[150]	180	-156
Win	[170]	180	-144
Loss	[210]	165	-180
Win	[220]	180	-171
Win	[200]	180	-177
Win	[170]	180	-138
Win	[160]	180	-168
Win	[180]	180	-156
Win	[180]	180	-162
Win	[150]	180	-162
Win	[170]	180	-144
Win	[150]	180	-165
Loss	[170]	162	-180
Win	[150]	180	-144
Win	[180]	180	-168
Win	[170]	180	-156
Win	[180]	180	-162
Win	[180]	180	-162
Win	[160]	180	-144
Win	[170]	180	-150
Win	[170]	180	-156
Win	[180]	180	-156
Win	[170]	180	-156
Win	[140]	180	-138
Win	[170]	180	-156
Win	[170]	180	-156
Win	[170]	180	-156
Win	[170]	180	-162
Win	[150]	180	-159
Win	[170]	180	-150
Win	[180]	180	-156
Win	[160]	180	-159
Win	[180]	180	-162
Win	[180]	180	-156
Win	[170]	180	-150
Win	[170]	180	-150
Win	[170]	180	-162
Win	[170]	180	-150
Win	[160]	180	-150
Win	[170]	180	-162
Win	[150]	180	-168
Win	[150]	180	-162
Win	[170]	180	-156
Win	[180]	180	-156
Win	[140]	180	-159
Win	[140]	180	-144
Win	[180]	180	-162
Win	[170]	180	-156
Win	[150]	180	-165
Win	[160]	180	-156
Win	[160]	180	-162
Win	[150]	180	-159
Win	[170]	180	-150
Win	[170]	180	-156
Win	[150]	180	-150
Win	[150]	180	-165
Win	[170]	180	-156
Win	[170]	180	-162
Win	[140]	180	-159
Win	[130]	180	-129
Win	[170]	180	-156
Loss	[200]	171	-180
Win	[170]	180	-156
Win	[160]	180	-144
Win	[170]	180	-156
Win	[180]	180	-156
Win	[170]	180	-150
Win	[180]	180	-156
Win	[180]	180	-162
Win	[180]	180	-168
Win	[190]	180	-162
Win	[140]	180	-153
Loss	[190]	165	-180
Win	[170]	180	-162
Loss	[230]	177	-180
Win	[170]	180	-156
Win	[190]	180	-168
Win	[170]	180	-156
Win	[180]	180	-162
Win	[170]	180	-156
Win	[140]	180	-165
Win	[180]	180	-150
Win	[140]	180	-150
Win	[140]	180	-159
Loss	[170]	153	-180
Win	[140]	180	-150
Win	[170]	180	-153
Loss	[180]	141	-180
Loss	[170]	135	-180
Win	[210]	180	-177
Win	[200]	180	-165
Win	[170]	180	-156
Win	[200]	180	-177
Win	[170]	180	-168
Win	[170]	180	-156
Win	[150]	180	-159
Win	[150]	180	-162
Win	[170]	180	-150
Loss	[180]	162	-180
Win	[170]	180	-150
Win	[160]	180	-150
Win	[180]	180	-156
Win	[210]	180	-177
Win	[160]	180	-144
Win	[150]	180	-144
Win	[170]	180	-156
Win	[170]	180	-162
Win	[170]	180	-156
Win	[180]	180	-162
Win	[140]	180	-159
Win	[170]	180	-150
Win	[180]	180	-177
Win	[160]	180	-168
Loss	[210]	165	-180
Win	[170]	180	-144
Win	[130]	180	-129
Loss	[120]	126	-180
Win	[180]	180	-168
Win	[190]	180	-162
Win	[170]	180	-144
Win	[140]	180	-159
Loss	[180]	177	-180
Win	[170]	180	-150
Win	[170]	180	-150
Win	[180]	180	-156
Win	[160]	180	-150
Win	[210]	180	-177
Win	[180]	180	-156
Win	[150]	180	-162
Win	[160]	180	-162
Win	[180]	180	-162
Win	[170]	180	-144
Win	[170]	180	-150
Win	[180]	180	-165
Win	[170]	180	-150
Win	[170]	180	-144
Win	[150]	180	-159
Win	[150]	180	-162
Loss	[160]	150	-180
Win	[170]	180	-150
Win	[160]	180	-168
Win	[150]	180	-159
Win	[170]	180	-156
Win	[170]	180	-162
Win	[180]	180	-168
Win	[170]	180	-162
Win	[170]	180	-156
Win	[170]	180	-156
Win	[180]	180	-162
Win	[170]	180	-156
Loss	[180]	174	-180
Win	[170]	180	-156
Win	[170]	180	-162
Win	[160]	180	-156
Win	[140]	180	-159
Win	[180]	180	-162
Win	[190]	180	-168
Win	[200]	180	-171
Loss	[160]	174	-180
Win	[170]	180	-168
Win	[170]	180	-150
Loss	[170]	144	-180
Loss	[170]	132	-180
Win	[170]	180	-156
Win	[170]	180	-144
Win	[170]	180	-156
Loss	[160]	132	-180
Win	[150]	180	-156
Win	[170]	180	-150
Win	[170]	180	-156
Win	[180]	180	-156
Loss	[170]	177	-180
Win	[160]	180	-156
Loss	[220]	177	-180
Win	[180]	180	-156
Win	[160]	180	-150
Win	[170]	180	-156
Loss	[190]	147	-180
Win	[170]	180	-156
Win	[160]	180	-162
Win	[170]	180	-156
Win	[160]	180	-162
Win	[170]	180	-156
Win	[170]	180	-156
Win	[170]	180	-156
Win	[140]	180	-141
Win	[150]	180	-159
Win	[160]	180	-150
Win	[170]	180	-156
Win	[130]	180	-123
Loss	[180]	177	-180
Win	[180]	180	-177
Win	[140]	180	-159
Win	[180]	180	-168
Win	[170]	180	-144
Win	[160]	180	-144
Win	[170]	180	-150
Win	[180]	180	-156
Loss	[220]	159	-180
Win	[160]	180	-150
Win	[180]	180	-168
Win	[160]	180	-156
Win	[180]	180	-162
Loss	[180]	177	-180
Win	[160]	180	-150
Win	[150]	180	-162
Win	[170]	180	-150
Win	[180]	180	-168
Win	[170]	180	-156
Win	[180]	180	-162
Win	[180]	180	-156
Win	[140]	180	-153
Loss	[210]	165	-180
Win	[160]	180	-144
Win	[170]	180	-162
Win	[170]	180	-162
Win	[160]	180	-156
Loss	[210]	171	-180
Win	[170]	180	-156
Win	[150]	180	-168
Loss	[210]	159	-180
Win	[170]	180	-171
Win	[170]	180	-156
Win	[170]	180	-156
Win	[150]	180	-153
Win	[200]	180	-177
Win	[160]	180	-144
Win	[160]	180	-168
Win	[150]	180	-165
Win	[170]	180	-150
Win	[160]	180	-156
Win	[180]	180	-162
Win	[170]	180	-156
Win	[170]	180	-150
Win	[160]	180	-150
Win	[150]	180	-156
Win	[220]	180	-177
Win	[160]	180	-150
Win	[170]	180	-171
Win	[170]	180	-162
Win	[160]	180	-168
Loss	[190]	171	-180
Win	[180]	180	-168
Win	[190]	180	-162
Win	[180]	180	-150
Win	[190]	180	-171
Win	[180]	180	-162
Win	[170]	180	-156
Win	[170]	180	-156
Win	[170]	180	-156
Win	[160]	180	-168
Win	[170]	180	-144
Win	[170]	180	-144
Loss	[180]	150	-180
Win	[160]	180	-144
Loss	[200]	177	-180
Loss	[170]	174	-180
Win	[170]	180	-156
Win	[160]	180	-171
Win	[170]	180	-162
Win	[170]	180	-144
Win	[170]	180	-150
Win	[150]	180	-156
Win	[170]	180	-150
Win	[170]	180	-162
Win	[190]	180	-171
Win	[190]	180	-165
Win	[170]	180	-156
Win	[170]	180	-144
Win	[160]	180	-144
Win	[160]	180	-168
Win	[170]	180	-156
Win	[150]	180	-171
Win	[170]	180	-156
Win	[170]	180	-168
Win	[130]	180	-129
Win	[170]	180	-168
Win	[150]	180	-159
Win	[140]	180	-144
Win	[170]	180	-168
Win	[170]	180	-162
Win	[160]	180	-162
Win	[180]	180	-168
Win	[160]	180	-144
Win	[190]	180	-171
Win	[160]	180	-156
Win	[160]	180	-156
Win	[170]	180	-162
Win	[170]	180	-162
Win	[170]	180	-150
Win	[160]	180	-162
Win	[170]	180	-168
Win	[140]	180	-135
Win	[170]	180	-144
Win	[210]	180	-171
Win	[200]	180	-171
Win	[180]	180	-165
Win	[200]	180	-165
Win	[170]	180	-156
Win	[180]	180	-156
Win	[180]	180	-159
Win	[170]	180	-165
Loss	[220]	177	-180
Win	[190]	180	-177
Win	[170]	180	-156
Win	[170]	180	-150
Win	[170]	180	-144
Win	[150]	180	-159
Win	[160]	180	-156
Loss	[180]	168	-180
Loss	[210]	177	-180
Win	[160]	180	-174
Loss	[210]	177	-180
Win	[180]	180	-162
Win	[160]	180	-150
Loss	[220]	177	-180
Win	[140]	180	-159
Win	[200]	180	-171
Win	[140]	180	-150
Win	[140]	180	-150
Loss	[220]	177	-180
Win	[170]	180	-144
Win	[150]	180	-165
Win	[150]	180	-159
Loss	[220]	177	-180
Win	[150]	180	-153
Win	[160]	180	-156
Loss	[210]	177	-180
Loss	[210]	177	-180
Win	[200]	180	-159
Win	[170]	180	-156
Loss	[190]	171	-180
Loss	[180]	165	-180
Loss	[160]	150	-180
Win	[170]	180	-168
Loss	[180]	168	-180
Win	[180]	180	-156
Loss	[180]	171	-180
Win	[200]	180	-177
Win	[180]	180	-162
Win	[170]	180	-144
Win	[150]	180	-159
Win	[170]	180	-177
Win	[170]	180	-156
Win	[170]	180	-171
Win	[200]	180	-174
Win	[200]	180	-165
Win	[170]	180	-144
Win	[160]	180	-168
Loss	[140]	165	-180
Win	[170]	180	-156
Win	[190]	180	-153
Win	[170]	180	-156
Win	[170]	180	-156
Win	[180]	180	-156
Loss	[220]	177	-180
Win	[160]	180	-144
Win	[160]	180	-144
Win	[160]	180	-150
Win	[170]	180	-150
Win	[170]	180	-150
Win	[180]	180	-147
Win	[170]	180	-150
Win	[210]	180	-177
Win	[170]	180	-177
Win	[160]	180	-162
Win	[190]	180	-159
Win	[200]	180	-177
Win	[160]	180	-156
Win	[170]	180	-150
Win	[190]	180	-153
Win	[200]	180	-165
Win	[170]	180	-150
Loss	[220]	177	-180
Win	[130]	180	-129
Loss	[180]	171	-180
Win	[170]	180	-144
Win	[170]	180	-150
Win	[170]	180	-156
Win	[140]	180	-144
Win	[170]	180	-156
Loss	[220]	171	-180
Win	[200]	180	-165
Win	[210]	180	-171
Loss	[160]	156	-180
Win	[170]	180	-150
Win	[180]	180	-147
Win	[140]	180	-159
Win	[170]	180	-144
Win	[200]	180	-171
Win	[200]	180	-159
Win	[210]	180	-177
Win	[160]	180	-150
Win	[170]	180	-156
Win	[170]	180	-150
Win	[150]	180	-165
Win	[190]	180	-159
Win	[150]	180	-165
Loss	[160]	150	-180
Win	[160]	180	-156
Win	[160]	180	-144
Win	[200]	180	-171
Win	[160]	180	-150
Win	[170]	180	-156
Loss	[160]	168	-180
Win	[140]	180	-156
Win	[150]	180	-153
Win	[180]	180	-162
Win	[170]	180	-168
Win	[170]	180	-156
Win	[170]	180	-144
Win	[160]	180	-162
Win	[140]	180	-129
Win	[150]	180	-168
Win	[160]	180	-156
Win	[200]	180	-171
Win	[150]	180	-171
Loss	[180]	138	-180
Win	[180]	180	-177
Win	[170]	180	-156
Win	[150]	180	-156
Win	[180]	180	-165
Win	[180]	180	-156
Win	[200]	180	-165
Win	[150]	180	-174
Win	[210]	180	-165
Win	[180]	180	-177
Loss	[220]	177	-180
Win	[140]	180	-159
Win	[190]	180	-165
Win	[180]	180	-156
Win	[200]	180	-159
Win	[180]	180	-156
Win	[200]	180	-165
Win	[190]	180	-159
Win	[160]	180	-168
Win	[150]	180	-144
Win	[150]	180	-156
Win	[130]	180	-129
Win	[180]	180	-156
Win	[160]	180	-144
Win	[150]	180	-156
Win	[160]	180	-144
Win	[180]	180	-162
Win	[160]	180	-162
Win	[170]	180	-150
Win	[150]	180	-168
Win	[200]	180	-165
Win	[200]	180	-171
Win	[150]	180	-165
Win	[170]	180	-150
Win	[160]	180	-168
Win	[150]	180	-150
Win	[180]	180	-156
Win	[150]	180	-165
Win	[200]	180	-165
Win	[190]	180	-159
Win	[200]	180	-171
Win	[210]	180	-171
Loss	[230]	177	-180
Loss	[220]	177	-180
Loss	[180]	162	-180
Win	[180]	180	-153
Loss	[210]	177	-180
Win	[170]	180	-144
Win	[170]	180	-150
Win	[180]	180	-156
Win	[180]	180	-162
Win	[150]	180	-168
Win	[140]	180	-135
Win	[140]	180	-153
Win	[150]	180	-171
Win	[180]	180	-159
Win	[170]	180	-156
Win	[170]	180	-150
Loss	[210]	177	-180
Win	[170]	180	-144
Win	[160]	180	-150
Win	[200]	180	-165
Win	[150]	180	-153
Win	[170]	180	-156
Win	[170]	180	-156
Win	[170]	180	-150
Win	[160]	180	-150
Win	[170]	180	-150
Win	[200]	180	-171
Win	[130]	180	-129
Win	[160]	180	-156
Win	[140]	180	-159
Win	[140]	180	-135
Win	[140]	180	-159
Win	[160]	180	-144
Win	[170]	180	-156
Win	[200]	180	-165
Win	[170]	180	-171
Win	[180]	180	-162
Win	[170]	180	-138
Win	[170]	180	-156
Win	[150]	180	-159
Win	[190]	180	-159
Win	[180]	180	-150
Win	[160]	180	-156
Win	[170]	180	-144
Win	[160]	180	-144
Win	[210]	180	-171
Win	[180]	180	-147
Win	[150]	180	-159
Win	[180]	180	-177
Win	[190]	180	-159
Win	[190]	180	-177
Win	[220]	180	-177
Win	[170]	180	-150
Win	[170]	180	-150
Win	[150]	180	-147
Win	[200]	180	-165
Win	[170]	180	-150
Win	[200]	180	-171
Win	[170]	180	-177
Win	[170]	180	-162
Win	[170]	180	-144
Win	[140]	180	-159
Win	[180]	180	-168
Win	[150]	180	-150
Win	[170]	180	-150
Win	[160]	180	-150
Win	[170]	180	-168
Win	[210]	180	-171
Loss	[210]	171	-180
Win	[160]	180	-156
Win	[150]	180	-165
Win	[170]	180	-156
Win	[190]	180	-174
Win	[140]	180	-135
Win	[170]	180	-156
Win	[130]	180	-129
Win	[150]	180	-159
Win	[160]	180	-156
Win	[180]	180	-177
Loss	[180]	159	-180
Win	[150]	180	-159
Win	[160]	180	-144
Loss	[200]	165	-180
Win	[160]	180	-168
Win	[170]	180	-168
Win	[170]	180	-156
Win	[170]	180	-156
Win	[230]	180	-171
Win	[160]	180	-162
Win	[170]	180	-150
Win	[180]	180	-162
Win	[160]	180	-168
Win	[170]	180	-162
Win	[170]	180	-156
Win	[140]	180	-156
Loss	[200]	177	-180
Win	[170]	180	-144
Win	[170]	180	-162
Win	[170]	180	-156
Win	[200]	180	-165
Win	[130]	180	-123
Loss	[170]	150	-180
Win	[160]	180	-174
Win	[150]	180	-159
Win	[180]	180	-162
Win	[170]	180	-162
Win	[170]	180	-177
Loss	[190]	153	-180
Win	[180]	180	-168
Win	[170]	180	-156
Loss	[190]	177	-180
Win	[180]	180	-162
Win	[170]	180	-162
Win	[160]	180	-156
Win	[160]	180	-138
Win	[170]	180	-156
Win	[170]	180	-162
Win	[170]	180	-156
Loss	[200]	159	-180
Loss	[150]	132	-180
Win	[180]	180	-156
Win	[140]	180	-159
Win	[160]	180	-144
Win	[170]	180	-150
Win	[160]	180	-144
Win	[170]	180	-150
Win	[160]	180	-168
Win	[170]	180	-156
Win	[200]	180	-177
Win	[150]	180	-159
Win	[180]	180	-174
Win	[160]	180	-135
Win	[170]	180	-156
Win	[170]	180	-156
Win	[170]	180	-156
Loss	[200]	153	-180
Win	[220]	180	-177
Loss	[160]	150	-180
Win	[170]	180	-156
Win	[160]	180	-156
Win	[180]	180	-156
Win	[140]	180	-129
Win	[150]	180	-159
Win	[140]	180	-159
Win	[170]	180	-162
Win	[170]	180	-150
Win	[170]	180	-168
Win	[170]	180	-168
Win	[170]	180	-150
Win	[170]	180	-162
Win	[140]	180	-129
Win	[170]	180	-162
Win	[170]	180	-150
Win	[170]	180	-156
Win	[180]	180	-156
Win	[130]	180	-129
Win	[170]	180	-162
Win	[160]	180	-162
Win	[170]	180	-144
Loss	[190]	156	-180
Win	[170]	180	-156
Loss	[180]	162	-180
Win	[160]	180	-150
Win	[190]	180	-171
Win	[170]	180	-150
Loss	[140]	117	-180
Win	[180]	180	-168
Win	[170]	180	-162
Win	[170]	180	-156
Loss	[220]	159	-180
Win	[130]	180	-129
Win	[140]	180	-165
Win	[170]	180	-156
Win	[150]	180	-168
Win	[180]	180	-162
Win	[170]	180	-156
Win	[170]	180	-162
Win	[180]	180	-168
Win	[140]	180	-147
Win	[170]	180	-162
Win	[150]	180	-168
Loss	[170]	150	-180
Win	[180]	180	-168
Win	[170]	180	-156
Win	[170]	180	-162
Win	[160]	180	-156
Win	[170]	180	-150
Win	[170]	180	-156
Win	[170]	180	-162
Win	[170]	180	-156
Win	[160]	180	-150
Win	[180]	180	-156
Loss	[190]	174	-180
Win	[180]	180	-156
Loss	[200]	171	-180
Loss	[200]	171	-180
Win	[160]	180	-174
Win	[180]	180	-156
Win	[180]	180	-156
Win	[170]	180	-156
Win	[170]	180	-171
Loss	[180]	141	-180
Win	[150]	180	-168
Win	[180]	180	-156
Win	[180]	180	-156
Loss	[220]	165	-180
Win	[180]	180	-162
Win	[180]	180	-162
Win	[180]	180	-162
Win	[180]	180	-162
Loss	[200]	177	-180
Loss	[190]	171	-180
Win	[180]	180	-162
Loss	[210]	171	-180
Win	[150]	180	-162
Win	[200]	180	-156
Loss	[170]	171	-180
Win	[200]	180	-177
Win	[180]	180	-150
Win	[140]	180	-159
Win	[170]	180	-144
Loss	[170]	114	-180
Win	[190]	180	-162
Win	[190]	180	-162
Win	[150]	180	-162
Win	[180]	180	-150
Loss	[210]	165	-180
Win	[180]	180	-168
Win	[170]	180	-156
Win	[150]	180	-159
Loss	[190]	177	-180
Win	[180]	180	-168
Win	[150]	180	-171
Win	[150]	180	-153
Win	[180]	180	-168
Win	[170]	180	-150
Win	[170]	180	-162
Win	[170]	180	-162
Win	[180]	180	-162
Win	[150]	180	-147
Win	[170]	180	-150
Loss	[210]	159	-180
Win	[180]	180	-162
Win	[170]	180	-162
Win	[160]	180	-156
Win	[170]	180	-162
Loss	[180]	156	-180
Win	[200]	180	-177
Win	[180]	180	-156
Win	[170]	180	-150
Win	[170]	180	-156
Win	[180]	180	-168
Win	[150]	180	-165
Win	[170]	180	-162
Win	[180]	180	-156
Win	[170]	180	-156
Win	[200]	180	-177
Win	[170]	180	-162
Win	[170]	180	-150
Win	[160]	180	-156
Win	[170]	180	-150
Win	[160]	180	-174
Win	[170]	180	-162
Win	[130]	180	-129
Win	[140]	180	-141
Loss	[160]	141	-180
Win	[180]	180	-156
Loss	[190]	171	-180
Win	[180]	180	-162
Win	[160]	180	-156
Win	[180]	180	-162
Win	[180]	180	-171
Win	[140]	180	-159
Win	[180]	180	-156
Win	[140]	180	-150
Win	[180]	180	-165
Win	[170]	180	-162
Win	[170]	180	-162
Win	[190]	180	-177
Win	[180]	180	-165
Win	[170]	180	-168
Win	[170]	180	-177
Win	[170]	180	-162
Win	[170]	180	-156
Win	[160]	180	-144
Win	[160]	180	-156
Win	[190]	180	-171
Loss	[170]	168	-180
Win	[170]	180	-156
Win	[180]	180	-162
Win	[210]	180	-177
Loss	[190]	174	-180
Win	[170]	180	-156
Loss	[190]	171	-180
Win	[180]	180	-171
Win	[160]	180	-156
Win	[170]	180	-156
Win	[170]	180	-156
Win	[170]	180	-159
Win	[160]	180	-162
Win	[170]	180	-156
Win	[180]	180	-162
Win	[160]	180	-162
Win	[170]	180	-162
Win	[140]	180	-159
Win	[160]	180	-156
Win	[170]	180	-156
Win	[140]	180	-165
Win	[170]	180	-144
Win	[180]	180	-171
Loss	[190]	159	-180
Win	[180]	180	-171
Win	[160]	180	-144
Win	[170]	180	-159
Win	[180]	180	-177
Win	[160]	180	-168
Win	[150]	180	-162
Win	[170]	180	-177
Win	[170]	180	-162
Loss	[170]	168	-180
Win	[160]	180	-156
Win	[150]	180	-162
Win	[170]	180	-162
Win	[140]	180	-159
Win	[170]	180	-156
Win	[170]	180	-150
Win	[180]	180	-162
Win	[140]	180	-144
Loss	[190]	177	-180
Win	[190]	180	-162
Win	[150]	180	-162
Win	[190]	180	-177
Win	[170]	180	-156
Win	[170]	180	-168
Win	[170]	180	-144
Loss	[190]	177	-180
Win	[150]	180	-165
Win	[180]	180	-171
Loss	[190]	177	-180
Win	[170]	180	-150
Win	[190]	180	-165
Win	[180]	180	-162
Win	[160]	180	-168
Win	[150]	180	-159
Win	[170]	180	-162
Win	[160]	180	-168
Win	[160]	180	-177
Win	[180]	180	-168
Win	[180]	180	-162
Win	[170]	180	-144
Loss	[190]	177	-180
Win	[160]	180	-156
Win	[180]	180	-162
Loss	[180]	177	-180
Win	[150]	180	-159
Win	[180]	180	-168
Win	[170]	180	-162
Win	[170]	180	-168
Win	[180]	180	-162
Win	[180]	180	-168
Win	[170]	180	-144
Win	[170]	180	-168
Win	[200]	180	-177
Loss	[140]	87	-180
Win	[170]	180	-162
Loss	[230]	177	-180
Win	[170]	180	-150
Win	[180]	180	-150
Win	[170]	180	-177
Win	[180]	180	-156
Win	[170]	180	-144
Win	[180]	180	-162
Win	[170]	180	-162
Win	[140]	180	-150
Win	[180]	180	-162
Win	[170]	180	-150
Win	[180]	180	-162
Win	[180]	180	-162
Loss	[180]	141	-180
Win	[150]	180	-168
Win	[160]	180	-144
Win	[180]	180	-156
Win	[180]	180	-156
Win	[180]	180	-162
Win	[160]	180	-168
Win	[180]	180	-162
Win	[170]	180	-162
Win	[160]	180	-162
Win	[130]	180	-129
Win	[180]	180	-168
Loss	[180]	135	-180
Win	[180]	180	-162
Win	[170]	180	-150
Win	[130]	180	-129
Win	[140]	180	-159
Win	[170]	180	-156
Win	[180]	180	-162
Win	[160]	180	-174
Win	[170]	180	-162
Win	[180]	180	-168
Win	[180]	180	-168
Win	[180]	180	-162
Win	[180]	180	-174
Win	[170]	180	-162
Win	[160]	180	-162
Win	[170]	180	-138
Win	[170]	180	-156
Loss	[180]	177	-180
Win	[180]	180	-162
Win	[180]	180	-174
Win	[170]	180	-156
Win	[150]	180	-159
Win	[170]	180	-150
Win	[170]	180	-162
Win	[150]	180	-159
Win	[180]	180	-162
Win	[180]	180	-168
Win	[180]	180	-168
Win	[170]	180	-156
Win	[160]	180	-156
Loss	[230]	177	-180
Loss	[240]	171	-180
Win	[150]	180	-162
Win	[200]	180	-165
Loss	[170]	156	-180
Win	[180]	180	-156
Win	[180]	180	-168
Win	[140]	180	-150
Win	[170]	180	-150
Win	[180]	180	-156
Win	[160]	180	-156
Win	[170]	180	-168
Win	[150]	180	-168
Loss	[200]	171	-180
Win	[130]	180	-123
Win	[170]	180	-156
Win	[150]	180	-150
Win	[180]	180	-156
Win	[140]	180	-156
Loss	[170]	171	-180
Win	[180]	180	-162
Win	[130]	180	-135
Win	[170]	180	-150
Win	[150]	180	-150
Win	[170]	180	-156
Win	[170]	180	-144
Win	[180]	180	-156
Win	[130]	180	-135
Win	[170]	180	-162
Win	[160]	180	-150
Win	[180]	180	-162
Win	[140]	180	-159
Win	[180]	180	-162
Win	[150]	180	-159
Win	[170]	180	-144
Win	[180]	180	-162
Win	[160]	180	-162
Loss	[200]	153	-180
Win	[160]	180	-174
Win	[180]	180	-156
Win	[170]	180	-144
Win	[170]	180	-168
Loss	[180]	159	-180
Win	[180]	180	-165
Win	[180]	180	-171
Win	[180]	180	-156
Win	[180]	180	-162
Win	[180]	180	-168
Win	[190]	180	-174
Win	[170]	180	-174
Win	[170]	180	-162
Win	[170]	180	-156
Loss	[170]	177	-180
Loss	[200]	165	-180
Win	[170]	180	-168
Win	[180]	180	-162
Loss	[190]	114	-180
Win	[160]	180	-150
Win	[170]	180	-156
Win	[190]	180	-174
Win	[180]	180	-168
Win	[140]	180	-159
Win	[170]	180	-156
Win	[180]	180	-162
Win	[170]	180	-162
Win	[150]	180	-168
Win	[180]	180	-162
Win	[170]	180	-150
Loss	[170]	144	-180
Win	[170]	180	-150
Win	[170]	180	-150
Win	[190]	180	-165
Win	[180]	180	-168
Win	[150]	180	-156
Win	[170]	180	-168
Win	[170]	180	-162
Win	[180]	180	-168
Win	[140]	180	-141
Win	[190]	180	-165
Win	[170]	180	-162
Win	[180]	180	-165
Win	[190]	180	-171
Win	[170]	180	-144
Win	[170]	180	-156
Win	[150]	180	-159
Loss	[230]	171	-180
Win	[180]	180	-150
Win	[140]	180	-135
Win	[170]	180	-144
Win	[170]	180	-156
Win	[170]	180	-156
Win	[180]	180	-162
Win	[170]	180	-156
Win	[150]	180	-153
Win	[150]	180	-150
Win	[160]	180	-162
Win	[170]	180	-156
Win	[180]	180	-162
Win	[140]	180	-135
Win	[200]	180	-171
Win	[170]	180	-156
Win	[140]	180	-150
Win	[150]	180	-159
Win	[140]	180	-165
Win	[190]	180	-174
Win	[140]	180	-150
Loss	[180]	177	-180
Win	[180]	180	-171
Win	[160]	180	-156
Win	[160]	180	-144
Win	[170]	180	-162
Loss	[180]	150	-180
Win	[170]	180	-171
Win	[160]	180	-156
Win	[170]	180	-171
Win	[150]	180	-162
Loss	[190]	153	-180
Win	[140]	180	-135
Win	[130]	180	-135
Win	[180]	180	-177
Loss	[170]	147	-180
Win	[170]	180	-156
Win	[180]	180	-156
Win	[160]	180	-159
Win	[170]	180	-171
Win	[170]	180	-150
Win	[170]	180	-150
Loss	[200]	177	-180
Loss	[190]	177	-180
Win	[160]	180	-156
Win	[170]	180	-162
Loss	[170]	177	-180
Loss	[170]	156	-180
Win	[200]	180	-177
Win	[220]	180	-177
Win	[160]	180	-150
Win	[170]	180	-156
Win	[170]	180	-156
Win	[180]	180	-162
Win	[180]	180	-150
Loss	[150]	174	-180
Win	[180]	180	-171
Loss	[180]	156	-180
Win	[130]	180	-123
Win	[180]	180	-162
Win	[180]	180	-165
Win	[180]	180	-156
Win	[150]	180	-168
Win	[150]	180	-144
Win	[180]	180	-156
Win	[180]	180	-168
Win	[140]	180	-159
Win	[170]	180	-150
Loss	[160]	120	-180
Win	[140]	180	-159
Win	[160]	180	-174
Loss	[180]	171	-180
Loss	[170]	150	-180
Win	[180]	180	-150
Loss	[180]	153	-180
Loss	[140]	81	-180
Win	[190]	180	-177
Win	[180]	180	-162
Win	[170]	180	-150
Win	[160]	180	-156
Loss	[220]	165	-180
Win	[170]	180	-156
Loss	[220]	177	-180
Win	[170]	180	-162
Win	[180]	180	-168
Win	[170]	180	-162
Win	[150]	180	-168
Win	[170]	180	-162
Win	[180]	180	-150
Win	[150]	180	-144
Win	[150]	180	-174
Win	[180]	180	-150
Win	[170]	180	-162
Win	[160]	180	-150
Win	[180]	180	-162
Loss	[200]	159	-180
Win	[170]	180	-144
Win	[180]	180	-162
Win	[170]	180	-150
Win	[180]	180	-156
Win	[170]	180	-150
Win	[180]	180	-156
Loss	[180]	150	-180
Win	[180]	180	-168
Win	[170]	180	-150
Win	[160]	180	-150
Win	[150]	180	-171
Win	[180]	180	-162
Win	[140]	180	-129
Win	[170]	180	-162
Win	[180]	180	-156
Loss	[160]	126	-180
Win	[170]	180	-156
Loss	[150]	129	-180
Loss	[150]	132	-180
Loss	[170]	126	-180
Win	[160]	180	-168
Win	[160]	180	-150
Win	[190]	180	-162
Win	[170]	180	-156
Win	[180]	180	-156
Win	[150]	180	-156
Win	[180]	180	-156
Win	[160]	180	-156
Win	[180]	180	-156
Win	[160]	180	-162
Win	[170]	180	-150
Win	[170]	180	-162
Win	[170]	180	-156
Win	[170]	180	-156
Win	[170]	180	-156
Win	[180]	180	-150
Loss	[200]	171	-180
Win	[170]	180	-150
Win	[170]	180	-156
Win	[170]	180	-162
Win	[190]	180	-168
Win	[160]	180	-174
Win	[170]	180	-162
Win	[160]	180	-168
Win	[190]	180	-168
Win	[170]	180	-150
Win	[180]	180	-156
Win	[170]	180	-162
Win	[170]	180	-162
Loss	[210]	171	-180
Win	[150]	180	-162
Win	[180]	180	-168
Win	[170]	180	-156
Win	[180]	180	-168
Loss	[160]	177	-180
Win	[140]	180	-135
Win	[180]	180	-150
Win	[170]	180	-156
Win	[150]	180	-168
Win	[180]	180	-150
Win	[170]	180	-156
Win	[180]	180	-156
Win	[170]	180	-144
Win	[170]	180	-156
Win	[130]	180	-135
Win	[170]	180	-150
Win	[160]	180	-156
Win	[130]	180	-129
Win	[170]	180	-162
Loss	[200]	171	-180
Win	[150]	180	-156
Win	[150]	180	-168
Win	[180]	180	-156
Win	[180]	180	-156
Win	[160]	180	-144
Win	[170]	180	-150
Win	[170]	180	-177
Win	[170]	180	-162
Win	[170]	180	-150
Win	[180]	180	-156
Win	[170]	180	-156
Win	[170]	180	-162
Win	[170]	180	-156
Win	[180]	180	-168
Win	[160]	180	-156
Win	[180]	180	-162
Win	[190]	180	-171
Win	[200]	180	-171
Win	[170]	180	-171
Win	[170]	180	-156
Win	[170]	180	-162
Win	[160]	180	-156
Win	[170]	180	-144
Win	[160]	180	-171
Win	[150]	180	-171
Win	[190]	180	-177
Win	[170]	180	-156
Win	[190]	180	-162
Loss	[190]	153	-180
Win	[180]	180	-162
Win	[160]	180	-162
Win	[170]	180	-162
Win	[180]	180	-156
Win	[180]	180	-150
Win	[170]	180	-162
Win	[180]	180	-162
Win	[170]	180	-156
Loss	[160]	120	-180
Win	[190]	180	-162
Win	[180]	180	-162
Win	[180]	180	-156
Loss	[200]	177	-180
Win	[150]	180	-153
Win	[170]	180	-162
Win	[170]	180	-168
Win	[180]	180	-162
Win	[170]	180	-156
Win	[160]	180	-156
Win	[170]	180	-150
Win	[180]	180	-162
Win	[180]	180	-168
Win	[170]	180	-150
Win	[160]	180	-150
Win	[180]	180	-156
Win	[160]	180	-162
Win	[180]	180	-156
Win	[180]	180	-156
Win	[180]	180	-168
Win	[170]	180	-162
Win	[170]	180	-162
Win	[160]	180	-156
Win	[180]	180	-168
Win	[170]	180	-165
Loss	[180]	171	-180
Win	[180]	180	-162
Win	[180]	180	-162
Win	[190]	180	-168
Win	[170]	180	-156
Win	[170]	180	-156
Win	[150]	180	-150
Win	[210]	180	-171
Win	[140]	180	-159
Win	[220]	180	-177
Win	[160]	180	-150
Win	[140]	180	-156
Win	[160]	180	-150
Win	[160]	180	-150
Win	[170]	180	-150
Win	[170]	180	-150
Win	[170]	180	-162
Loss	[140]	144	-180
Loss	[170]	153	-180
Win	[180]	180	-156
Win	[160]	180	-150
Win	[170]	180	-156
Win	[160]	180	-144
Win	[160]	180	-150
Win	[140]	180	-159
Win	[160]	180	-162
Win	[150]	180	-162
Win	[170]	180	-156
Win	[150]	180	-144
Win	[170]	180	-150
Win	[140]	180	-159
Win	[160]	180	-144
Win	[190]	180	-165
Win	[170]	180	-156
Win	[170]	180	-156
Win	[160]	180	-168
Win	[170]	180	-156
Win	[150]	180	-165
Win	[170]	180	-156
Win	[170]	180	-162
Win	[150]	180	-138
Win	[160]	180	-150
Win	[170]	180	-162
Win	[180]	180	-156
Win	[180]	180	-156
Win	[170]	180	-156
Win	[170]	180	-156
Win	[170]	180	-156
Loss	[140]	108	-180
Loss	[190]	177	-180
Win	[140]	180	-144
Win	[170]	180	-162
Win	[200]	180	-162
Win	[160]	180	-162
Win	[160]	180	-150
Win	[150]	180	-162
Win	[150]	180	-144
Win	[170]	180	-162
Win	[170]	180	-156
Win	[160]	180	-156
Win	[160]	180	-150
Win	[170]	180	-177
Win	[130]	180	-129
Win	[160]	180	-144
Win	[160]	180	-150
Win	[170]	180	-144
Win	[180]	180	-156
Win	[170]	180	-150
Win	[160]	180	-150
Win	[170]	180	-162
Win	[180]	180	-156
Win	[170]	180	-156
Win	[170]	180	-156
Win	[150]	180	-150
Win	[170]	180	-150
Win	[160]	180	-144
Win	[180]	180	-156
Win	[160]	180	-156
Win	[170]	180	-156
Win	[150]	180	-162
Win	[170]	180	-144
Win	[160]	180	-168
Loss	[170]	168	-180
Win	[170]	180	-162
Win	[170]	180	-150
Win	[170]	180	-156
Win	[170]	180	-144
Win	[160]	180	-150
Win	[130]	180	-129
Win	[170]	180	-171
Win	[170]	180	-156
Win	[160]	180	-168
Loss	[170]	144	-180
Win	[160]	180	-162
Win	[160]	180	-150
Win	[160]	180	-156
Win	[170]	180	-156
Win	[160]	180	-150
Loss	[120]	96	-180
Win	[150]	180	-171
Win	[160]	180	-150
Win	[160]	180	-156
Win	[160]	180	-156
Win	[170]	180	-162
Win	[160]	180	-150
Win	[170]	180	-156
Win	[160]	180	-162
Win	[130]	180	-123
Win	[170]	180	-150
Win	[170]	180	-156
Win	[160]	180	-150
Win	[170]	180	-156
Win	[160]	180	-150
Loss	[170]	165	-180
Win	[150]	180	-165
Win	[170]	180	-162
Win	[130]	180	-129
Win	[160]	180	-162
Loss	[180]	171	-180
Win	[170]	180	-162
Win	[170]	180	-150
Win	[160]	180	-150
Win	[170]	180	-144
Win	[160]	180	-144
Win	[150]	180	-159
Win	[150]	180	-150
Win	[180]	180	-168
Win	[170]	180	-150
Win	[170]	180	-162
Win	[170]	180	-144
Win	[160]	180	-144
Win	[170]	180	-144
Win	[150]	180	-144
Win	[160]	180	-150
Win	[160]	180	-144
Win	[160]	180	-150
Win	[160]	180	-156
Win	[170]	180	-150
Win	[180]	180	-165
Win	[170]	180	-156
Win	[160]	180	-150
Win	[150]	180	-168
Win	[150]	180	-144
Win	[160]	180	-162
Loss	[170]	177	-180
Win	[170]	180	-144
Win	[160]	180	-150
Win	[140]	180	-171
Win	[160]	180	-144
Win	[140]	180	-138
Loss	[160]	174	-180
Win	[180]	180	-162
Win	[170]	180	-150
Win	[170]	180	-171
Win	[160]	180	-150
Win	[170]	180	-156
Win	[150]	180	-165
Win	[160]	180	-150
Win	[170]	180	-150
Loss	[150]	156	-180
Win	[140]	180	-156
Win	[160]	180	-150
Win	[150]	180	-150
Win	[160]	180	-144
Win	[160]	180	-144
Win	[160]	180	-150
Win	[160]	180	-174
Win	[170]	180	-150
Win	[160]	180	-150
Win	[160]	180	-144
Win	[140]	180	-159
Win	[160]	180	-156
Win	[170]	180	-150
Loss	[170]	144	-180
Win	[170]	180	-162
Win	[140]	180	-165
Win	[170]	180	-144
Win	[170]	180	-156
Win	[160]	180	-156
Win	[160]	180	-150
Win	[160]	180	-150
Win	[160]	180	-150
Win	[170]	180	-144
Win	[170]	180	-150
Win	[170]	180	-156
Loss	[210]	171	-180
Win	[160]	180	-144
Win	[160]	180	-156
Win	[170]	180	-156
Win	[140]	180	-135
Win	[160]	180	-144
Win	[160]	180	-144
Win	[160]	180	-144
Win	[150]	180	-156
Win	[160]	180	-150
Win	[160]	180	-150
Win	[180]	180	-165
Win	[170]	180	-150
Win	[150]	180	-165
Win	[170]	180	-150
Win	[160]	180	-168
Win	[150]	180	-159
Win	[150]	180	-159
Win	[140]	180	-123
Win	[170]	180	-150
Win	[170]	180	-150
Win	[170]	180	-156
Win	[170]	180	-150
Win	[140]	180	-159
Win	[180]	180	-156
Win	[160]	180	-171
Win	[130]	180	-129
Win	[160]	180	-144
Win	[150]	180	-150
Win	[170]	180	-156
Win	[180]	180	-159
Win	[170]	180	-144
Win	[170]	180	-162
Win	[150]	180	-162
Win	[160]	180	-168
Win	[140]	180	-156
Win	[140]	180	-159
Win	[170]	180	-150
Win	[160]	180	-165
Win	[170]	180	-156
Win	[170]	180	-156
Win	[150]	180	-162
Win	[150]	180	-168
Win	[170]	180	-156
Loss	[110]	114	-180
Win	[160]	180	-174
Win	[140]	180	-135
Win	[170]	180	-150
Win	[150]	180	-168
Win	[130]	180	-135
Win	[160]	180	-168
Win	[190]	180	-171
Win	[150]	180	-168
Win	[150]	180	-165
Win	[190]	180	-165
Win	[150]	180	-150
Win	[150]	180	-165
Win	[150]	180	-165
Win	[170]	180	-144
Win	[180]	180	-177
Win	[150]	180	-162
Win	[160]	180	-162
Win	[140]	180	-159
Win	[150]	180	-165
Win	[170]	180	-150
Win	[180]	180	-156
Win	[170]	180	-177
Win	[170]	180	-150
Win	[160]	180	-168
Win	[130]	180	-135
Win	[160]	180	-162
Win	[170]	180	-156
Win	[170]	180	-150
Win	[170]	180	-156
Win	[170]	180	-156
Win	[130]	180	-129
Win	[170]	180	-144
Win	[180]	180	-162
Win	[150]	180	-168
Win	[180]	180	-156
Win	[140]	180	-159
Win	[170]	180	-150
Win	[170]	180	-150
Win	[130]	180	-129
Win	[160]	180	-162
Win	[130]	180	-129
Win	[170]	180	-144
Win	[150]	180	-159
Win	[170]	180	-144
Win	[140]	180	-144
Win	[170]	180	-144
Win	[160]	180	-156
Win	[160]	180	-162
Win	[170]	180	-150
Win	[170]	180	-156
Win	[180]	180	-156
Win	[200]	180	-171
Win	[140]	180	-129
Win	[150]	180	-165
Win	[160]	180	-144
Win	[170]	180	-150
Win	[150]	180	-156
Win	[170]	180	-150
Win	[170]	180	-156
Win	[160]	180	-174
Win	[160]	180	-156
Loss	[160]	132	-180
Win	[140]	180	-144
Win	[150]	180	-159
Win	[170]	180	-156
Win	[170]	180	-156
Win	[180]	180	-156
Win	[170]	180	-162
Loss	[160]	132	-180
Win	[150]	180	-162
Win	[150]	180	-150
Win	[170]	180	-156
Win	[170]	180	-150
Win	[140]	180	-165
Win	[140]	180	-165
Win	[180]	180	-162
Win	[130]	180	-135
Win	[160]	180	-162
Win	[170]	180	-156
Win	[170]	180	-150
Win	[170]	180	-162
Win	[140]	180	-144
Win	[140]	180	-159
Win	[140]	180	-159
Loss	[170]	156	-180
Win	[130]	180	-129
Win	[150]	180	-156
Win	[170]	180	-150
Win	[150]	180	-159
Win	[180]	180	-162
Win	[170]	180	-150
Win	[170]	180	-144
Win	[170]	180	-150
Win	[180]	180	-165
Win	[140]	180	-159
Win	[160]	180	-150
Win	[160]	180	-162
Win	[170]	180	-171
Win	[170]	180	-156
Win	[170]	180	-156
Win	[140]	180	-135
Win	[170]	180	-168
Win	[170]	180	-150
Win	[160]	180	-168
Win	[180]	180	-162
Win	[140]	180	-159
Win	[150]	180	-159
Win	[150]	180	-165
Win	[170]	180	-150
Win	[170]	180	-177
Win	[170]	180	-144
Win	[170]	180	-150
Win	[180]	180	-165
Win	[160]	180	-144
Win	[170]	180	-150
Win	[130]	180	-129
Win	[150]	180	-165
Win	[170]	180	-150
Win	[150]	180	-144
Win	[160]	180	-150
Win	[140]	180	-150
Win	[170]	180	-150
Win	[170]	180	-156
Win	[170]	180	-150
Win	[150]	180	-165
Win	[150]	180	-159
Win	[150]	180	-159
Win	[140]	180	-156
Win	[160]	180	-168
Win	[160]	180	-168
Win	[150]	180	-162
Win	[150]	180	-165
Win	[170]	180	-156
Loss	[140]	159	-180
Win	[160]	180	-156
Win	[150]	180	-171
Win	[160]	180	-156
Win	[140]	180	-159
Win	[170]	180	-156
Win	[170]	180	-150
Win	[170]	180	-156
Win	[170]	180	-156
Win	[150]	180	-159
Win	[150]	180	-168
Win	[170]	180	-150
Win	[130]	180	-129
Win	[150]	180	-165
Win	[150]	180	-159
Loss	[170]	162	-180
Win	[170]	180	-150
Win	[160]	180	-162
Win	[140]	180	-165
Win	[150]	180	-159
Win	[150]	180	-159
Win	[170]	180	-144
Win	[150]	180	-165
Win	[140]	180	-159
Win	[160]	180	-168
Win	[140]	180	-159
Win	[150]	180	-168
Win	[170]	180	-144
Win	[160]	180	-156
Win	[170]	180	-156
Win	[160]	180	-168
Win	[170]	180	-150
Loss	[140]	108	-180
Win	[170]	180	-150
Win	[150]	180	-168
Win	[150]	180	-156
Win	[140]	180	-159
Win	[140]	180	-159
Win	[160]	180	-162
Win	[170]	180	-156
Loss	[180]	177	-180
Win	[170]	180	-144
Win	[170]	180	-150
Win	[160]	180	-162
Win	[160]	180	-156
Win	[160]	180	-162
Win	[140]	180	-144
Win	[170]	180	-138
Win	[170]	180	-150
Win	[160]	180	-168
Loss	[180]	177	-180
Win	[140]	180	-144
Win	[160]	180	-168
Win	[170]	180	-162
Win	[170]	180	-150
Win	[190]	180	-162
Win	[170]	180	-150
Win	[160]	180	-171
Win	[180]	180	-165
Win	[130]	180	-135
Win	[140]	180	-165
Win	[160]	180	-168
Win	[180]	180	-156
Win	[150]	180	-168
Win	[150]	180	-159
Win	[170]	180	-150
Win	[170]	180	-150
Win	[160]	180	-168
Win	[150]	180	-159
Win	[140]	180	-159
Win	[170]	180	-156
Win	[140]	180	-159
Win	[150]	180	-159
Win	[190]	180	-165
Win	[170]	180	-156
Win	[170]	180	-156
Win	[150]	180	-174
Win	[170]	180	-150
Win	[170]	180	-156
Win	[170]	180	-156
Loss	[170]	165	-180
Win	[160]	180	-150
Win	[140]	180	-159
Win	[140]	180	-165
Win	[170]	180	-144
Win	[170]	180	-162
Win	[150]	180	-168
Win	[160]	180	-156
Win	[180]	180	-156
Win	[160]	180	-174
Win	[170]	180	-144
Win	[140]	180	-159
Win	[170]	180	-144
Win	[180]	180	-162
Win	[170]	180	-150
Win	[150]	180	-159
Win	[130]	180	-123
Win	[150]	180	-159
Win	[150]	180	-165
Win	[150]	180	-159
Win	[170]	180	-150
Win	[170]	180	-150
Win	[150]	180	-159
Win	[140]	180	-165
Win	[140]	180	-144
Win	[170]	180	-144
Win	[160]	180	-162
Loss	[200]	171	-180
Loss	[170]	144	-180
Win	[160]	180	-168
Win	[140]	180	-153
Win	[170]	180	-171
Win	[140]	180	-153
Win	[140]	180	-129
Win	[170]	180	-156
Win	[160]	180	-177
Win	[180]	180	-156
Win	[170]	180	-156
Win	[140]	180	-159
Win	[160]	180	-174
Win	[170]	180	-156
Win	[170]	180	-156
Win	[170]	180	-150
Win	[170]	180	-144
Win	[170]	180	-150
Win	[140]	180	-159
Win	[150]	180	-162
Win	[160]	180	-168
Win	[150]	180	-168
Win	[150]	180	-168
Win	[150]	180	-168
Win	[160]	180	-171
Win	[170]	180	-156
Win	[160]	180	-174
Loss	[150]	174	-180
Win	[170]	180	-171
Win	[180]	180	-162
Win	[170]	180	-150
Win	[130]	180	-129
Win	[180]	180	-168
Win	[140]	180	-150
Win	[140]	180	-129
Win	[170]	180	-156
Win	[180]	180	-162
Win	[180]	180	-162
Win	[180]	180	-168
Win	[140]	180	-159
Win	[150]	180	-159
Win	[140]	180	-138
Win	[160]	180	-168
Win	[170]	180	-156
Win	[170]	180	-156
Win	[170]	180	-156
Win	[140]	180	-123
Win	[150]	180	-153
Win	[140]	180	-159
Win	[130]	180	-135
Win	[150]	180	-159
Win	[160]	180	-168
Win	[170]	180	-150
Win	[160]	180	-168
Loss	[180]	171	-180
Win	[170]	180	-162
Win	[180]	180	-168
Loss	[170]	156	-180
Win	[150]	180	-153
Win	[170]	180	-156
Win	[160]	180	-162
Win	[140]	180	-153
Win	[150]	180	-162
Win	[180]	180	-156
Win	[170]	180	-162
Win	[170]	180	-150
Win	[180]	180	-162
Win	[180]	180	-162
Win	[130]	180	-129
Win	[170]	180	-156
Win	[160]	180	-168
Win	[180]	180	-165
Win	[180]	180	-162
Win	[170]	180	-156
Win	[200]	180	-171
Win	[170]	180	-156
Loss	[150]	174	-180
Win	[170]	180	-150
Loss	[150]	144	-180
Win	[160]	180	-168
Loss	[150]	144	-180
Win	[170]	180	-156
Win	[180]	180	-162
Loss	[170]	168	-180
Win	[170]	180	-156
Win	[130]	180	-129
Loss	[160]	132	-180
Loss	[140]	141	-180
Win	[170]	180	-156
Win	[160]	180	-168
Win	[190]	180	-177
Win	[190]	180	-171
Win	[180]	180	-162
Win	[180]	180	-162
Win	[170]	180	-150
Win	[140]	180	-144
Win	[170]	180	-150
Win	[150]	180	-162
Win	[170]	180	-156
Win	[170]	180	-150
Loss	[210]	165	-180
Win	[170]	180	-150
Win	[150]	180	-168
Loss	[200]	159	-180
Win	[190]	180	-171
Loss	[150]	165	-180
Win	[160]	180	-168
Win	[150]	180	-156
Win	[170]	180	-156
Win	[180]	180	-156
Win	[170]	180	-156
Win	[170]	180	-162
Win	[170]	180	-162
Win	[150]	180	-147
Loss	[140]	117	-180
Win	[180]	180	-156
Win	[150]	180	-165
Win	[180]	180	-162
Win	[140]	180	-147
Win	[140]	180	-153
Win	[150]	180	-153
Win	[150]	180	-144
Win	[150]	180	-159
Win	[170]	180	-156
Win	[140]	180	-153
Win	[150]	180	-159
Win	[170]	180	-162
Win	[180]	180	-162
Loss	[210]	171	-180
Loss	[200]	159	-180
Win	[170]	180	-156
Win	[150]	180	-150
Win	[160]	180	-162
Win	[170]	180	-156
Win	[160]	180	-162
Loss	[120]	141	-180
Win	[150]	180	-165
Win	[150]	180	-168
Win	[170]	180	-171
Win	[170]	180	-156
Win	[170]	180	-156
Win	[180]	180	-156
Win	[180]	180	-162
Win	[150]	180	-159
Win	[180]	180	-177
Win	[140]	180	-159
Win	[140]	180	-153
Win	[180]	180	-156
Win	[190]	180	-177
Win	[160]	180	-162
Win	[150]	180	-168
Win	[140]	180	-153
Win	[150]	180	-159
Win	[170]	180	-150
Win	[150]	180	-165
Win	[160]	180	-168
Win	[170]	180	-156
Win	[160]	180	-144
Loss	[150]	144	-180
Win	[190]	180	-171
Win	[160]	180	-171
Loss	[170]	177	-180
Win	[150]	180	-150
Win	[140]	180	-153
Win	[150]	180	-159
Win	[150]	180	-159
Win	[150]	180	-162
Win	[130]	180	-129
Win	[170]	180	-144
Win	[170]	180	-156
Loss	[160]	177	-180
Loss	[170]	147	-180
Win	[150]	180	-159
Win	[150]	180	-159
Win	[130]	180	-123
Win	[170]	180	-156
Win	[140]	180	-135
Win	[160]	180	-144
Win	[190]	180	-168
Win	[150]	180	-162
Win	[170]	180	-156
Win	[170]	180	-156
Win	[170]	180	-150
Win	[160]	180	-174
Loss	[180]	159	-180
Win	[150]	180	-165
Loss	[150]	174	-180
Win	[170]	180	-150
Win	[170]	180	-144
Win	[170]	180	-162
Win	[150]	180	-147
Win	[170]	180	-144
Win	[160]	180	-150
Win	[170]	180	-144
Win	[180]	180	-162
Win	[180]	180	-168
Win	[170]	180	-150
Win	[150]	180	-150
Loss	[150]	126	-180
Win	[140]	180	-159
Win	[140]	180	-159
Win	[170]	180	-162
Win	[160]	180	-171
Win	[160]	180	-171
Loss	[190]	147	-180
Loss	[180]	147	-180
Win	[170]	180	-162
Win	[170]	180	-156
Loss	[170]	153	-180
Win	[170]	180	-150
Win	[150]	180	-162
Win	[170]	180	-171
Win	[190]	180	-171
Win	[170]	180	-150
Win	[170]	180	-150
Win	[160]	180	-159
Win	[140]	180	-153
Win	[170]	180	-144
Win	[140]	180	-159
Win	[180]	180	-168
Win	[140]	180	-159
Win	[170]	180	-156
Win	[170]	180	-150
Loss	[170]	150	-180
Win	[180]	180	-156
Win	[170]	180	-150
Win	[150]	180	-159
Win	[130]	180	-135
Win	[190]	180	-165
Win	[140]	180	-156
Loss	[190]	159	-180
Loss	[140]	141	-180
Win	[170]	180	-156
Win	[170]	180	-144
Win	[160]	180	-168
Win	[170]	180	-156
Win	[170]	180	-156
Win	[170]	180	-156
Win	[170]	180	-150
Win	[160]	180	-162
Win	[170]	180	-171
Win	[160]	180	-156
Win	[150]	180	-162
Win	[150]	180	-156
Win	[150]	180	-165
Win	[160]	180	-168
Loss	[170]	177	-180
Win	[130]	180	-135
Win	[150]	180	-159
Win	[170]	180	-156
Win	[170]	180	-150
Win	[160]	180	-168
Win	[160]	180	-156
Win	[170]	180	-156
Win	[160]	180	-168
Win	[180]	180	-156
Win	[170]	180	-150
Win	[140]	180	-159
Win	[170]	180	-144
Win	[150]	180	-165
Win	[170]	180	-156
Win	[170]	180	-156
Win	[170]	180	-150
Win	[180]	180	-165
Win	[160]	180	-168
Win	[170]	180	-150
Win	[140]	180	-153
Win	[140]	180	-135
Win	[170]	180	-150
Win	[150]	180	-159
Loss	[170]	171	-180
Win	[180]	180	-156
Win	[150]	180	-162
Win	[160]	180	-171
Win	[170]	180	-150
Win	[130]	180	-123
Win	[140]	180	-144
Win	[180]	180	-165
Win	[160]	180	-156
Win	[170]	180	-156
Win	[210]	180	-171
Win	[160]	180	-168
Win	[170]	180	-144
Win	[130]	180	-144
Win	[170]	180	-144
Win	[160]	180	-156
Win	[170]	180	-156
Win	[180]	180	-156
Win	[160]	180	-168
Win	[170]	180	-156
Win	[180]	180	-162
Win	[150]	180	-159
Win	[170]	180	-171
Win	[180]	180	-156
Win	[170]	180	-150
Loss	[170]	177	-180
Win	[170]	180	-150
Win	[170]	180	-150
Win	[170]	180	-150
Win	[160]	180	-162
Win	[140]	180	-159
Win	[170]	180	-150
Win	[180]	180	-156
Win	[140]	180	-159
Win	[180]	180	-171
Win	[160]	180	-168
Win	[170]	180	-144
Win	[150]	180	-159
Win	[180]	180	-165
Loss	[190]	177	-180
Win	[170]	180	-150
Win	[130]	180	-129
Win	[170]	180	-150
Win	[130]	180	-129
Win	[170]	180	-144
Win	[160]	180	-168
Win	[150]	180	-162
Win	[170]	180	-156
Win	[170]	180	-144
Win	[160]	180	-168
Win	[180]	180	-165
Win	[160]	180	-177
Win	[170]	180	-150
Win	[140]	180	-153
Win	[140]	180	-147
Win	[170]	180	-144
Win	[180]	180	-165
Win	[170]	180	-156
Win	[140]	180	-156
Win	[170]	180	-150
Win	[160]	180	-144
Win	[150]	180	-153
Win	[150]	180	-171
Win	[180]	180	-162
Win	[140]	180	-129
Win	[170]	180	-156
Win	[170]	180	-150
Win	[150]	180	-165
Win	[170]	180	-150
Win	[160]	180	-144
Win	[170]	180	-156
Win	[180]	180	-177
Win	[160]	180	-168
Win	[170]	180	-174
Win	[170]	180	-150
Win	[150]	180	-159
Win	[170]	180	-156
Win	[140]	180	-144
Loss	[160]	174	-180
Win	[180]	180	-162
Win	[170]	180	-177
Win	[130]	180	-138
Win	[170]	180	-150
Win	[140]	180	-138
Win	[160]	180	-168
Win	[170]	180	-162
Win	[150]	180	-159
Win	[160]	180	-156
Win	[210]	180	-171
Win	[160]	180	-168
Win	[150]	180	-162
Win	[150]	180	-165
Win	[170]	180	-144
Win	[180]	180	-156
Win	[180]	180	-162
Win	[160]	180	-171
Win	[170]	180	-150
Win	[180]	180	-162
Win	[170]	180	-156
Win	[190]	180	-165
Win	[170]	180	-150
Win	[160]	180	-162
Win	[170]	180	-156
Win	[180]	180	-156
Win	[200]	180	-171
Win	[170]	180	-150
Win	[150]	180	-159
Win	[170]	180	-156
Win	[140]	180	-165
Win	[170]	180	-156
Win	[170]	180	-150
Win	[150]	180	-165
Win	[170]	180	-144
Win	[150]	180	-165
Win	[140]	180	-159
Win	[160]	180	-144
Win	[170]	180	-150
Win	[170]	180	-171
Win	[170]	180	-156
Loss	[160]	168	-180
Win	[140]	180	-165
Win	[170]	180	-150
Win	[170]	180	-156
Win	[140]	180	-159
Win	[170]	180	-150
Win	[170]	180	-150
Win	[170]	180	-150
Win	[170]	180	-156
Win	[180]	180	-165
Win	[140]	180	-159
Win	[170]	180	-156
Win	[160]	180	-156
Win	[160]	180	-174
Win	[160]	180	-168
Win	[150]	180	-162
Win	[140]	180	-165
Win	[160]	180	-150
Win	[170]	180	-177
Win	[130]	180	-129
Win	[160]	180	-150
Win	[170]	180	-150
Win	[150]	180	-159
Win	[160]	180	-150
Win	[160]	180	-174
Win	[170]	180	-150
Win	[180]	180	-156
Win	[170]	180	-156
Win	[170]	180	-144
Win	[160]	180	-138
Win	[180]	180	-156
Win	[140]	180	-159
Win	[160]	180	-150
Win	[160]	180	-168
Win	[170]	180	-150
Win	[170]	180	-156
Win	[160]	180	-168
Win	[170]	180	-144
Win	[160]	180	-150
Win	[160]	180	-150
Win	[170]	180	-156
Win	[170]	180	-150
Win	[170]	180	-144
Loss	[170]	165	-180
Win	[160]	180	-162
Win	[160]	180	-168
Win	[140]	180	-159
Win	[170]	180	-150
Win	[170]	180	-156
Win	[210]	180	-171
Win	[170]	180	-156
Win	[170]	180	-150
Win	[160]	180	-168
Win	[170]	180	-144
Win	[160]	180	-171
Win	[170]	180	-150
Win	[140]	180	-159
Win	[140]	180	-129
Win	[170]	180	-150
Win	[180]	180	-171
Win	[170]	180	-150
Win	[170]	180	-144
Win	[150]	180	-162
Win	[140]	180	-159
Win	[160]	180	-168
Win	[160]	180	-168
Win	[160]	180	-168
Win	[170]	180	-144
Win	[160]	180	-168
Win	[180]	180	-162
Win	[170]	180	-156
Win	[150]	180	-159
Win	[130]	180	-129
Win	[170]	180	-150
Win	[170]	180	-156
Win	[160]	180	-168
Win	[170]	180	-150
Win	[170]	180	-156
Win	[180]	180	-162
Win	[170]	180	-144
Win	[160]	180	-156
Win	[170]	180	-150
Win	[170]	180	-150
Win	[160]	180	-156
Win	[180]	180	-156
Win	[160]	180	-156
Loss	[180]	171	-180
Win	[170]	180	-156
Win	[150]	180	-159
Win	[140]	180	-144
Win	[170]	180	-150
Win	[150]	180	-165
Win	[150]	180	-162
Win	[150]	180	-159
Win	[170]	180	-156
Win	[170]	180	-162
Win	[160]	180	-171
Win	[150]	180	-162
Win	[150]	180	-159
Win	[170]	180	-150
Loss	[170]	156	-180
Win	[150]	180	-168
Win	[170]	180	-150
Win	[170]	180	-156
Win	[140]	180	-171
Win	[170]	180	-150
Win	[170]	180	-171
Win	[180]	180	-162
Win	[150]	180	-159
Win	[180]	180	-162
Win	[170]	180	-156
Win	[150]	180	-168
Win	[160]	180	-156
Win	[170]	180	-156
Win	[160]	180	-150
Win	[160]	180	-144
Win	[160]	180	-156
Win	[170]	180	-150
Win	[180]	180	-162
Win	[170]	180	-150
Win	[170]	180	-144
Win	[160]	180	-162
Win	[140]	180	-159
Win	[180]	180	-162
Win	[170]	180	-156
Win	[160]	180	-150
Win	[180]	180	-162
Win	[160]	180	-162
Win	[130]	180	-129
Win	[170]	180	-138
Win	[150]	180	-159
Win	[150]	180	-159
Win	[150]	180	-162
Win	[140]	180	-159
Win	[170]	180	-150
Win	[160]	180	-168
Loss	[140]	123	-180
Win	[170]	180	-144
Win	[170]	180	-150
Loss	[140]	117	-180
Win	[140]	180	-141
Win	[170]	180	-174
Win	[160]	180	-168
Win	[170]	180	-144
Win	[160]	180	-138
Win	[170]	180	-150
Win	[170]	180	-156
Win	[130]	180	-135
Win	[140]	180	-153
Win	[170]	180	-156
Win	[140]	180	-129
Win	[170]	180	-156
Win	[170]	180	-144
Win	[160]	180	-156
Win	[170]	180	-156
Win	[170]	180	-150
Win	[190]	180	-177
Loss	[170]	177	-180
Win	[180]	180	-162
Win	[150]	180	-159
Win	[180]	180	-162
Win	[170]	180	-150
Win	[170]	180	-150
Win	[170]	180	-150
Loss	[160]	150	-180
Win	[170]	180	-156
Win	[170]	180	-150
Win	[130]	180	-129
Win	[140]	180	-147
Win	[190]	180	-165
Win	[150]	180	-162
Win	[140]	180	-159
Win	[180]	180	-165
Win	[160]	180	-156
Win	[170]	180	-150
Win	[180]	180	-177
Win	[170]	180	-150
Win	[150]	180	-168
Win	[160]	180	-156
Win	[170]	180	-150
Win	[150]	180	-168
Win	[140]	180	-165
Win	[170]	180	-156
Win	[150]	180	-165
Win	[140]	180	-159
Win	[170]	180	-156
Win	[170]	180	-150
Win	[150]	180	-156
Win	[170]	180	-162
Win	[170]	180	-150
Win	[190]	180	-165
Win	[170]	180	-150
Win	[160]	180	-168
Win	[170]	180	-162
Win	[130]	180	-129
Win	[160]	180	-171
Win	[170]	180	-171
Win	[170]	180	-150
Win	[140]	180	-144
Win	[170]	180	-156
Win	[160]	180	-144
Win	[140]	180	-138
Win	[150]	180	-162
Win	[160]	180	-168
Win	[170]	180	-150
Win	[170]	180	-150
Win	[160]	180	-162
Win	[150]	180	-165
Win	[170]	180	-150
Win	[170]	180	-156
Win	[160]	180	-156
Win	[180]	180	-156
Win	[140]	180	-144
Loss	[200]	171	-180
Win	[170]	180	-144
Win	[140]	180	-159
Win	[150]	180	-150
Win	[140]	180	-159
Win	[150]	180	-147
Win	[170]	180	-156
Win	[140]	180	-153
Win	[150]	180	-162
Win	[160]	180	-150
Win	[170]	180	-156
Win	[150]	180	-165
Win	[170]	180	-156
Win	[150]	180	-171
Win	[170]	180	-144
Win	[170]	180	-150
Win	[180]	180	-165
Win	[160]	180	-162
Win	[180]	180	-177
Win	[170]	180	-171
Win	[170]	180	-156
Loss	[150]	162	-180
Win	[160]	180	-171
Win	[170]	180	-156
Win	[180]	180	-156
Win	[170]	180	-150
Win	[140]	180	-150
Win	[140]	180	-135
Win	[150]	180	-159
Win	[140]	180	-159
Win	[170]	180	-156
Win	[170]	180	-150
Win	[140]	180	-159
Win	[170]	180	-156
Win	[140]	180	-159
Win	[130]	180	-123
Win	[140]	180	-153
Win	[160]	180	-174
Win	[150]	180	-174
Win	[180]	180	-156
Win	[150]	180	-159
Win	[160]	180	-156
Win	[170]	180	-156
Win	[160]	180	-168
Win	[160]	180	-150
Win	[160]	180	-144
Win	[140]	180	-129
Win	[170]	180	-150
Win	[150]	180	-159
Win	[140]	180	-144
Loss	[120]	105	-180
Win	[150]	180	-162
Win	[180]	180	-156
Win	[140]	180	-153
Win	[170]	180	-144
Win	[170]	180	-156
Win	[150]	180	-162
Win	[140]	180	-159
Win	[150]	180	-156
Win	[150]	180	-168
Win	[150]	180	-162
Win	[170]	180	-144
Win	[140]	180	-159
Win	[190]	180	-171
Win	[170]	180	-150
Win	[160]	180	-174
Win	[180]	180	-177
Win	[150]	180	-165
Win	[170]	180	-150
Win	[170]	180	-162
Win	[150]	180	-159
Win	[180]	180	-162
Win	[160]	180	-156
Win	[170]	180	-156
Win	[150]	180	-165
Win	[180]	180	-156
Win	[170]	180	-150
Win	[180]	180	-156
Win	[140]	180	-165
Win	[140]	180	-123
Win	[140]	180	-153
Win	[150]	180	-153
Win	[170]	180	-168
Win	[170]	180	-171
Win	[170]	180	-156
Win	[150]	180	-156
Win	[170]	180	-162
Win	[150]	180	-171
Win	[180]	180	-156
Win	[150]	180	-168
Win	[170]	180	-144
Win	[170]	180	-150
Win	[160]	180	-168
Win	[180]	180	-162
Win	[160]	180	-162
Win	[180]	180	-156
Win	[170]	180	-144
Win	[170]	180	-144
Win	[150]	180	-159
Win	[150]	180	-150
Win	[130]	180	-135
Win	[140]	180	-159
Win	[150]	180	-159
Win	[160]	180	-150
Win	[170]	180	-150
Win	[140]	180	-147
Win	[170]	180	-150
Win	[170]	180	-156
Win	[170]	180	-171
Win	[170]	180	-144
Win	[180]	180	-156
Loss	[160]	174	-180
Win	[150]	180	-168
Win	[150]	180	-162
Win	[170]	180	-156
Win	[160]	180	-144
Win	[170]	180	-156
Win	[170]	180	-150
Win	[170]	180	-150
Win	[170]	180	-156
Win	[150]	180	-159
Win	[170]	180	-156
Win	[170]	180	-144
Win	[180]	180	-156
Win	[150]	180	-165
Win	[150]	180	-144
Win	[170]	180	-156
Win	[170]	180	-150
Win	[130]	180	-129
Win	[170]	180	-171
Win	[170]	180	-150
Win	[150]	180	-162
Win	[150]	180	-159
Win	[170]	180	-144
Win	[160]	180	-144
Loss	[180]	177	-180
Win	[170]	180	-150
Win	[150]	180	-162
Win	[150]	180	-165
Win	[170]	180	-150
Win	[150]	180	-165
Win	[160]	180	-168
Win	[150]	180	-132
Win	[130]	180	-123
Win	[160]	180	-168
Win	[170]	180	-150
Win	[170]	180	-144
Win	[170]	180	-156
Win	[170]	180	-156
Win	[130]	180	-129
Win	[170]	180	-171
Win	[170]	180	-156
Win	[180]	180	-156
Win	[170]	180	-144
Win	[160]	180	-144
Win	[150]	180	-162
Win	[180]	180	-156
Win	[160]	180	-156
Win	[170]	180	-144
Win	[150]	180	-159
Win	[160]	180	-168
Win	[150]	180	-168
Win	[140]	180	-159
Win	[170]	180	-150
Win	[170]	180	-144
Win	[150]	180	-162
Win	[180]	180	-162
Win	[160]	180	-150
Win	[170]	180	-156
Win	[150]	180	-159
Win	[170]	180	-156
Win	[170]	180	-171
Win	[180]	180	-156
Win	[170]	180	-150
Win	[170]	180	-171
Win	[160]	180	-156
Win	[170]	180	-156
Win	[150]	180	-156
Win	[170]	180	-156
Win	[170]	180	-156
Win	[140]	180	-156
Loss	[140]	105	-180
Win	[170]	180	-150
Win	[200]	180	-177
Win	[160]	180	-144
Win	[160]	180	-150
Loss	[150]	144	-180
Win	[170]	180	-156
Win	[170]	180	-156
Win	[170]	180	-156
Win	[170]	180	-156
Win	[170]	180	-144
Win	[170]	180	-156
Win	[170]	180	-156
Win	[170]	180	-150
Win	[170]	180	-150
Win	[160]	180	-162
Win	[200]	180	-177
Win	[150]	180	-162
Win	[170]	180	-150
Win	[170]	180	-156
Win	[170]	180	-150
Win	[150]	180	-153
Win	[130]	180	-141
Win	[150]	180	-159
Win	[170]	180	-156
Win	[150]	180	-165
Win	[180]	180	-156
Win	[170]	180	-150
Win	[170]	180	-156
Loss	[200]	177	-180
Loss	[160]	150	-180
Win	[140]	180	-150
Win	[180]	180	-162
Win	[140]	180	-144
Win	[160]	180	-144
Win	[170]	180	-162
Win	[170]	180	-171
Loss	[140]	111	-180
Loss	[140]	111	-180
Win	[180]	180	-168
Win	[170]	180	-150
Win	[170]	180	-156
Win	[170]	180	-171
Win	[140]	180	-129
Win	[170]	180	-150
Win	[170]	180	-156
Win	[170]	180	-150
Win	[170]	180	-150
Win	[170]	180	-156
Win	[170]	180	-156
Win	[170]	180	-150
Win	[160]	180	-171
Win	[180]	180	-162
Win	[140]	180	-159
Win	[170]	180	-156
Win	[170]	180	-156
Win	[170]	180	-156
Loss	[180]	159	-180
Win	[170]	180	-168
Win	[170]	180	-150
Win	[150]	180	-162
Win	[170]	180	-156
Win	[160]	180	-168
Win	[160]	180	-168
Win	[140]	180	-135
Win	[170]	180	-150
Win	[150]	180	-165
Win	[150]	180	-159
Win	[140]	180	-153
Win	[170]	180	-144
Loss	[200]	177	-180
Win	[150]	180	-165
Loss	[120]	111	-180
Win	[160]	180	-156
Win	[140]	180	-135
Win	[170]	180	-156
Win	[160]	180	-162
Loss	[210]	177	-180
Win	[160]	180	-156
Win	[160]	180	-174
Win	[140]	180	-159
Win	[170]	180	-174
Win	[140]	180	-159
Win	[150]	180	-159
Win	[140]	180	-153
Win	[170]	180	-150
Win	[170]	180	-150
Win	[160]	180	-162
Win	[160]	180	-162
Win	[170]	180	-150
Win	[140]	180	-159
Win	[150]	180	-156
Win	[170]	180	-162
Loss	[160]	177	-180
Win	[160]	180	-168
Win	[150]	180	-165
Win	[180]	180	-159
Win	[150]	180	-168
Win	[160]	180	-162
Win	[160]	180	-162
Win	[150]	180	-165
Win	[170]	180	-156
Win	[160]	180	-168
Win	[160]	180	-168
Win	[160]	180	-162
Win	[180]	180	-156
Win	[140]	180	-171
Loss	[170]	168	-180
Win	[140]	180	-159
Win	[160]	180	-156
Win	[170]	180	-144
Win	[160]	180	-144
Win	[160]	180	-156
Win	[140]	180	-150
Win	[170]	180	-156
Win	[130]	180	-129
Loss	[160]	165	-180
Win	[170]	180	-150
Win	[170]	180	-156
Win	[170]	180	-156
Win	[180]	180	-150
Win	[150]	180	-174
Win	[170]	180	-150
Win	[160]	180	-144
Win	[170]	180	-171
Win	[170]	180	-156
Win	[170]	180	-156
Win	[170]	180	-150
Win	[130]	180	-135
Win	[140]	180	-159
Win	[150]	180	-168
Win	[140]	180	-165
Win	[170]	180	-156
Win	[160]	180	-144
Win	[170]	180	-150
Win	[170]	180	-156
Win	[160]	180	-162
Win	[140]	180	-165
Win	[140]	180	-159
Win	[150]	180	-165
Win	[200]	180	-171
Win	[170]	180	-150
Win	[180]	180	-171
Win	[190]	180	-171
Win	[170]	180	-150
Win	[170]	180	-156
Win	[180]	180	-162
Win	[180]	180	-165
Loss	[150]	168	-180
Win	[170]	180	-150
Win	[150]	180	-156
Win	[140]	180	-129
Win	[130]	180	-123
Win	[150]	180	-168
Win	[170]	180	-150
Win	[140]	180	-141
Win	[160]	180	-162
Win	[170]	180	-156
Win	[170]	180	-156
Win	[160]	180	-144
Win	[160]	180	-150
Win	[150]	180	-153
Win	[160]	180	-162
Win	[180]	180	-171
Win	[170]	180	-156
Win	[170]	180	-156
Win	[140]	180	-135
Win	[170]	180	-150
Loss	[130]	93	-180
Win	[150]	180	-159
Win	[150]	180	-159
Win	[170]	180	-150
Win	[180]	180	-171
Win	[170]	180	-156
Win	[150]	180	-159
Win	[130]	180	-129
Win	[170]	180	-156
Win	[180]	180	-156
Win	[170]	180	-144
Win	[160]	180	-150
Win	[180]	180	-168
Win	[150]	180	-165
Win	[150]	180	-168
Loss	[170]	159	-180
Win	[170]	180	-150
Win	[170]	180	-150
Win	[150]	180	-165
Win	[160]	180	-162
Win	[180]	180	-162
Win	[140]	180	-159
Win	[170]	180	-150
Win	[160]	180	-156
Win	[160]	180	-162
Win	[150]	180	-159
Win	[160]	180	-144
Win	[160]	180	-138
Win	[170]	180	-156
Win	[160]	180	-144
Loss	[170]	177	-180
Win	[140]	180	-159
Win	[160]	180	-150
Win	[160]	180	-168
Win	[150]	180	-168
Win	[170]	180	-144
Win	[170]	180	-150
Win	[170]	180	-156
Win	[150]	180	-162
Win	[170]	180	-150
Win	[150]	180	-162
Win	[170]	180	-156
Win	[150]	180	-159
Win	[160]	180	-168
Win	[150]	180	-150
Win	[170]	180	-156
Loss	[200]	159	-180
Win	[170]	180	-150
Win	[160]	180	-177
Win	[150]	180	-168
Win	[160]	180	-168
Win	[140]	180	-159
Win	[170]	180	-156
Win	[150]	180	-159
Win	[170]	180	-150
Win	[190]	180	-162
Win	[180]	180	-162
Win	[160]	180	-171
Win	[150]	180	-159
Win	[140]	180	-129
Win	[150]	180	-162
Win	[170]	180	-156
Win	[140]	180	-165
Win	[170]	180	-174
Win	[150]	180	-168
Win	[180]	180	-162
Win	[170]	180	-156
Win	[150]	180	-159
Win	[170]	180	-156
Win	[170]	180	-144
Win	[180]	180	-156
Win	[150]	180	-162
Win	[170]	180	-156
Win	[140]	180	-135
Win	[190]	180	-171
Win	[170]	180	-168
Win	[150]	180	-168
Win	[170]	180	-144
Win	[140]	180	-144
Win	[160]	180	-156
Win	[130]	180	-135
Win	[170]	180	-156
Win	[210]	180	-177
Win	[150]	180	-153
Win	[170]	180	-144
Loss	[170]	165	-180
Win	[170]	180	-144
Win	[170]	180	-150
Win	[170]	180	-171
Win	[160]	180	-162
Win	[160]	180	-156
Win	[140]	180	-150
Win	[130]	180	-129
Win	[170]	180	-150
Win	[180]	180	-174
Win	[170]	180	-156
Win	[160]	180	-168
Win	[160]	180	-168
Win	[180]	180	-156
Win	[160]	180	-162
Win	[170]	180	-150
Win	[170]	180	-150
Win	[160]	180	-144
Win	[150]	180	-162
Win	[170]	180	-156
Win	[140]	180	-159
Win	[150]	180	-159
Win	[150]	180	-165
Loss	[150]	147	-180
Win	[170]	180	-144
Win	[140]	180	-141
Win	[170]	180	-150
Win	[170]	180	-168
Win	[150]	180	-171
Win	[170]	180	-156
Win	[150]	180	-159
Win	[170]	180	-150
Win	[160]	180	-162
Win	[160]	180	-177
Win	[170]	180	-162
Win	[170]	180	-150
Win	[170]	180	-144
Win	[150]	180	-150
Win	[180]	180	-162
Win	[140]	180	-138
Win	[160]	180	-168
Win	[170]	180	-144
Win	[170]	180	-156
Win	[150]	180	-144
Win	[160]	180	-168
Win	[160]	180	-162
Win	[150]	180	-168
Win	[130]	180	-129
Win	[170]	180	-144
Win	[180]	180	-165
Win	[150]	180	-159
Win	[160]	180	-144
Win	[140]	180	-135
Win	[150]	180	-168
Win	[130]	180	-129
Win	[180]	180	-171
Win	[160]	180	-162
Win	[170]	180	-144
Win	[180]	180	-156
Win	[130]	180	-135
Win	[170]	180	-144
Win	[140]	180	-147
Win	[150]	180	-150
Win	[140]	180	-165
Win	[160]	180	-174
Loss	[170]	144	-180
Win	[170]	180	-150
Win	[140]	180	-159
Win	[170]	180	-156
Win	[170]	180	-156
Win	[160]	180	-171
Win	[170]	180	-156
Win	[140]	180	-159
Loss	[160]	114	-180
Win	[140]	180	-159
Win	[130]	180	-129
Win	[140]	180	-150
Win	[170]	180	-150
Win	[170]	180	-144
Loss	[190]	153	-180
Win	[140]	180	-159
Win	[170]	180	-150
Win	[130]	180	-129
Win	[160]	180	-168
Win	[140]	180	-165
Win	[160]	180	-150
Win	[170]	180	-156
Win	[140]	180	-159
Win	[160]	180	-177
Win	[180]	180	-162
Win	[170]	180	-156
Win	[150]	180	-165
Win	[170]	180	-150
Loss	[140]	162	-180
Win	[170]	180	-168
Win	[150]	180	-165
Win	[150]	180	-162
Win	[140]	180	-141
Win	[170]	180	-156
Win	[130]	180	-129
Win	[170]	180	-150
Win	[170]	180	-177
Win	[170]	180	-156
Win	[170]	180	-150
Win	[160]	180	-168
Win	[160]	180	-162
Win	[170]	180	-150
Win	[170]	180	-144
Win	[160]	180	-162
Win	[160]	180	-144
Win	[150]	180	-165
Win	[170]	180	-150
Win	[170]	180	-144
Win	[140]	180	-159
Win	[160]	180	-168
Win	[170]	180	-150
Win	[180]	180	-156
Win	[160]	180	-144
Win	[190]	180	-177
Win	[160]	180	-156
Win	[170]	180	-156
Win	[160]	180	-162
Win	[150]	180	-165
Loss	[170]	147	-180
Win	[170]	180	-150
Win	[160]	180	-144
Win	[170]	180	-144
Win	[140]	180	-138
Win	[170]	180	-156
Win	[170]	180	-162
Win	[180]	180	-162
Win	[180]	180	-162
Win	[150]	180	-171
Win	[170]	180	-150
Win	[170]	180	-150
Win	[150]	180	-159
Win	[160]	180	-162
Win	[180]	180	-156
Win	[170]	180	-150
Win	[130]	180	-129
Win	[150]	180	-159
Win	[150]	180	-162
Win	[170]	180	-150
Win	[150]	180	-162
Loss	[180]	165	-180
Win	[170]	180	-156
Win	[170]	180	-144
Win	[150]	180	-159
Win	[160]	180	-171
Win	[150]	180	-165
Win	[160]	180	-144
Win	[170]	180	-156
Win	[170]	180	-150
Win	[160]	180	-144
Win	[160]	180	-168
Win	[150]	180	-156
Win	[150]	180	-165
Win	[170]	180	-156
Win	[140]	180	-123
Win	[170]	180	-150
Win	[160]	180	-144
Win	[170]	180	-156
Loss	[150]	168	-180
Win	[170]	180	-150
Win	[150]	180	-171
Win	[160]	180	-156
Win	[170]	180	-150
Win	[170]	180	-156
Win	[150]	180	-168
Win	[170]	180	-144
Win	[170]	180	-144
Win	[150]	180	-171
Win	[170]	180	-144
Win	[160]	180	-162
Win	[150]	180	-159
Win	[140]	180	-159
Win	[170]	180	-150
Win	[150]	180	-165
Win	[170]	180	-150
Win	[170]	180	-177
Win	[170]	180	-156
Win	[170]	180	-150
Win	[130]	180	-129
Win	[170]	180	-156
Win	[170]	180	-144
Win	[170]	180	-150
Win	[170]	180	-150
Win	[140]	180	-144
Win	[150]	180	-168
Win	[150]	180	-156
Win	[160]	180	-150
Win	[170]	180	-144
Win	[170]	180	-156
Win	[170]	180	-156
Win	[180]	180	-165
Win	[150]	180	-159
Win	[170]	180	-156
Win	[140]	180	-150
Win	[170]	180	-156
Win	[130]	180	-135
Win	[170]	180	-156
Win	[140]	180	-135
Win	[150]	180	-165
Win	[180]	180	-156
Win	[170]	180	-156
Win	[170]	180	-150
Win	[180]	180	-162
Win	[170]	180	-156
Win	[170]	180	-156
Win	[140]	180	-135
Win	[170]	180	-156
Win	[170]	180	-156
Win	[150]	180	-165
Win	[170]	180	-150
Win	[170]	180	-156
Win	[140]	180	-138
Win	[170]	180	-156
Win	[170]	180	-162
Win	[170]	180	-156
Win	[150]	180	-159
Win	[150]	180	-165
Win	[180]	180	-162
Win	[150]	180	-159
Win	[170]	180	-150
Win	[150]	180	-159
Win	[170]	180	-156
Win	[150]	180	-159
Win	[170]	180	-156
Win	[150]	180	-165
Win	[150]	180	-168
Win	[170]	180	-156
Win	[130]	180	-135
Win	[170]	180	-156
Win	[130]	180	-135
Win	[180]	180	-162
Win	[130]	180	-129
Loss	[160]	144	-180
Win	[130]	180	-129
Win	[170]	180	-150
Win	[130]	180	-129
Win	[170]	180	-150
Win	[170]	180	-150
Win	[160]	180	-171
Win	[160]	180	-144
Win	[190]	180	-171
Win	[160]	180	-150
Win	[140]	180	-141
Win	[170]	180	-150
Win	[140]	180	-141
Win	[170]	180	-156
Win	[200]	180	-171
Win	[170]	180	-156
Win	[150]	180	-159
Win	[150]	180	-159
Win	[170]	180	-162
Win	[140]	180	-156
Win	[170]	180	-156
Win	[170]	180	-144
Win	[130]	180	-129
Win	[170]	180	-144
Win	[170]	180	-144
Win	[160]	180	-150
Win	[170]	180	-156
Win	[170]	180	-144
Win	[150]	180	-165
Win	[160]	180	-138
Win	[150]	180	-165
Win	[150]	180	-159
Win	[170]	180	-144
Win	[150]	180	-156
Win	[170]	180	-150
Win	[170]	180	-150
Win	[160]	180	-171
Win	[150]	180	-165
Win	[130]	180	-129
Loss	[180]	153	-180
Win	[180]	180	-162
Win	[150]	180	-159
Win	[160]	180	-168
Win	[170]	180	-162
Win	[170]	180	-150
Win	[170]	180	-150
Win	[180]	180	-156
Win	[170]	180	-156
Win	[150]	180	-165
Win	[150]	180	-168
Win	[180]	180	-156
Win	[170]	180	-156
Win	[160]	180	-162
Win	[150]	180	-156
Win	[170]	180	-156
Win	[170]	180	-156
Win	[150]	180	-171
Win	[170]	180	-156
Win	[140]	180	-144
Win	[170]	180	-150
Win	[150]	180	-153
Win	[170]	180	-156
Win	[160]	180	-162
Win	[160]	180	-144
Win	[170]	180	-150
Win	[160]	180	-174
Win	[150]	180	-165
Win	[170]	180	-156
Win	[150]	180	-165
Win	[160]	180	-171
Win	[190]	180	-156
Win	[150]	180	-165
Win	[140]	180	-150
Win	[140]	180	-138
Win	[170]	180	-150
Win	[150]	180	-159
Win	[160]	180	-174
Win	[170]	180	-144
Win	[170]	180	-150
Win	[150]	180	-159
Win	[180]	180	-156
Win	[140]	180	-165
Win	[170]	180	-144
Win	[180]	180	-156
Win	[150]	180	-159
Win	[170]	180	-162
Win	[180]	180	-156
Win	[150]	180	-147
Win	[170]	180	-156
Win	[150]	180	-165
Win	[150]	180	-165
Win	[170]	180	-150
Loss	[170]	153	-180
Win	[150]	180	-165
Loss	[170]	150	-180
Win	[150]	180	-159
Win	[170]	180	-156
Win	[150]	180	-168
Win	[140]	180	-144
Win	[170]	180	-156
Win	[170]	180	-150
Win	[170]	180	-150
Win	[150]	180	-168
Win	[170]	180	-144
Win	[170]	180	-156
Win	[170]	180	-156
Loss	[170]	171	-180
Win	[130]	180	-123
Win	[150]	180	-165
Win	[170]	180	-150
Win	[170]	180	-150
Win	[150]	180	-165
Win	[150]	180	-165
Win	[160]	180	-171
Win	[170]	180	-162
Win	[160]	180	-171
Win	[180]	180	-156
Win	[170]	180	-144
Win	[170]	180	-156
Win	[130]	180	-129
Win	[170]	180	-156
Win	[130]	180	-129
Loss	[200]	159	-180
Win	[150]	180	-159
Win	[180]	180	-162
Win	[150]	180	-156
Win	[150]	180	-150
Win	[130]	180	-135
Win	[150]	180	-174
Win	[150]	180	-150
Win	[170]	180	-144
Win	[130]	180	-129
Loss	[150]	168	-180
Loss	[150]	129	-180
Win	[170]	180	-156
Win	[170]	180	-144
Win	[150]	180	-159
Win	[150]	180	-165
Loss	[190]	177	-180
Win	[180]	180	-162
Win	[150]	180	-159
Win	[170]	180	-144
Win	[160]	180	-162
Win	[170]	180	-150
Win	[170]	180	-156
Win	[180]	180	-156
Win	[150]	180	-153
Win	[170]	180	-156
Win	[170]	180	-150
Win	[150]	180	-162
Win	[140]	180	-165
Win	[170]	180	-150
Win	[170]	180	-150
Win	[130]	180	-129
Win	[150]	180	-159
Win	[160]	180	-144
Win	[170]	180	-150
Win	[170]	180	-156
Win	[170]	180	-156
Win	[160]	180	-168
Win	[150]	180	-165
Win	[170]	180	-150
Win	[170]	180	-150
Win	[150]	180	-168
Win	[140]	180	-135
Win	[150]	180	-159
Win	[170]	180	-144
Win	[150]	180	-168
Win	[160]	180	-165
Win	[140]	180	-129
Win	[160]	180	-168
Win	[170]	180	-150
Win	[150]	180	-174
Win	[170]	180	-162
Win	[170]	180	-150
Win	[140]	180	-159
Win	[160]	180	-144
Win	[150]	180	-165
Win	[140]	180	-165
Win	[150]	180	-168
Win	[150]	180	-165
Loss	[160]	177	-180
Win	[160]	180	-156
Win	[170]	180	-150
Win	[170]	180	-150
Win	[160]	180	-144
Win	[170]	180	-144
Win	[170]	180	-150
Win	[170]	180	-150
Win	[150]	180	-162
Win	[170]	180	-144
Win	[150]	180	-165
Win	[170]	180	-150
Win	[180]	180	-162
Win	[170]	180	-156
Win	[190]	180	-171
Win	[140]	180	-147
Win	[190]	180	-171
Win	[170]	180	-156
Win	[200]	180	-165
Win	[160]	180	-168
Loss	[180]	153	-180
Win	[180]	180	-165
Win	[150]	180	-156
Win	[160]	180	-144
Win	[150]	180	-156
Win	[180]	180	-156
Win	[140]	180	-135
Win	[150]	180	-159
Win	[140]	180	-144
Win	[170]	180	-156
Win	[170]	180	-156
Win	[170]	180	-150
Win	[160]	180	-144
Win	[140]	180	-153
Win	[180]	180	-177
Win	[160]	180	-168
Win	[140]	180	-129
Win	[180]	180	-165
Win	[170]	180	-156
Win	[170]	180	-150
Win	[150]	180	-165
Win	[170]	180	-150
Win	[170]	180	-150
Win	[170]	180	-144
Win	[170]	180	-150
Win	[160]	180	-144
Win	[160]	180	-144
Win	[150]	180	-162
Win	[180]	180	-162
Win	[150]	180	-159
Win	[170]	180	-150
Win	[170]	180	-150
Win	[170]	180	-150
Win	[160]	180	-156
Win	[160]	180	-171
Win	[150]	180	-165
Win	[150]	180	-165
Win	[140]	180	-135
Win	[160]	180	-174
Win	[170]	180	-144
Win	[170]	180	-156
Win	[130]	180	-129
Win	[150]	180	-165
Win	[170]	180	-156
Win	[170]	180	-156
Win	[150]	180	-165
Win	[170]	180	-144
Win	[160]	180	-171
Win	[150]	180	-168
Win	[160]	180	-150
Win	[180]	180	-162
Loss	[180]	147	-180
Win	[160]	180	-162
Win	[180]	180	-156
Win	[150]	180	-171
Win	[170]	180	-150
Win	[170]	180	-156
Win	[170]	180	-162
Win	[150]	180	-165
Win	[150]	180	-165
Win	[150]	180	-168
Win	[150]	180	-162
Win	[170]	180	-168
Win	[170]	180	-144
Win	[170]	180	-144
Win	[150]	180	-162
Win	[150]	180	-165
Win	[150]	180	-174
Win	[150]	180	-168
Win	[160]	180	-162
Win	[170]	180	-156
Win	[160]	180	-174
Win	[180]	180	-156
Win	[130]	180	-129
Loss	[170]	168	-180
Win	[180]	180	-156
Win	[150]	180	-159
Win	[180]	180	-165
Win	[140]	180	-159
Win	[140]	180	-129
Win	[150]	180	-159
Win	[170]	180	-150
Win	[150]	180	-159
Win	[170]	180	-150
Win	[170]	180	-150
Win	[140]	180	-159
Win	[160]	180	-168
Win	[140]	180	-144
Win	[150]	180	-156
Win	[170]	180	-156
Win	[170]	180	-156
Win	[150]	180	-168
Win	[170]	180	-150
Win	[150]	180	-162
Win	[130]	180	-123
Win	[160]	180	-144
Win	[150]	180	-159
Win	[150]	180	-159
Win	[160]	180	-177
Win	[170]	180	-144
Win	[170]	180	-162
Win	[160]	180	-162
Win	[170]	180	-156
Win	[170]	180	-156
Win	[170]	180	-156
Win	[150]	180	-144
Win	[130]	180	-135
Win	[170]	180	-156
Win	[170]	180	-150
Win	[140]	180	-129
Win	[170]	180	-177
Win	[140]	180	-129
Win	[170]	180	-144
Win	[180]	180	-159
Win	[150]	180	-168
Win	[160]	180	-144
Win	[170]	180	-150
Win	[170]	180	-156
Win	[180]	180	-156
Win	[170]	180	-144
Win	[150]	180	-159
Win	[170]	180	-150
Win	[170]	180	-150
