Loss	[130]	201	-360
Loss	[170]	267	-360
Loss	[200]	270	-360
Loss	[130]	261	-360
Loss	[140]	270	-360
Loss	[160]	291	-360
Loss	[190]	276	-360
Loss	[140]	192	-360
Loss	[150]	225	-360
Loss	[160]	189	-360
Loss	[160]	303	-360
Loss	[180]	300	-360
Loss	[130]	177	-360
Loss	[130]	249	-360
Loss	[170]	279	-360
Loss	[190]	330	-360
Loss	[170]	207	-360
Loss	[140]	249	-360
Loss	[140]	255	-360
Loss	[140]	180	-360
Loss	[150]	282	-360
Loss	[150]	165	-360
Loss	[170]	264	-360
Loss	[150]	216	-360
Loss	[170]	324	-360
Loss	[160]	177	-360
Loss	[180]	255	-360
Loss	[140]	192	-360
Loss	[170]	258	-360
Loss	[170]	231	-360
Loss	[180]	222	-360
Loss	[170]	261	-360
Loss	[200]	315	-360
Win	[180]	360	-339
Loss	[170]	276	-360
Loss	[150]	213	-360
Loss	[140]	270	-360
Loss	[140]	198	-360
Loss	[170]	288	-360
Loss	[160]	216	-360
Loss	[170]	276	-360
Loss	[170]	228	-360
Loss	[210]	303	-360
Loss	[210]	279	-360
Loss	[480]	282	-360
Loss	[170]	270	-360
Loss	[140]	255	-360
Loss	[130]	222	-360
Loss	[190]	309	-360
Loss	[130]	252	-360
Loss	[140]	240	-360
Win	[210]	360	-339
Win	[160]	360	-315
Loss	[170]	282	-360
Loss	[160]	318	-360
Loss	[190]	276	-360
Loss	[160]	321	-360
Loss	[170]	300	-360
Loss	[140]	234	-360
Loss	[180]	321	-360
Loss	[240]	264	-360
Loss	[170]	270	-360
Loss	[140]	258	-360
Loss	[140]	234	-360
Loss	[170]	315	-360
Loss	[160]	255	-360
Loss	[150]	243	-360
Loss	[130]	249	-360
Loss	[130]	231	-360
Loss	500.0	249	-318
Loss	[140]	219	-360
Loss	[150]	255	-360
Loss	[190]	342	-360
Loss	[160]	267	-360
Loss	[210]	327	-360
Loss	[200]	306	-360
Win	[190]	360	-336
Loss	[180]	198	-360
Loss	[140]	258	-360
Loss	[180]	312	-360
Loss	[110]	228	-360
Loss	[310]	288	-360
Loss	500.0	252	-336
Loss	[160]	225	-360
Win	[220]	360	-351
Loss	[180]	348	-360
Loss	[200]	342	-360
Loss	[140]	261	-360
Win	[200]	360	-342
Loss	[200]	210	-360
Loss	[280]	339	-360
Loss	[160]	270	-360
Loss	[140]	255	-360
Loss	[160]	249	-360
Loss	[170]	240	-360
Loss	[170]	294	-360
Loss	[160]	267	-360
Loss	[140]	270	-360
Loss	[190]	282	-360
Loss	[150]	243	-360
Loss	[170]	294	-360
Loss	[140]	279	-360
Loss	[190]	303	-360
Loss	[150]	261	-360
Loss	[160]	285	-360
Loss	[160]	147	-360
Loss	[140]	228	-360
Loss	[200]	258	-360
Loss	[150]	255	-360
Loss	[230]	333	-360
Loss	[190]	330	-360
Loss	[140]	249	-360
Loss	[140]	237	-360
Loss	[130]	198	-360
Loss	[170]	288	-360
Loss	[150]	213	-360
Loss	[140]	258	-360
Loss	[180]	276	-360
Loss	[160]	270	-360
Loss	[160]	207	-360
Loss	500.0	279	-345
Loss	[160]	261	-360
Loss	[170]	228	-360
Loss	[180]	246	-360
Loss	[170]	282	-360
Loss	[190]	273	-360
Loss	[160]	279	-360
Loss	[180]	291	-360
Loss	[230]	336	-360
Loss	[180]	267	-360
Loss	[200]	273	-360
Loss	[130]	267	-360
Loss	[190]	321	-360
Loss	[160]	276	-360
Loss	[180]	273	-360
Loss	[160]	246	-360
Loss	[130]	276	-360
Loss	[210]	309	-360
Loss	[130]	291	-360
Loss	[130]	192	-360
Loss	[130]	279	-360
Loss	[180]	264	-360
Loss	[170]	252	-360
Loss	[140]	264	-360
Loss	[140]	228	-360
Loss	[130]	213	-360
Loss	[180]	273	-360
Loss	[150]	279	-360
Loss	[150]	261	-360
Loss	[170]	276	-360
Loss	[140]	243	-360
Loss	[140]	282	-360
Loss	[140]	273	-360
Loss	[200]	324	-360
Loss	[180]	270	-360
Loss	[150]	222	-360
Loss	[190]	339	-360
Loss	[200]	303	-360
Loss	[140]	261	-360
Loss	[160]	285	-360
Loss	[170]	213	-360
Loss	[180]	282	-360
Loss	[140]	267	-360
Loss	[160]	258	-360
Loss	[150]	231	-360
Loss	[140]	210	-360
Loss	[140]	210	-360
Loss	[140]	234	-360
Loss	[170]	234	-360
Loss	[140]	252	-360
Loss	[160]	252	-360
Loss	[140]	255	-360
Loss	[210]	315	-360
Loss	[160]	306	-360
Loss	[160]	168	-360
Loss	[150]	276	-360
Loss	[140]	207	-360
Loss	[150]	249	-360
Win	[160]	360	-342
Loss	[170]	330	-360
Loss	[130]	288	-360
Loss	[140]	204	-360
Loss	[170]	246	-360
Loss	[130]	204	-360
Loss	[130]	273	-360
Loss	[150]	231	-360
Loss	[150]	219	-360
Loss	[170]	258	-360
Loss	[140]	267	-360
Loss	[140]	243	-360
Loss	[170]	252	-360
Loss	[170]	246	-360
Loss	[160]	306	-360
Loss	[140]	237	-360
Loss	[160]	207	-360
Loss	[170]	237	-360
Loss	[170]	264	-360
Loss	[150]	213	-360
Loss	[140]	252	-360
Loss	[140]	261	-360
Loss	[180]	315	-360
Loss	[150]	234	-360
Loss	[140]	228	-360
Loss	[140]	270	-360
Loss	[180]	351	-360
Loss	[120]	240	-360
Loss	[190]	309	-360
Loss	[140]	288	-360
Loss	[140]	213	-360
Loss	[150]	228	-360
Loss	[150]	303	-360
Loss	[180]	285	-360
Loss	[130]	240	-360
Loss	[190]	264	-360
Loss	[150]	246	-360
Loss	[130]	219	-360
Loss	[140]	267	-360
Loss	[140]	249	-360
Loss	[130]	273	-360
Win	[180]	360	-336
Loss	[190]	309	-360
Loss	[150]	246	-360
Loss	[220]	339	-360
Loss	[270]	357	-360
Loss	[190]	258	-360
Loss	[140]	237	-360
Loss	[180]	354	-360
Loss	[140]	264	-360
Loss	[140]	273	-360
Loss	[130]	249	-360
Loss	[160]	210	-360
Loss	[120]	264	-360
Loss	[140]	291	-360
Loss	[140]	291	-360
Loss	[230]	351	-360
Loss	[150]	249	-360
Loss	[160]	276	-360
Loss	[200]	345	-360
Loss	[130]	252	-360
Loss	[140]	294	-360
Loss	[140]	279	-360
Loss	[140]	270	-360
Loss	[180]	303	-360
Loss	[130]	210	-360
Loss	[150]	297	-360
Loss	[200]	351	-360
Loss	[140]	258	-360
Loss	[190]	324	-360
Loss	[150]	258	-360
Loss	[180]	324	-360
Loss	[140]	270	-360
Loss	[140]	261	-360
Loss	[190]	306	-360
Loss	[180]	264	-360
Loss	[160]	153	-360
Loss	[220]	351	-360
Loss	[140]	270	-360
Loss	[120]	285	-360
Loss	[140]	300	-360
Loss	[140]	270	-360
Loss	[170]	246	-360
Loss	[130]	210	-360
Loss	[150]	198	-360
Loss	[140]	282	-360
Loss	[160]	309	-360
Loss	[140]	258	-360
Loss	[140]	258	-360
Loss	[150]	234	-360
Loss	[160]	255	-360
Loss	[160]	321	-360
Win	[200]	360	-348
Loss	[140]	234	-360
Loss	500.0	213	-336
Loss	[160]	207	-360
Loss	[170]	243	-360
Loss	[160]	261	-360
Loss	500.0	327	-348
Loss	[150]	246	-360
Loss	[190]	288	-360
Loss	[150]	282	-360
Loss	[170]	225	-360
Loss	[120]	210	-360
Loss	[180]	264	-360
Loss	[140]	210	-360
Loss	[140]	210	-360
Loss	[190]	255	-360
Loss	[140]	243	-360
Loss	[130]	237	-360
Loss	[120]	252	-360
Loss	[140]	216	-360
Loss	500.0	285	-351
Loss	[160]	270	-360
Loss	[130]	255	-360
Loss	[130]	264	-360
Loss	[140]	285	-360
Loss	[130]	261	-360
Loss	[130]	279	-360
Loss	[140]	270	-360
Loss	[130]	201	-360
Loss	[130]	231	-360
Loss	[170]	255	-360
Loss	[130]	231	-360
Loss	[130]	291	-360
Loss	[130]	276	-360
Loss	[140]	252	-360
Loss	[130]	264	-360
Loss	[120]	288	-360
Loss	[130]	225	-360
Loss	[120]	219	-360
Loss	[120]	249	-360
Loss	[140]	234	-360
Loss	[150]	201	-360
Loss	[140]	240	-360
Loss	[130]	150	-360
Loss	[140]	273	-360
Loss	[140]	228	-360
Loss	[140]	312	-360
Loss	[140]	261	-360
Loss	[140]	195	-360
Loss	[130]	237	-360
Loss	[130]	183	-360
Loss	[160]	156	-360
Loss	[130]	222	-360
Loss	[130]	249	-360
Loss	[150]	243	-360
Loss	[150]	231	-360
Loss	[170]	285	-360
Loss	[130]	279	-360
Loss	[160]	267	-360
Loss	[130]	285	-360
Loss	[140]	291	-360
Loss	[130]	225	-360
Loss	[140]	252	-360
Loss	[130]	285	-360
Loss	[160]	318	-360
Loss	[130]	261	-360
Loss	[160]	282	-360
Loss	[120]	225	-360
Loss	[130]	255	-360
Loss	[140]	234	-360
Loss	[140]	291	-360
Loss	[140]	279	-360
Loss	[130]	255	-360
Loss	[190]	303	-360
Loss	[180]	324	-360
Loss	[180]	258	-360
Loss	[170]	246	-360
Loss	[190]	234	-360
Loss	[200]	291	-360
Loss	[210]	270	-360
Loss	[160]	276	-360
Loss	[200]	273	-360
Loss	[180]	270	-360
Loss	[140]	213	-360
Loss	[130]	258	-360
Win	[220]	360	-348
Loss	[160]	228	-360
Loss	[180]	276	-360
Loss	[220]	342	-360
Loss	[190]	279	-360
Loss	[180]	195	-360
Loss	[170]	243	-360
Loss	[160]	222	-360
Loss	[230]	339	-360
Loss	[140]	252	-360
Loss	[140]	261	-360
Loss	[190]	321	-360
Loss	[210]	300	-360
Loss	[160]	264	-360
Loss	[190]	303	-360
Loss	[180]	270	-360
Loss	[150]	222	-360
Loss	[170]	264	-360
Loss	[200]	267	-360
Loss	[200]	270	-360
Loss	[190]	282	-360
Loss	[140]	177	-360
Loss	[170]	243	-360
Loss	[210]	273	-360
Loss	[180]	240	-360
Loss	[190]	264	-360
Loss	[170]	261	-360
Loss	[180]	264	-360
Loss	[170]	252	-360
Loss	[130]	255	-360
Loss	[150]	255	-360
Loss	[190]	303	-360
Loss	[170]	201	-360
Loss	[200]	345	-360
Loss	[190]	249	-360
Loss	[180]	270	-360
Loss	[180]	270	-360
Loss	[170]	186	-360
Loss	[180]	282	-360
Loss	[170]	252	-360
Loss	[170]	309	-360
Loss	[160]	201	-360
Loss	[170]	210	-360
Win	[160]	360	-327
Loss	[140]	273	-360
Loss	[140]	255	-360
Loss	[130]	237	-360
Loss	[120]	270	-360
Loss	[150]	183	-360
Loss	[140]	252	-360
Loss	[140]	222	-360
Loss	[150]	261	-360
Loss	[140]	207	-360
Loss	[160]	327	-360
Loss	[150]	267	-360
Loss	[180]	288	-360
Loss	[180]	315	-360
Loss	[150]	300	-360
Loss	[190]	273	-360
Loss	[160]	318	-360
Loss	[130]	213	-360
Loss	[160]	333	-360
Loss	[130]	243	-360
Loss	[170]	300	-360
Loss	[150]	264	-360
Loss	[160]	261	-360
Loss	[130]	264	-360
Loss	[160]	213	-360
Loss	[120]	228	-360
Loss	[170]	213	-360
Loss	[190]	249	-360
Loss	[190]	252	-360
Loss	[180]	270	-360
Loss	[190]	252	-360
Loss	[200]	303	-360
Loss	[160]	216	-360
Loss	[190]	252	-360
Loss	[160]	249	-360
Loss	[150]	210	-360
Loss	[180]	252	-360
Loss	[160]	246	-360
Loss	[160]	282	-360
Loss	[170]	237	-360
Loss	[160]	225	-360
Loss	[190]	282	-360
Loss	[200]	243	-360
Loss	[200]	258	-360
Loss	[140]	246	-360
Loss	[150]	219	-360
Loss	[160]	231	-360
Loss	[170]	270	-360
Loss	[160]	195	-360
Loss	[130]	258	-360
Loss	[140]	240	-360
Loss	[180]	297	-360
Loss	[170]	255	-360
Loss	[140]	234	-360
Loss	[150]	267	-360
Loss	[150]	204	-360
Loss	[160]	309	-360
Loss	[140]	270	-360
Loss	[140]	252	-360
Loss	[150]	255	-360
Loss	[130]	246	-360
Loss	[190]	321	-360
Loss	[140]	246	-360
Loss	[190]	321	-360
Loss	[140]	285	-360
Loss	[160]	276	-360
Loss	[170]	279	-360
Loss	[160]	288	-360
Loss	[140]	252	-360
Loss	[140]	195	-360
Loss	[140]	267	-360
Loss	[180]	294	-360
Loss	[140]	246	-360
Loss	[140]	264	-360
Loss	[130]	180	-360
Loss	[140]	222	-360
Loss	[150]	246	-360
Loss	[180]	249	-360
Loss	[130]	249	-360
Loss	[200]	330	-360
Loss	[170]	270	-360
Loss	[150]	240	-360
Loss	[170]	288	-360
Loss	[160]	306	-360
Loss	[140]	252	-360
Loss	[130]	267	-360
Loss	[160]	294	-360
Loss	[150]	249	-360
Loss	[140]	285	-360
Loss	[120]	234	-360
Loss	[170]	270	-360
Loss	[140]	234	-360
Loss	[190]	273	-360
Loss	[130]	213	-360
Loss	[150]	228	-360
Loss	[170]	261	-360
Loss	[160]	285	-360
Loss	[180]	291	-360
Loss	[140]	249	-360
Loss	[180]	198	-360
Loss	[140]	249	-360
Loss	[180]	270	-360
Loss	[180]	288	-360
Loss	[140]	270	-360
Loss	[160]	264	-360
Loss	[160]	243	-360
Loss	[140]	276	-360
Loss	[150]	249	-360
Loss	[140]	249	-360
Loss	[200]	276	-360
Loss	[150]	288	-360
Loss	[180]	276	-360
Loss	[150]	318	-360
Loss	[170]	288	-360
Loss	[130]	264	-360
Loss	[130]	285	-360
Loss	[140]	225	-360
Loss	[150]	291	-360
Loss	500.0	324	-336
Loss	[120]	228	-360
Loss	[170]	288	-360
Loss	[140]	258	-360
Loss	[140]	243	-360
Loss	[470]	243	-360
Loss	[150]	249	-360
Loss	[140]	294	-360
Loss	[200]	285	-360
Loss	[150]	216	-360
Loss	[140]	234	-360
Loss	500.0	258	-345
Loss	[160]	225	-360
Loss	[190]	330	-360
Loss	[140]	282	-360
Loss	[130]	219	-360
Loss	[190]	195	-360
Loss	[160]	309	-360
Loss	[160]	249	-360
Loss	[140]	213	-360
Loss	[140]	270	-360
Loss	[150]	249	-360
Loss	[200]	291	-360
Loss	[160]	291	-360
Loss	[170]	273	-360
Loss	500.0	237	-327
Loss	[180]	267	-360
Loss	[180]	306	-360
Loss	[160]	285	-360
Loss	[140]	243	-360
Loss	[180]	264	-360
Loss	[180]	330	-360
Loss	[220]	297	-360
Loss	[130]	297	-360
Loss	[140]	291	-360
Loss	[140]	243	-360
Loss	[150]	309	-360
Loss	[180]	249	-360
Win	[230]	360	-354
Loss	[140]	228	-360
Loss	[120]	222	-360
Loss	[150]	279	-360
Loss	[140]	273	-360
Loss	[160]	309	-360
Loss	[140]	276	-360
Loss	[130]	240	-360
Loss	[170]	324	-360
Loss	[130]	237	-360
Loss	[150]	285	-360
Loss	[150]	273	-360
Loss	[130]	240	-360
Loss	[170]	288	-360
Loss	[140]	234	-360
Loss	[170]	243	-360
Loss	[150]	261	-360
Loss	[120]	261	-360
Loss	[150]	285	-360
Loss	[130]	249	-360
Loss	[180]	294	-360
Loss	[140]	180	-360
Loss	[180]	240	-360
Loss	[140]	270	-360
Loss	[170]	228	-360
Loss	[130]	195	-360
Loss	[130]	279	-360
Loss	[190]	294	-360
Loss	[210]	321	-360
Loss	[200]	282	-360
Loss	[220]	336	-360
Loss	[160]	282	-360
Loss	[150]	315	-360
Loss	[150]	249	-360
Loss	[220]	336	-360
Loss	[160]	264	-360
Loss	[140]	156	-360
Loss	[160]	258	-360
Loss	[190]	321	-360
Loss	[160]	270	-360
Loss	[150]	255	-360
Loss	[160]	198	-360
Loss	[190]	312	-360
Loss	[130]	252	-360
Loss	[170]	252	-360
Loss	[190]	297	-360
Loss	[140]	276	-360
Loss	[140]	264	-360
Loss	[180]	300	-360
Loss	[150]	249	-360
Loss	[140]	249	-360
Loss	[140]	180	-360
Loss	[160]	198	-360
Loss	[120]	228	-360
Loss	[130]	171	-360
Loss	[130]	264	-360
Loss	[150]	273	-360
Loss	[150]	321	-360
Loss	[210]	303	-360
Loss	[140]	273	-360
Loss	[160]	282	-360
Loss	[140]	258	-360
Loss	[220]	315	-360
Loss	[190]	216	-360
Loss	[200]	300	-360
Loss	[200]	318	-360
Loss	[140]	285	-360
Loss	[140]	270	-360
Loss	[160]	267	-360
Loss	[130]	213	-360
Loss	[210]	303	-360
Loss	[170]	258	-360
Loss	[170]	315	-360
Loss	[160]	219	-360
Loss	[150]	207	-360
Loss	[150]	213	-360
Loss	[160]	264	-360
Loss	[160]	219	-360
Loss	[150]	291	-360
Loss	[120]	270	-360
Loss	[180]	267	-360
Loss	[410]	345	-360
Loss	[170]	255	-360
Loss	[170]	285	-360
Loss	[170]	216	-360
Loss	[160]	276	-360
Loss	[130]	288	-360
Loss	[160]	267	-360
Loss	[150]	297	-360
Loss	[160]	249	-360
Loss	[220]	336	-360
Loss	[130]	213	-360
Loss	[140]	237	-360
Loss	[200]	270	-360
Loss	[140]	234	-360
Loss	[170]	315	-360
Loss	[160]	210	-360
Loss	[160]	183	-360
Loss	[160]	228	-360
Loss	[140]	282	-360
Loss	[140]	234	-360
Win	[210]	360	-357
Loss	[160]	258	-360
Loss	[180]	255	-360
Loss	[180]	255	-360
Loss	[180]	282	-360
Loss	[170]	276	-360
Loss	[190]	210	-360
Loss	[140]	273	-360
Loss	[140]	237	-360
Loss	[140]	282	-360
Loss	[170]	273	-360
Loss	[140]	222	-360
Loss	[130]	273	-360
Loss	[160]	261	-360
Loss	[140]	273	-360
Loss	[130]	312	-360
Loss	[130]	261	-360
Loss	[200]	252	-360
Loss	[130]	228	-360
Loss	[130]	312	-360
Loss	[130]	258	-360
Loss	[150]	267	-360
Loss	[130]	249	-360
Loss	[150]	282	-360
Loss	[160]	225	-360
Loss	[160]	276	-360
Loss	[130]	249	-360
Loss	[140]	255	-360
Loss	[150]	225	-360
Loss	[190]	285	-360
Loss	[140]	222	-360
Loss	[160]	255	-360
Loss	[140]	300	-360
Loss	[220]	288	-360
Loss	[160]	312	-360
Loss	[210]	282	-360
Loss	[220]	330	-360
Loss	[160]	234	-360
Loss	[220]	318	-360
Win	[230]	360	-348
Loss	[160]	303	-360
Loss	[140]	252	-360
Loss	[170]	222	-360
Loss	[180]	324	-360
Loss	[140]	180	-360
Loss	[200]	300	-360
Loss	[150]	270	-360
Loss	[150]	270	-360
Loss	500.0	228	-312
Loss	[160]	231	-360
Loss	[160]	228	-360
Loss	[130]	285	-360
Loss	[170]	246	-360
Loss	[170]	204	-360
Loss	[150]	189	-360
Loss	[180]	258	-360
Loss	[170]	234	-360
Loss	[170]	276	-360
Loss	[180]	252	-360
Loss	[150]	276	-360
Loss	[180]	306	-360
Loss	[140]	315	-360
Loss	[130]	207	-360
Loss	[220]	297	-360
Loss	[160]	207	-360
Loss	[180]	285	-360
Loss	[170]	228	-360
Loss	[170]	315	-360
Loss	[180]	294	-360
Loss	[130]	231	-360
Loss	[140]	246	-360
Win	[190]	360	-342
Loss	[180]	207	-360
Loss	[190]	333	-360
Loss	[190]	312	-360
Loss	[170]	261	-360
Loss	[170]	282	-360
Loss	[190]	273	-360
Loss	[150]	279	-360
Loss	[150]	231	-360
Loss	[170]	258	-360
Loss	[280]	336	-360
Loss	[150]	243	-360
Loss	[130]	261	-360
Loss	[180]	303	-360
Loss	[130]	183	-360
Loss	[150]	243	-360
Loss	[160]	252	-360
Loss	[130]	219	-360
Loss	[200]	309	-360
Loss	[140]	219	-360
Loss	[160]	258	-360
Loss	500.0	264	-330
Loss	[170]	309	-360
Loss	500.0	282	-342
Loss	[140]	252	-360
Loss	[130]	192	-360
Loss	[130]	237	-360
Loss	[170]	180	-360
Loss	[120]	285	-360
Loss	[210]	324	-360
Loss	500.0	270	-354
Loss	[170]	297	-360
Loss	[180]	309	-360
Loss	[190]	324	-360
Loss	[160]	240	-360
Loss	[150]	285	-360
Loss	[160]	264	-360
Loss	[160]	222	-360
Loss	[200]	312	-360
Loss	[180]	285	-360
Loss	[180]	300	-360
Loss	[170]	324	-360
Loss	500.0	231	-348
Loss	[190]	261	-360
Loss	[210]	318	-360
Loss	[140]	270	-360
Loss	[160]	318	-360
Loss	[210]	291	-360
Loss	[220]	300	-360
Loss	[130]	213	-360
Loss	[150]	285	-360
Loss	[130]	222	-360
Loss	[160]	261	-360
Loss	[230]	315	-360
Loss	[210]	291	-360
Loss	500.0	267	-345
Win	500.0	288	-333
Loss	[250]	357	-360
Loss	[180]	303	-360
Loss	[210]	264	-360
Loss	[160]	270	-360
Win	[210]	360	-348
Loss	[140]	288	-360
Loss	[140]	204	-360
Loss	[170]	288	-360
Loss	[140]	276	-360
Loss	[180]	282	-360
Loss	[160]	192	-360
Loss	[210]	300	-360
Loss	[200]	339	-360
Loss	[150]	288	-360
Loss	[120]	243	-360
Loss	[180]	309	-360
Loss	[140]	234	-360
Loss	[170]	309	-360
Loss	[170]	279	-360
Loss	[190]	246	-360
Loss	[140]	249	-360
Loss	[130]	249	-360
Loss	[180]	240	-360
Loss	[150]	252	-360
Loss	[180]	324	-360
Loss	[160]	288	-360
Loss	[140]	237	-360
Loss	[150]	225	-360
Loss	[150]	258	-360
Loss	[140]	237	-360
Loss	[160]	288	-360
Loss	[140]	210	-360
Loss	[130]	234	-360
Loss	[140]	192	-360
Loss	[160]	249	-360
Loss	[160]	207	-360
Loss	[180]	213	-360
Loss	[130]	267	-360
Loss	[150]	267	-360
Loss	[130]	189	-360
Loss	[130]	303	-360
Loss	[150]	255	-360
Loss	[150]	246	-360
Loss	[150]	267	-360
Loss	[130]	216	-360
Loss	[150]	240	-360
Loss	[190]	204	-360
Loss	[150]	219	-360
Loss	[140]	279	-360
Loss	[180]	243	-360
Loss	[140]	294	-360
Loss	[160]	273	-360
Loss	[160]	285	-360
Loss	[130]	294	-360
Loss	[160]	270	-360
Loss	[160]	255	-360
Loss	[180]	309	-360
Loss	[150]	276	-360
Loss	[160]	228	-360
Loss	[160]	276	-360
Loss	[200]	294	-360
Loss	[140]	189	-360
Loss	[130]	180	-360
Loss	[180]	270	-360
Loss	[170]	279	-360
Loss	[170]	258	-360
Loss	[180]	264	-360
Loss	[150]	312	-360
Loss	[130]	240	-360
Loss	[140]	237	-360
Loss	[170]	261	-360
Loss	[130]	225	-360
Loss	[140]	240	-360
Loss	[140]	255	-360
Loss	[170]	258	-360
Loss	[230]	357	-360
Loss	[180]	276	-360
Loss	[130]	282	-360
Loss	[200]	258	-360
Loss	[160]	288	-360
Loss	[160]	252	-360
Loss	[150]	243	-360
Loss	[170]	270	-360
Loss	[200]	276	-360
Loss	[170]	297	-360
Loss	[180]	255	-360
Loss	[200]	327	-360
Loss	[180]	339	-360
Loss	[160]	258	-360
Loss	[160]	246	-360
Loss	[180]	267	-360
Loss	[210]	354	-360
Loss	[210]	339	-360
Loss	[190]	339	-360
Loss	[170]	270	-360
Loss	[190]	285	-360
Loss	[160]	189	-360
Loss	[160]	243	-360
Loss	[170]	330	-360
Loss	[210]	342	-360
Loss	[180]	282	-360
Loss	[120]	285	-360
Loss	[140]	252	-360
Loss	[140]	204	-360
Loss	[170]	276	-360
Loss	[160]	261	-360
Loss	[180]	321	-360
Loss	[200]	324	-360
Loss	[190]	291	-360
Loss	[150]	267	-360
Loss	[170]	318	-360
Loss	[180]	249	-360
Loss	[200]	321	-360
Loss	[150]	315	-360
Loss	[190]	276	-360
Loss	[190]	330	-360
Loss	[180]	303	-360
Loss	[190]	273	-360
Loss	[160]	273	-360
Loss	[180]	315	-360
Loss	[200]	336	-360
Loss	[150]	240	-360
Win	[210]	360	-351
Win	[210]	360	-345
Loss	[180]	303	-360
Loss	[200]	342	-360
Loss	[200]	345	-360
Loss	[180]	321	-360
Loss	[140]	225	-360
Loss	[180]	276	-360
Loss	[190]	342	-360
Loss	[250]	333	-360
Loss	[220]	348	-360
Win	[190]	360	-330
Loss	[190]	315	-360
Loss	[180]	315	-360
Loss	[170]	321	-360
Loss	[190]	321	-360
Win	[190]	360	-333
Loss	[210]	330	-360
Loss	[180]	312	-360
Loss	[190]	339	-360
Loss	[220]	336	-360
Loss	[170]	312	-360
Loss	[200]	345	-360
Loss	[170]	312	-360
Loss	[210]	342	-360
Win	[200]	360	-345
Loss	[210]	345	-360
Loss	[160]	312	-360
Loss	[180]	321	-360
Loss	[160]	261	-360
Loss	[200]	339	-360
Loss	[190]	330	-360
Win	[210]	360	-351
Loss	[190]	333	-360
Win	[240]	360	-357
Win	[230]	360	-357
Loss	[190]	330	-360
Loss	[210]	345	-360
Win	[210]	360	-348
Loss	[190]	339	-360
Loss	[190]	336	-360
Loss	[190]	297	-360
Loss	[180]	309	-360
Loss	[190]	348	-360
Loss	[190]	330	-360
Loss	[170]	315	-360
Loss	[200]	315	-360
Loss	[200]	342	-360
Loss	[180]	303	-360
Win	[200]	360	-342
Loss	[170]	276	-360
Loss	[200]	342	-360
Loss	[200]	330	-360
Loss	[180]	294	-360
Loss	[190]	345	-360
Loss	[210]	327	-360
Loss	[200]	339	-360
Loss	[200]	315	-360
Loss	[150]	303	-360
Loss	[180]	318	-360
Loss	[210]	348	-360
Loss	[210]	330	-360
Loss	[180]	297	-360
Loss	[190]	309	-360
Win	[220]	360	-357
Loss	[160]	270	-360
Loss	[180]	294	-360
Loss	[180]	300	-360
Win	[200]	360	-333
Loss	[150]	279	-360
Loss	[190]	306	-360
Loss	[160]	303	-360
Loss	[200]	342	-360
Loss	[220]	357	-360
Loss	[210]	330	-360
Loss	[200]	303	-360
Loss	[190]	309	-360
Loss	[170]	282	-360
Loss	[220]	348	-360
Loss	[220]	351	-360
Loss	[170]	291	-360
Loss	[150]	252	-360
Loss	[220]	354	-360
Win	[220]	360	-345
Win	[230]	360	-345
Loss	[170]	288	-360
Loss	[200]	351	-360
Win	[200]	360	-354
Loss	[220]	351	-360
Loss	[210]	354	-360
Loss	[220]	354	-360
Loss	[190]	324	-360
Loss	[170]	288	-360
Loss	[210]	342	-360
Loss	[190]	330	-360
Win	[200]	360	-333
Loss	[170]	300	-360
Loss	[140]	273	-360
Win	[190]	360	-348
Win	[220]	360	-342
Loss	[170]	282	-360
Loss	[140]	240	-360
Win	[200]	360	-336
Loss	[190]	351	-360
Win	[200]	360	-345
Loss	[180]	330	-360
Loss	[180]	312	-360
Win	[200]	360	-318
Win	[200]	360	-345
Win	[220]	360	-351
Loss	[170]	309	-360
Loss	[170]	231	-360
Loss	[220]	357	-360
Loss	[170]	291	-360
Loss	[200]	333	-360
Win	[170]	360	-336
Loss	[170]	309	-360
Win	[180]	360	-333
Loss	[180]	324	-360
Loss	[210]	327	-360
Loss	[230]	357	-360
Loss	[180]	255	-360
Win	[190]	360	-333
Loss	[190]	309	-360
Win	[210]	360	-345
Win	[210]	360	-351
Win	[160]	360	-312
Win	[180]	360	-333
Loss	[200]	354	-360
Win	[160]	360	-300
Win	[210]	360	-345
Loss	[200]	315	-360
Loss	[190]	264	-360
Loss	[180]	276	-360
Loss	[180]	330	-360
Loss	[190]	294	-360
Loss	[170]	276	-360
Loss	[210]	330	-360
Win	[170]	360	-321
Win	[180]	360	-306
Win	[170]	360	-309
Loss	[200]	342	-360
Loss	[180]	300	-360
Win	[180]	360	-306
Loss	[180]	252	-360
Loss	[170]	267	-360
Loss	[210]	357	-360
Loss	[170]	330	-360
Win	[220]	360	-351
Loss	[200]	342	-360
Loss	[180]	270	-360
Loss	[150]	267	-360
Loss	[200]	330	-360
Win	[190]	360	-330
Loss	[180]	297	-360
Loss	[190]	312	-360
Loss	[180]	306	-360
Loss	[220]	351	-360
Loss	[180]	306	-360
Loss	[190]	333	-360
Win	[190]	360	-327
Loss	[230]	357	-360
Loss	[230]	357	-360
Win	[220]	360	-345
Win	[190]	360	-333
Win	[210]	360	-357
Loss	[190]	327	-360
Win	[190]	360	-348
Win	[220]	360	-351
Win	[160]	360	-312
Loss	[180]	330	-360
Win	[210]	360	-339
Loss	[190]	333	-360
Loss	[200]	336	-360
Loss	[170]	270	-360
Win	[180]	360	-288
Loss	[180]	315	-360
Win	[160]	360	-312
Loss	[180]	342	-360
Win	[160]	360	-315
Loss	[180]	336	-360
Win	[220]	360	-357
Win	[200]	360	-348
Loss	[180]	285	-360
Loss	[180]	291	-360
Win	[190]	360	-336
Win	[170]	360	-330
Loss	[190]	327	-360
Win	[180]	360	-345
Win	[220]	360	-357
Win	[180]	360	-315
Loss	[170]	294	-360
Win	[170]	360	-333
Loss	[160]	273	-360
Loss	[240]	336	-360
Loss	[210]	354	-360
Loss	[180]	333	-360
Win	[180]	360	-321
Win	[170]	360	-327
Win	[220]	360	-345
Win	[190]	360	-327
Loss	[180]	321	-360
Win	[170]	360	-321
Loss	[180]	333	-360
Win	[180]	360	-297
Win	[180]	360	-324
Win	[180]	360	-321
Loss	[150]	270	-360
Win	[180]	360	-309
Win	[210]	360	-345
Loss	[190]	336	-360
Loss	[190]	339	-360
Win	[200]	360	-336
Win	[200]	360	-339
Loss	[220]	351	-360
Win	[190]	360	-330
Loss	[200]	303	-360
Loss	[180]	312	-360
Win	[190]	360	-327
Loss	[180]	270	-360
Loss	[170]	276	-360
Loss	[230]	351	-360
Loss	[200]	348	-360
Loss	[210]	342	-360
Loss	[160]	267	-360
Loss	[190]	336	-360
Loss	[180]	297	-360
Loss	[210]	354	-360
Loss	[170]	345	-360
Loss	[200]	351	-360
Win	[180]	360	-336
Loss	[190]	315	-360
Loss	[180]	261	-360
Loss	[210]	339	-360
Loss	[190]	339	-360
Loss	[170]	330	-360
Loss	[200]	348	-360
Loss	[190]	339	-360
Win	[220]	360	-357
Loss	[170]	342	-360
Loss	[190]	336	-360
Loss	[190]	330	-360
Loss	[190]	312	-360
Loss	[210]	348	-360
Loss	[210]	342	-360
Win	[170]	360	-309
Loss	[170]	306	-360
Loss	[190]	348	-360
Win	[180]	360	-327
Loss	[170]	306	-360
Loss	[180]	318	-360
Win	[200]	360	-345
Loss	[180]	318	-360
Win	[180]	360	-321
Loss	[170]	279	-360
Win	[210]	360	-345
Loss	[200]	330	-360
Loss	[200]	342	-360
Win	[170]	360	-315
Win	[200]	360	-315
Win	[160]	360	-324
Win	[180]	360	-318
Win	[160]	360	-312
Win	[180]	360	-345
Loss	[220]	348	-360
Loss	[220]	357	-360
Loss	[200]	306	-360
Win	[210]	360	-357
Win	[160]	360	-306
Loss	[200]	354	-360
Win	[230]	360	-357
Loss	[190]	348	-360
Loss	[190]	297	-360
Loss	[200]	342	-360
Loss	[220]	315	-360
Loss	[190]	333	-360
Win	[200]	360	-324
Loss	[220]	351	-360
Loss	[170]	291	-360
Win	[170]	360	-312
Loss	[230]	351	-360
Win	[220]	360	-351
Loss	[180]	312	-360
Win	[240]	360	-351
Loss	[180]	303	-360
Win	[190]	360	-348
Loss	[190]	348	-360
Loss	[220]	345	-360
Loss	[160]	291	-360
Win	[160]	360	-309
Loss	[210]	348	-360
Loss	[210]	330	-360
Loss	[190]	312	-360
Win	[200]	360	-324
Win	[190]	360	-336
Win	[190]	360	-336
Loss	[230]	351	-360
Loss	[190]	342	-360
Win	[200]	360	-345
Loss	[200]	336	-360
Win	[190]	360	-336
Loss	[170]	270	-360
Win	[210]	360	-327
Loss	[190]	345	-360
Win	[160]	360	-297
Loss	[200]	357	-360
Win	[170]	360	-300
Loss	[190]	336	-360
Loss	[170]	288	-360
Win	[200]	360	-336
Win	[170]	360	-327
Loss	[180]	333	-360
Win	[170]	360	-330
Win	[170]	360	-315
Win	[180]	360	-342
Loss	[170]	279	-360
Win	[190]	360	-306
Win	[180]	360	-333
Win	[220]	360	-339
Win	[160]	360	-324
Win	[200]	360	-336
Loss	[200]	354	-360
Loss	[220]	333	-360
Win	[210]	360	-333
Loss	[170]	291	-360
Loss	[170]	309	-360
Loss	[220]	348	-360
Win	[170]	360	-324
Loss	[210]	327	-360
Loss	[210]	288	-360
Loss	[180]	315	-360
Loss	[190]	345	-360
Win	[200]	360	-351
Loss	[180]	348	-360
Loss	[210]	345	-360
Win	[190]	360	-342
Win	[190]	360	-339
Loss	[200]	357	-360
Loss	[200]	354	-360
Loss	[220]	354	-360
Loss	[170]	270	-360
Win	[180]	360	-321
Loss	[210]	330	-360
Loss	[150]	246	-360
Win	[170]	360	-315
Win	[170]	360	-318
Loss	[190]	297	-360
Loss	[230]	357	-360
Loss	[190]	327	-360
Loss	[190]	330	-360
Loss	[180]	294	-360
Loss	[200]	285	-360
Loss	[200]	336	-360
Win	[180]	360	-330
Win	[170]	360	-297
Win	[170]	360	-330
Loss	[170]	312	-360
Win	[160]	360	-318
Win	[180]	360	-324
Win	[190]	360	-342
Loss	[190]	312	-360
Loss	[210]	348	-360
Loss	[190]	336	-360
Loss	[180]	300	-360
Loss	[220]	354	-360
Loss	[190]	264	-360
Win	[220]	360	-336
Win	[160]	360	-318
Win	[190]	360	-336
Win	[170]	360	-321
Loss	[190]	267	-360
Loss	[200]	333	-360
Loss	[210]	357	-360
Loss	[180]	345	-360
Loss	[200]	342	-360
Loss	[220]	351	-360
Loss	[170]	315	-360
Loss	[170]	339	-360
Win	[180]	360	-327
Win	[180]	360	-318
Win	[180]	360	-330
Loss	[190]	279	-360
Win	[170]	360	-321
Loss	[210]	273	-360
Loss	[220]	348	-360
Win	[200]	360	-354
Loss	[190]	342	-360
Win	[190]	360	-327
Loss	[210]	342	-360
Win	[150]	360	-294
Loss	[190]	321	-360
Win	[200]	360	-336
Win	[180]	360	-309
Loss	[200]	342	-360
Win	[170]	360	-318
Win	[190]	360	-345
Loss	[200]	348	-360
Win	[180]	360	-339
Loss	[150]	285	-360
Loss	[180]	333	-360
Win	[170]	360	-327
Loss	[210]	348	-360
Loss	[180]	309	-360
Win	[190]	360	-336
Loss	[200]	351	-360
Win	[190]	360	-336
Win	[180]	360	-324
Win	[190]	360	-324
Win	[180]	360	-342
Loss	[180]	348	-360
Win	[180]	360	-318
Loss	[220]	351	-360
Win	[180]	360	-327
Win	[180]	360	-309
Loss	[220]	351	-360
Win	[180]	360	-333
Loss	[190]	339	-360
Loss	[210]	348	-360
Loss	[200]	339	-360
Loss	[190]	333	-360
Win	[200]	360	-330
Win	[190]	360	-336
Loss	[250]	339	-360
Loss	[180]	258	-360
Loss	[190]	315	-360
Win	[160]	360	-306
Win	[200]	360	-354
Loss	[180]	336	-360
Win	[180]	360	-318
Win	[170]	360	-306
Win	[190]	360	-342
Win	[190]	360	-339
Loss	[200]	300	-360
Win	[220]	360	-351
Win	[190]	360	-345
Loss	[170]	270	-360
Loss	[190]	345	-360
Loss	[170]	318	-360
Win	[170]	360	-309
Loss	[210]	354	-360
Loss	[160]	234	-360
Loss	[170]	276	-360
Loss	[190]	333	-360
Win	[170]	360	-330
Win	[170]	360	-330
Win	[180]	360	-339
Loss	[200]	342	-360
Loss	[180]	321	-360
Win	[200]	360	-345
Loss	[190]	336	-360
Win	[170]	360	-321
Win	[180]	360	-324
Win	[220]	360	-357
Loss	[190]	300	-360
Win	[170]	360	-315
Loss	[210]	348	-360
Win	[220]	360	-351
Win	[190]	360	-330
Win	[200]	360	-330
Win	[180]	360	-339
Loss	[190]	345	-360
Win	[210]	360	-339
Win	[170]	360	-318
Win	[180]	360	-336
Loss	[190]	348	-360
Win	[170]	360	-312
Loss	[230]	348	-360
Win	[180]	360	-327
Loss	[190]	318	-360
Win	[180]	360	-339
Win	[180]	360	-333
Win	[160]	360	-309
Loss	[180]	324	-360
Win	[170]	360	-330
Win	[210]	360	-345
Loss	[210]	327	-360
Loss	[200]	342	-360
Loss	[160]	330	-360
Win	[180]	360	-321
Win	[220]	360	-357
Win	[190]	360	-336
Loss	[190]	348	-360
Loss	[210]	357	-360
Win	[170]	360	-315
Loss	[180]	210	-360
Loss	[160]	309	-360
Loss	[220]	357	-360
Loss	[210]	297	-360
Loss	[180]	336	-360
Win	[160]	360	-318
Win	[170]	360	-330
Loss	[210]	351	-360
Win	[200]	360	-333
Loss	[210]	354	-360
Loss	[220]	357	-360
Win	[180]	360	-330
Win	[200]	360	-345
Loss	[210]	351	-360
Win	[240]	360	-357
Win	[170]	360	-312
Win	[180]	360	-321
Loss	[150]	264	-360
Loss	[190]	339	-360
Loss	[200]	348	-360
Win	[160]	360	-306
Loss	[190]	336	-360
Loss	[210]	357	-360
Win	[160]	360	-312
Win	[160]	360	-312
Win	[170]	360	-330
Win	[180]	360	-327
Win	[170]	360	-312
Loss	[190]	345	-360
Loss	[190]	336	-360
Win	[160]	360	-306
Win	[170]	360	-309
Win	[180]	360	-327
Loss	[220]	342	-360
Loss	[220]	354	-360
Win	[210]	360	-339
Win	[240]	360	-345
Win	[210]	360	-345
Win	[170]	360	-318
Loss	[210]	333	-360
Win	[190]	360	-324
Loss	[220]	357	-360
Win	[200]	360	-330
Win	[160]	360	-327
Loss	[170]	303	-360
Win	[160]	360	-315
Win	[180]	360	-324
Loss	[160]	252	-360
Win	[160]	360	-321
Loss	[180]	327	-360
Win	[210]	360	-345
Win	[190]	360	-312
Win	[190]	360	-333
Loss	[170]	312	-360
Loss	[190]	339	-360
Win	[190]	360	-336
Loss	[180]	288	-360
Win	[170]	360	-300
Win	[180]	360	-318
Loss	[200]	342	-360
Win	[200]	360	-345
Win	[210]	360	-345
Loss	[200]	318	-360
Win	[170]	360	-303
Loss	[170]	318	-360
Win	[180]	360	-333
Loss	[220]	357	-360
Win	[170]	360	-309
Loss	[220]	342	-360
Loss	[180]	315	-360
Loss	[200]	342	-360
Loss	[170]	300	-360
Loss	[180]	297	-360
Loss	[160]	270	-360
Loss	[200]	336	-360
Loss	[200]	348	-360
Loss	[210]	357	-360
Win	[180]	360	-306
Loss	[200]	342	-360
Loss	[200]	345	-360
Win	[180]	360	-321
Loss	[170]	300	-360
Win	[200]	360	-336
Win	[180]	360	-324
Loss	[190]	345	-360
Win	[190]	360	-342
Loss	[210]	351	-360
Loss	[190]	288	-360
Win	[180]	360	-315
Loss	[140]	279	-360
Loss	[180]	258	-360
Loss	[190]	315	-360
Loss	[220]	351	-360
Win	[210]	360	-318
Loss	[210]	330	-360
Win	[170]	360	-300
Win	[180]	360	-327
Loss	[180]	315	-360
Win	[180]	360	-336
Loss	[190]	336	-360
Win	[160]	360	-300
Win	[200]	360	-342
Loss	[170]	333	-360
Win	[210]	360	-357
Win	[170]	360	-300
Loss	[180]	309	-360
Loss	[190]	348	-360
Win	[170]	360	-318
Win	[170]	360	-315
Win	[170]	360	-339
Win	[190]	360	-333
Win	[210]	360	-354
Loss	[220]	354	-360
Win	[200]	360	-342
Win	[210]	360	-348
Win	[200]	360	-351
Loss	[170]	294	-360
Loss	[190]	339	-360
Win	[210]	360	-345
Win	[210]	360	-345
Loss	[190]	321	-360
Win	[220]	360	-351
Loss	[170]	330	-360
Loss	[220]	324	-360
Win	[220]	360	-357
Loss	[210]	336	-360
Loss	[170]	258	-360
Win	[180]	360	-327
Loss	[190]	336	-360
Loss	[220]	357	-360
Loss	[200]	324	-360
Win	[190]	360	-333
Loss	[180]	309	-360
Loss	[190]	339	-360
Loss	[190]	237	-360
Loss	[190]	330	-360
Win	[180]	360	-333
Loss	[200]	354	-360
Win	[200]	360	-351
Loss	[180]	336	-360
Loss	[200]	333	-360
Win	[180]	360	-315
Win	[170]	360	-315
Win	[190]	360	-330
Win	[200]	360	-324
Loss	[160]	312	-360
Loss	[200]	330	-360
Win	[170]	360	-321
Win	[190]	360	-336
Loss	[200]	357	-360
Loss	[190]	345	-360
Win	[190]	360	-336
Win	[180]	360	-327
Win	[160]	360	-294
Loss	[200]	354	-360
Win	[180]	360	-348
Loss	[220]	357	-360
Loss	[190]	336	-360
Win	[170]	360	-309
Loss	[190]	330	-360
Loss	[190]	330	-360
Loss	[160]	255	-360
Loss	[180]	309	-360
Loss	[200]	336	-360
Loss	[210]	342	-360
Win	[170]	360	-309
Win	[200]	360	-345
Loss	[170]	330	-360
Win	[210]	360	-330
Win	[220]	360	-351
Win	[150]	360	-300
Loss	[200]	342	-360
Loss	[200]	303	-360
Loss	[180]	309	-360
Loss	[190]	309	-360
Win	[210]	360	-351
Win	[160]	360	-300
Win	[210]	360	-357
Loss	[190]	315	-360
Win	[230]	360	-351
Loss	[170]	252	-360
Loss	[190]	342	-360
Win	[200]	360	-333
Win	[170]	360	-309
Win	[200]	360	-339
Loss	[210]	357	-360
Loss	[190]	324	-360
Win	[180]	360	-318
Loss	[210]	354	-360
Win	[180]	360	-327
Loss	[170]	318	-360
Loss	[130]	258	-360
Win	[190]	360	-333
Loss	[190]	330	-360
Loss	[190]	342	-360
Win	[170]	360	-315
Win	[210]	360	-348
Win	[190]	360	-330
Win	[160]	360	-303
Win	[180]	360	-327
Win	[170]	360	-339
Win	[210]	360	-351
Win	[180]	360	-333
Win	[180]	360	-327
Loss	[210]	345	-360
Win	[200]	360	-336
Win	[190]	360	-333
Loss	[200]	345	-360
Win	[200]	360	-345
Loss	[210]	357	-360
Loss	[190]	327	-360
Loss	[190]	324	-360
Loss	[180]	318	-360
Loss	[220]	354	-360
Win	[200]	360	-354
Win	[190]	360	-318
Loss	[180]	321	-360
Win	[170]	360	-321
Win	[240]	360	-357
Loss	[190]	321	-360
Win	[180]	360	-318
Loss	[180]	324	-360
Win	[170]	360	-315
Win	[190]	360	-339
Win	[200]	360	-324
Win	[180]	360	-318
Loss	[170]	225	-360
Win	[170]	360	-327
Win	[180]	360	-324
Loss	[190]	321	-360
Win	[170]	360	-315
Win	[190]	360	-345
Loss	[190]	324	-360
Win	[220]	360	-351
Win	[210]	360	-354
Win	[210]	360	-351
Win	[190]	360	-348
Win	[170]	360	-315
Loss	[190]	321	-360
Win	[170]	360	-309
Win	[190]	360	-303
Win	[180]	360	-342
Win	[200]	360	-342
Win	[190]	360	-339
Win	[180]	360	-327
Win	[160]	360	-315
Win	[170]	360	-321
Win	[210]	360	-345
Win	[200]	360	-345
Loss	[240]	357	-360
Win	[180]	360	-321
Loss	[180]	339	-360
Win	[170]	360	-327
Win	[170]	360	-339
Loss	[220]	330	-360
Win	[200]	360	-351
Win	[190]	360	-336
Loss	[150]	285	-360
Win	[160]	360	-312
Loss	[190]	339	-360
Loss	[200]	351	-360
Win	[200]	360	-345
Loss	[200]	345	-360
Loss	[180]	306	-360
Win	[210]	360	-351
Win	[170]	360	-327
Loss	[180]	327	-360
Win	[190]	360	-327
Loss	[180]	303	-360
Win	[200]	360	-345
Win	[170]	360	-321
Win	[220]	360	-357
Win	[190]	360	-345
Win	[190]	360	-318
Win	[160]	360	-330
Loss	[180]	267	-360
Win	[170]	360	-342
Loss	[160]	282	-360
Win	[190]	360	-342
Win	[200]	360	-336
Loss	[210]	351	-360
Loss	[190]	324	-360
Win	[180]	360	-309
Loss	[220]	357	-360
Loss	[200]	339	-360
Loss	[180]	327	-360
Win	[220]	360	-357
Win	[170]	360	-318
Loss	[170]	324	-360
Win	[200]	360	-333
Win	[180]	360	-312
Loss	[210]	354	-360
Win	[180]	360	-339
Loss	[210]	351	-360
Loss	[200]	309	-360
Loss	[210]	348	-360
Win	[240]	360	-357
Loss	[180]	324	-360
Win	[160]	360	-312
Loss	[180]	339	-360
Win	[180]	360	-321
Win	[170]	360	-324
Win	[200]	360	-351
Loss	[200]	312	-360
Win	[170]	360	-321
Loss	[180]	321	-360
Loss	[160]	270	-360
Loss	[200]	354	-360
Win	[170]	360	-300
Loss	[180]	300	-360
Win	[170]	360	-309
Loss	[210]	354	-360
Win	[180]	360	-321
Win	[180]	360	-327
Loss	[180]	315	-360
Win	[150]	360	-297
Win	[170]	360	-321
Loss	[210]	348	-360
Win	[210]	360	-339
Loss	[190]	345	-360
Win	[190]	360	-333
Win	[180]	360	-330
Win	[160]	360	-324
Win	[170]	360	-306
Loss	[180]	342	-360
Win	[170]	360	-318
Loss	[190]	297	-360
Win	[190]	360	-318
Loss	[180]	327	-360
Loss	[180]	318	-360
Win	[190]	360	-312
Loss	[200]	327	-360
Win	[150]	360	-309
Win	[210]	360	-333
Loss	[170]	297	-360
Win	[170]	360	-321
Loss	[210]	330	-360
Win	[220]	360	-345
Win	[180]	360	-330
Win	[200]	360	-342
Win	[210]	360	-357
Win	[180]	360	-333
Loss	[160]	294	-360
Loss	[180]	333	-360
Loss	[210]	351	-360
Loss	[210]	357	-360
Loss	[190]	327	-360
Win	[160]	360	-300
Win	[200]	360	-342
Win	[210]	360	-339
Win	[170]	360	-321
Win	[180]	360	-309
Loss	[140]	264	-360
Win	[190]	360	-324
Win	[170]	360	-324
Loss	[200]	345	-360
Loss	[220]	348	-360
Win	[200]	360	-354
Win	[160]	360	-315
Loss	[200]	330	-360
Loss	[190]	336	-360
Loss	[210]	354	-360
Loss	[170]	336	-360
Win	[190]	360	-339
Win	[170]	360	-312
Loss	[220]	357	-360
Loss	[210]	357	-360
Loss	[180]	318	-360
Loss	[180]	339	-360
Win	[230]	360	-357
Win	[170]	360	-327
Loss	[200]	342	-360
Loss	[230]	339	-360
Win	[150]	360	-312
Win	[180]	360	-333
Win	[190]	360	-333
Loss	[190]	342	-360
Win	[180]	360	-324
Loss	[180]	345	-360
Loss	[210]	324	-360
Win	[200]	360	-342
Loss	[190]	348	-360
Loss	[200]	351	-360
Win	[180]	360	-330
Loss	[190]	330	-360
Win	[180]	360	-330
Win	[180]	360	-342
Loss	[210]	354	-360
Win	[180]	360	-336
Win	[180]	360	-333
Loss	[170]	258	-360
Win	[200]	360	-345
Loss	[180]	312	-360
Win	[200]	360	-348
Win	[210]	360	-351
Loss	[170]	306	-360
Win	[190]	360	-333
Win	[180]	360	-321
Loss	[190]	330	-360
Loss	[190]	339	-360
Win	[180]	360	-321
Win	[200]	360	-342
Win	[160]	360	-303
Loss	[190]	240	-360
Win	[180]	360	-330
Loss	[210]	336	-360
Loss	[220]	357	-360
Loss	[170]	327	-360
Win	[160]	360	-303
Win	[170]	360	-318
Loss	[180]	330	-360
Win	[180]	360	-333
Loss	[180]	306	-360
Loss	[140]	267	-360
Win	[180]	360	-318
Win	[220]	360	-336
Win	[230]	360	-357
Loss	[180]	339	-360
Win	[200]	360	-330
Loss	[160]	234	-360
Loss	[220]	357	-360
Win	[160]	360	-318
Win	[200]	360	-345
Win	[190]	360	-339
Loss	[200]	297	-360
Win	[190]	360	-336
Loss	[160]	258	-360
Win	[190]	360	-339
Loss	[190]	345	-360
Loss	[210]	342	-360
Win	[180]	360	-348
Loss	[210]	351	-360
Win	[190]	360	-342
Loss	[190]	348	-360
Win	[190]	360	-333
Loss	[180]	273	-360
Win	[210]	360	-348
Loss	[220]	351	-360
Loss	[200]	354	-360
Loss	[180]	336	-360
Win	[180]	360	-330
Loss	[170]	309	-360
Loss	[210]	309	-360
Loss	[210]	354	-360
Win	[230]	360	-345
Win	[160]	360	-303
Loss	[190]	342	-360
Win	[220]	360	-345
Win	[180]	360	-339
Win	[180]	360	-336
Loss	[190]	288	-360
Loss	[180]	330	-360
Loss	[190]	333	-360
Win	[220]	360	-357
Loss	[160]	270	-360
Loss	[180]	321	-360
Loss	[170]	297	-360
Win	[190]	360	-333
Win	[180]	360	-333
Win	[210]	360	-357
Loss	[160]	288	-360
Win	[210]	360	-351
Win	[220]	360	-345
Win	[180]	360	-306
Loss	[190]	333	-360
Win	[180]	360	-315
Win	[190]	360	-318
Win	[160]	360	-300
Loss	[200]	348	-360
Win	[190]	360	-330
Win	[200]	360	-309
Loss	[190]	327	-360
Loss	[200]	348	-360
Win	[200]	360	-342
Win	[170]	360	-333
Win	[180]	360	-309
Win	[220]	360	-357
Loss	[210]	342	-360
Win	[160]	360	-306
Loss	[170]	333	-360
Win	[210]	360	-339
Win	[190]	360	-339
Loss	[190]	273	-360
Loss	[180]	342	-360
Loss	[210]	345	-360
Loss	[160]	327	-360
Win	[180]	360	-330
Win	[190]	360	-327
Loss	[180]	300	-360
Loss	[190]	333	-360
Loss	[200]	339	-360
Win	[200]	360	-327
Loss	[170]	261	-360
Loss	[190]	336	-360
Loss	[180]	318	-360
Loss	[190]	333	-360
Win	[200]	360	-342
Loss	[180]	312	-360
Loss	[180]	306	-360
Loss	[200]	333	-360
Loss	[180]	348	-360
Loss	[200]	327	-360
Win	[170]	360	-318
Loss	[200]	327	-360
Loss	[220]	351	-360
Loss	[210]	345	-360
Win	[230]	360	-357
Win	[190]	360	-321
Win	[220]	360	-339
Loss	[200]	315	-360
Loss	[200]	318	-360
Loss	[180]	324	-360
Win	[160]	360	-309
Win	[180]	360	-333
Loss	[230]	357	-360
Win	[180]	360	-327
Loss	[240]	357	-360
Loss	[210]	342	-360
Win	[190]	360	-342
Loss	[180]	327	-360
Win	[170]	360	-306
Win	[170]	360	-318
Loss	[190]	327	-360
Win	[180]	360	-336
Loss	[170]	258	-360
Win	[190]	360	-324
Loss	[210]	342	-360
Win	[170]	360	-321
Win	[200]	360	-345
Win	[200]	360	-354
Win	[170]	360	-327
Loss	[160]	306	-360
Loss	[210]	348	-360
Loss	[140]	210	-360
Loss	[190]	309	-360
Win	[170]	360	-318
Win	[180]	360	-327
Win	[220]	360	-345
Win	[170]	360	-315
Win	[200]	360	-318
Loss	[190]	348	-360
Win	[160]	360	-300
Win	[210]	360	-354
Win	[180]	360	-333
Win	[150]	360	-303
Win	[180]	360	-327
Loss	[190]	324	-360
Win	[170]	360	-318
Loss	[220]	345	-360
Loss	[190]	333	-360
Loss	[170]	300	-360
Win	[200]	360	-333
Win	[190]	360	-345
Loss	[190]	312	-360
Win	[230]	360	-351
Loss	[180]	345	-360
Win	[170]	360	-339
Loss	[220]	339	-360
Loss	[210]	348	-360
Win	[210]	360	-357
Win	[180]	360	-306
Loss	[170]	327	-360
Win	[180]	360	-324
Loss	[220]	357	-360
Loss	[180]	312	-360
Loss	[200]	345	-360
Win	[180]	360	-318
Loss	[190]	303	-360
Win	[190]	360	-342
Loss	[200]	348	-360
Win	[170]	360	-306
Win	[170]	360	-315
Win	[160]	360	-306
Win	[170]	360	-321
Win	[170]	360	-300
Win	[180]	360	-327
Loss	[200]	348	-360
Win	[180]	360	-321
Loss	[210]	354	-360
Win	[170]	360	-327
Loss	[200]	327	-360
Loss	[190]	315	-360
Win	[170]	360	-303
Loss	[190]	321	-360
Win	[180]	360	-321
Win	[180]	360	-330
Win	[190]	360	-333
Loss	[190]	312	-360
Win	[150]	360	-297
Win	[200]	360	-351
Win	[190]	360	-309
Win	[220]	360	-345
Loss	[190]	312	-360
Win	[200]	360	-342
Loss	[180]	312	-360
Win	[160]	360	-306
Win	[200]	360	-351
Win	[170]	360	-333
Win	[190]	360	-324
Loss	[180]	297	-360
Win	[190]	360	-333
Loss	[220]	357	-360
Loss	[190]	333	-360
Loss	[190]	330	-360
Loss	[170]	282	-360
Loss	[210]	324	-360
Win	[160]	360	-309
Win	[210]	360	-336
Win	[170]	360	-318
Loss	[170]	297	-360
Loss	[200]	327	-360
Win	[170]	360	-324
Loss	[170]	294	-360
Loss	[190]	336	-360
Win	[200]	360	-342
Win	[220]	360	-357
Loss	[200]	306	-360
Loss	[190]	333	-360
Win	[190]	360	-342
Win	[190]	360	-330
Win	[200]	360	-336
Loss	[220]	357	-360
Win	[170]	360	-300
Loss	[180]	327	-360
Loss	[150]	291	-360
Win	[160]	360	-303
Win	[190]	360	-351
Win	[200]	360	-354
Loss	[190]	315	-360
Loss	[180]	327	-360
Loss	[200]	345	-360
Win	[190]	360	-321
Win	[190]	360	-342
Win	[230]	360	-357
Loss	[180]	327	-360
Win	[220]	360	-351
Loss	[220]	357	-360
Win	[170]	360	-312
Win	[170]	360	-321
Loss	[180]	321	-360
Win	[200]	360	-333
Loss	[170]	330	-360
Loss	[230]	357	-360
Win	[180]	360	-342
Loss	[220]	348	-360
Loss	[200]	348	-360
Win	[200]	360	-333
Loss	[180]	339	-360
Win	[200]	360	-336
Loss	[220]	342	-360
Win	[170]	360	-303
Win	[180]	360	-333
Loss	[210]	345	-360
Win	[190]	360	-330
Loss	[210]	354	-360
Win	[180]	360	-339
Win	[180]	360	-312
Win	[170]	360	-318
Loss	[190]	342	-360
Win	[210]	360	-339
Loss	[160]	315	-360
Win	[170]	360	-324
Loss	[230]	354	-360
Loss	[170]	324	-360
Win	[180]	360	-336
Loss	[210]	333	-360
Win	[180]	360	-327
Win	[200]	360	-324
Win	[230]	360	-354
Win	[180]	360	-324
Win	[200]	360	-324
Loss	[190]	309	-360
Win	[220]	360	-357
Loss	[200]	336	-360
Win	[200]	360	-339
Loss	[210]	336	-360
Loss	[190]	276	-360
Loss	[170]	315	-360
Win	[180]	360	-327
Win	[180]	360	-330
Win	[190]	360	-333
Loss	[200]	348	-360
Loss	[180]	309	-360
Win	[160]	360	-309
Win	[190]	360	-345
Loss	[180]	327	-360
Loss	[180]	330	-360
Loss	[190]	327	-360
Loss	[120]	249	-360
Win	[170]	360	-324
Loss	[180]	312	-360
Loss	[190]	339	-360
Loss	[180]	300	-360
Win	[170]	360	-300
Win	[200]	360	-342
Win	[170]	360	-318
Loss	[200]	333	-360
Loss	[200]	345	-360
Loss	[220]	357	-360
Win	[210]	360	-345
Loss	[170]	321	-360
Win	[210]	360	-345
Loss	[200]	354	-360
Win	[220]	360	-357
Loss	[180]	312	-360
Loss	[180]	348	-360
Win	[170]	360	-324
Win	[190]	360	-303
Win	[170]	360	-309
Win	[170]	360	-330
Win	[170]	360	-333
Win	[190]	360	-342
Loss	[210]	357	-360
Win	[180]	360	-330
Loss	[210]	342	-360
Win	[170]	360	-312
Win	[190]	360	-309
Win	[180]	360	-330
Loss	[170]	282	-360
Win	[200]	360	-342
Win	[220]	360	-351
Loss	[180]	258	-360
Win	[190]	360	-342
Win	[180]	360	-318
Loss	[190]	354	-360
Win	[170]	360	-321
Win	[180]	360	-327
Loss	[200]	354	-360
Win	[190]	360	-330
Win	[200]	360	-345
Loss	[190]	273	-360
Win	[220]	360	-357
Loss	[220]	288	-360
Loss	[190]	315	-360
Win	[220]	360	-339
Win	[190]	360	-327
Loss	[230]	357	-360
Loss	[210]	339	-360
Loss	[190]	291	-360
Win	[190]	360	-333
Loss	[200]	357	-360
Loss	[160]	318	-360
Win	[180]	360	-324
Win	[170]	360	-312
Win	[190]	360	-324
Loss	[220]	348	-360
Win	[180]	360	-306
Win	[170]	360	-336
Win	[200]	360	-333
Loss	[200]	291	-360
Win	[180]	360	-348
Win	[170]	360	-309
Win	[170]	360	-321
Win	[180]	360	-354
Win	[200]	360	-339
Win	[180]	360	-342
Win	[170]	360	-327
Loss	[180]	333	-360
Loss	[180]	345	-360
Loss	[180]	321	-360
Win	[230]	360	-357
Win	[190]	360	-330
Win	[200]	360	-342
Win	[180]	360	-327
Win	[180]	360	-309
Loss	[170]	321	-360
Win	[180]	360	-333
Win	[180]	360	-324
Loss	[160]	273	-360
Win	[180]	360	-321
Win	[190]	360	-339
Win	[200]	360	-324
Win	[180]	360	-330
Win	[190]	360	-342
Loss	[210]	348	-360
Win	[190]	360	-336
Win	[220]	360	-342
Win	[200]	360	-342
Loss	[190]	342	-360
Win	[190]	360	-339
Win	[170]	360	-315
Loss	[180]	336	-360
Loss	[220]	357	-360
Loss	[190]	351	-360
Win	[180]	360	-309
Win	[190]	360	-330
Loss	[220]	351	-360
Loss	[180]	348	-360
Loss	[150]	168	-360
Loss	[200]	336	-360
Win	[220]	360	-339
Win	[170]	360	-333
Win	[170]	360	-321
Loss	[230]	330	-360
Win	[190]	360	-339
Win	[170]	360	-303
Loss	[140]	231	-360
Win	[190]	360	-333
Loss	[220]	357	-360
Loss	[200]	336	-360
Win	[170]	360	-315
Win	[220]	360	-345
Win	[210]	360	-348
Win	[180]	360	-330
Win	[150]	360	-300
Loss	[160]	237	-360
Loss	[200]	354	-360
Loss	[190]	255	-360
Loss	[200]	342	-360
Win	[190]	360	-348
Win	[210]	360	-345
Win	[200]	360	-336
Loss	[180]	327	-360
Loss	[180]	327	-360
Win	[170]	360	-312
Win	[220]	360	-351
Win	[210]	360	-336
Loss	[170]	324	-360
Win	[180]	360	-318
Loss	[190]	336	-360
Loss	[220]	357	-360
Loss	[180]	339	-360
Win	[180]	360	-327
Loss	[210]	351	-360
Win	[220]	360	-330
Loss	[170]	339	-360
Loss	[240]	336	-360
Win	[170]	360	-303
Win	[190]	360	-333
Loss	[180]	342	-360
Loss	[170]	291	-360
Loss	[200]	348	-360
Win	[170]	360	-300
Loss	[180]	336	-360
Win	[170]	360	-324
Loss	[190]	327	-360
Loss	[210]	342	-360
Win	[170]	360	-315
Win	[200]	360	-336
Win	[210]	360	-351
Loss	[210]	351	-360
Loss	[240]	357	-360
Win	[200]	360	-342
Win	[170]	360	-315
Win	[200]	360	-339
Loss	[180]	297	-360
Win	[220]	360	-357
Loss	[210]	345	-360
Win	[180]	360	-336
Loss	[230]	357	-360
Loss	[180]	336	-360
Win	[180]	360	-339
Loss	[180]	330	-360
Loss	[200]	345	-360
Win	[180]	360	-327
Win	[210]	360	-345
Win	[170]	360	-315
Win	[180]	360	-330
Win	[180]	360	-318
Win	[190]	360	-342
Win	[200]	360	-342
Win	[170]	360	-306
Win	[190]	360	-336
Win	[170]	360	-324
Win	[170]	360	-315
Win	[180]	360	-321
Win	[150]	360	-300
Loss	[190]	318	-360
Win	[220]	360	-345
Win	[180]	360	-321
Win	[160]	360	-300
Win	[190]	360	-333
Loss	[190]	330	-360
Win	[250]	360	-351
Win	[190]	360	-309
Win	[220]	360	-345
Loss	[190]	303	-360
Win	[220]	360	-354
Win	[170]	360	-309
Loss	[220]	354	-360
Win	[180]	360	-330
Win	[180]	360	-321
Loss	[220]	330	-360
Win	[180]	360	-330
Win	[170]	360	-318
Loss	[220]	357	-360
Win	[200]	360	-357
Win	[200]	360	-348
Win	[170]	360	-315
Win	[220]	360	-357
Loss	[220]	357	-360
Loss	[180]	342	-360
Win	[170]	360	-297
Win	[170]	360	-306
Win	[180]	360	-336
Loss	[180]	312	-360
Win	[210]	360	-348
Win	[180]	360	-333
Win	[180]	360	-333
Win	[180]	360	-342
Win	[170]	360	-306
Win	[180]	360	-333
Win	[210]	360	-357
Loss	[180]	246	-360
Win	[180]	360	-309
Win	[170]	360	-312
Win	[200]	360	-333
Win	[180]	360	-324
Win	[180]	360	-336
Win	[210]	360	-345
Win	[190]	360	-342
Win	[170]	360	-306
Win	[180]	360	-312
Loss	[200]	306	-360
Loss	[200]	336	-360
Win	[200]	360	-330
Loss	[210]	339	-360
Win	[180]	360	-324
Loss	[210]	354	-360
Win	[170]	360	-297
Loss	[210]	297	-360
Win	[190]	360	-336
Loss	[200]	342	-360
Win	[150]	360	-297
Loss	[160]	261	-360
Win	[160]	360	-306
Loss	[200]	345	-360
Win	[190]	360	-330
Win	[200]	360	-321
Win	[170]	360	-312
Loss	[220]	351	-360
Loss	[200]	354	-360
Win	[190]	360	-327
Win	[240]	360	-357
Loss	[220]	351	-360
Win	[180]	360	-324
Loss	[200]	246	-360
Win	[170]	360	-300
Win	[170]	360	-327
Loss	[210]	354	-360
Loss	[220]	357	-360
Win	[180]	360	-330
Loss	[190]	354	-360
Win	[200]	360	-339
Win	[170]	360	-291
Loss	[160]	309	-360
Loss	[170]	276	-360
Win	[180]	360	-306
Loss	[170]	276	-360
Win	[180]	360	-321
Loss	[190]	348	-360
Win	[210]	360	-351
Win	[180]	360	-330
Loss	[230]	351	-360
Win	[160]	360	-321
Loss	[180]	282	-360
Win	[170]	360	-321
Win	[170]	360	-327
Win	[170]	360	-321
Win	[180]	360	-324
Win	[200]	360	-327
Loss	[220]	351	-360
Loss	[160]	288	-360
Loss	[220]	351	-360
Loss	[190]	342	-360
Loss	[190]	315	-360
Win	[180]	360	-309
Win	[170]	360	-315
Loss	[190]	339	-360
Win	[170]	360	-315
Win	[220]	360	-351
Loss	[190]	252	-360
Win	[180]	360	-333
Loss	[220]	351	-360
Loss	[220]	354	-360
Loss	[190]	324	-360
Loss	[140]	270	-360
Win	[190]	360	-339
Win	[170]	360	-309
Loss	[160]	270	-360
Win	[220]	360	-357
Loss	[200]	336	-360
Win	[250]	360	-330
Loss	[180]	339	-360
Win	[180]	360	-315
Win	[230]	360	-357
Win	[190]	360	-336
Win	[170]	360	-315
Loss	[180]	351	-360
Loss	[210]	354	-360
Win	[190]	360	-345
Win	[200]	360	-342
Win	[170]	360	-324
Loss	[200]	333	-360
Win	[190]	360	-336
Loss	[170]	321	-360
Loss	[210]	357	-360
Win	[180]	360	-330
Loss	[170]	321	-360
Loss	[210]	348	-360
Win	[160]	360	-303
Loss	[200]	342	-360
Loss	[190]	312	-360
Loss	[190]	300	-360
Loss	[190]	336	-360
Loss	[180]	333	-360
Win	[220]	360	-354
Win	[180]	360	-318
Loss	[180]	279	-360
Win	[180]	360	-333
Win	[200]	360	-330
Win	[170]	360	-321
Loss	[220]	357	-360
Win	[180]	360	-339
Win	[170]	360	-327
Loss	[190]	348	-360
Win	[180]	360	-324
Win	[210]	360	-318
Win	[220]	360	-351
Loss	[190]	330	-360
Win	[230]	360	-351
Win	[180]	360	-327
Win	[180]	360	-333
Win	[170]	360	-321
Loss	[180]	303	-360
Loss	[190]	330	-360
Loss	[200]	318	-360
Win	[230]	360	-357
Loss	[200]	273	-360
Win	[220]	360	-339
Win	[230]	360	-357
Win	[220]	360	-345
Loss	[180]	309	-360
Win	[150]	360	-300
Win	[180]	360	-315
Win	[230]	360	-357
Win	[180]	360	-333
Win	[190]	360	-324
Win	[190]	360	-324
Loss	[190]	348	-360
Win	[190]	360	-342
Win	[200]	360	-333
Loss	[180]	267	-360
Win	[170]	360	-315
Loss	[160]	309	-360
Loss	[190]	351	-360
Win	[180]	360	-321
Loss	[160]	312	-360
Win	[200]	360	-342
Win	[170]	360	-315
Win	[170]	360	-309
Loss	[200]	342	-360
Win	[210]	360	-348
Win	[170]	360	-318
Loss	[180]	336	-360
Win	[220]	360	-345
Loss	[170]	351	-360
Win	[160]	360	-318
Win	[190]	360	-354
Loss	[180]	315	-360
Win	[190]	360	-342
Win	[210]	360	-351
Loss	[220]	345	-360
Win	[190]	360	-324
Loss	[220]	357	-360
Loss	[180]	321	-360
Win	[230]	360	-345
Loss	[200]	348	-360
Loss	[190]	327	-360
Loss	[190]	345	-360
Win	[230]	360	-357
Loss	[190]	285	-360
Loss	[190]	345	-360
Win	[180]	360	-315
Win	[180]	360	-339
Win	[210]	360	-339
Win	[180]	360	-333
Loss	[180]	339	-360
Loss	[220]	348	-360
Win	[220]	360	-357
Win	[170]	360	-318
Win	[170]	360	-306
Loss	[200]	327	-360
Loss	[220]	348	-360
Loss	[180]	240	-360
Win	[170]	360	-327
Win	[160]	360	-321
Loss	[170]	258	-360
Loss	[200]	354	-360
Loss	[200]	348	-360
Loss	[180]	327	-360
Win	[200]	360	-336
Loss	[200]	324	-360
Loss	[200]	354	-360
Win	[200]	360	-342
Win	[170]	360	-330
Win	[170]	360	-309
Loss	[180]	333	-360
Win	[220]	360	-357
Loss	[200]	324	-360
Loss	[160]	261	-360
Win	[170]	360	-330
Win	[170]	360	-300
Win	[170]	360	-327
Win	[220]	360	-357
Win	[190]	360	-336
Win	[160]	360	-312
Loss	[170]	270	-360
Win	[170]	360	-315
Win	[180]	360	-324
Win	[210]	360	-351
Win	[200]	360	-330
Win	[200]	360	-342
Win	[190]	360	-324
Win	[160]	360	-330
Win	[160]	360	-315
Win	[200]	360	-357
Win	[190]	360	-333
Loss	[180]	306	-360
Loss	[230]	345	-360
Loss	[180]	336	-360
Win	[200]	360	-351
Loss	[150]	240	-360
Loss	[210]	342	-360
Win	[170]	360	-315
Win	[170]	360	-321
Loss	[200]	345	-360
Win	[200]	360	-339
Win	[200]	360	-348
Loss	[160]	243	-360
Win	[220]	360	-339
Win	[210]	360	-351
Win	[180]	360	-312
Win	[170]	360	-318
Loss	[200]	345	-360
Loss	[160]	300	-360
Loss	[170]	306	-360
Loss	[200]	324	-360
Loss	[180]	294	-360
Loss	[190]	324	-360
Win	[160]	360	-306
Loss	[200]	348	-360
Win	[170]	360	-327
Loss	[190]	333	-360
Win	[180]	360	-342
Win	[180]	360	-318
Loss	[220]	351	-360
Win	[190]	360	-333
Win	[170]	360	-315
Win	[160]	360	-306
Loss	[180]	339	-360
Win	[180]	360	-324
Loss	[210]	348	-360
Win	[170]	360	-312
Win	[190]	360	-333
Loss	[200]	342	-360
Win	[190]	360	-339
Win	[230]	360	-351
Win	[180]	360	-315
Loss	[170]	282	-360
Win	[180]	360	-324
Loss	[180]	339	-360
Win	[160]	360	-306
Win	[220]	360	-357
Win	[180]	360	-321
Win	[180]	360	-324
Loss	[210]	345	-360
Win	[180]	360	-336
Win	[190]	360	-333
Win	[190]	360	-333
Loss	[210]	345	-360
Win	[180]	360	-333
Win	[190]	360	-333
Win	[160]	360	-312
Loss	[170]	288	-360
Loss	[180]	339	-360
Win	[190]	360	-315
Win	[190]	360	-342
Loss	[180]	339	-360
Win	[210]	360	-339
Win	[180]	360	-303
Loss	[180]	282	-360
Win	[190]	360	-336
Win	[170]	360	-318
Win	[220]	360	-345
Win	[170]	360	-303
Win	[190]	360	-309
Win	[210]	360	-345
Loss	[220]	357	-360
Win	[200]	360	-345
Win	[180]	360	-327
Loss	[180]	333	-360
Win	[170]	360	-318
Loss	[190]	321	-360
Loss	[200]	318	-360
Win	[170]	360	-312
Win	[180]	360	-333
Win	[160]	360	-303
Win	[180]	360	-336
Loss	[200]	336	-360
Loss	[180]	327	-360
Win	[200]	360	-345
Loss	[180]	279	-360
Win	[210]	360	-357
Loss	[150]	246	-360
Win	[190]	360	-324
Loss	[180]	300	-360
Win	[160]	360	-312
Win	[230]	360	-357
Loss	[210]	336	-360
Win	[190]	360	-336
Win	[190]	360	-333
Win	[180]	360	-330
Win	[180]	360	-315
Win	[180]	360	-336
Win	[180]	360	-333
Loss	[220]	357	-360
Win	[180]	360	-327
Win	[170]	360	-312
Win	[210]	360	-357
Win	[170]	360	-309
Loss	[180]	327	-360
Win	[170]	360	-303
Loss	[200]	339	-360
Loss	[200]	336	-360
Win	[180]	360	-312
Win	[200]	360	-342
Loss	[150]	237	-360
Win	[170]	360	-321
Loss	[200]	315	-360
Win	[200]	360	-339
Win	[200]	360	-345
Win	[180]	360	-330
Win	[170]	360	-312
Win	[160]	360	-303
Win	[200]	360	-354
Win	[190]	360	-339
Loss	[180]	333	-360
Loss	[200]	321	-360
Win	[160]	360	-303
Win	[180]	360	-318
Loss	[190]	333	-360
Win	[170]	360	-324
Loss	[200]	342	-360
Win	[230]	360	-354
Win	[180]	360	-336
Win	[180]	360	-330
Loss	[200]	330	-360
Loss	[220]	345	-360
Loss	[170]	324	-360
Win	[170]	360	-315
Win	[190]	360	-348
Loss	[250]	327	-360
Win	[190]	360	-339
Win	[210]	360	-348
Loss	[150]	183	-360
Win	[180]	360	-312
Win	[160]	360	-309
Win	[170]	360	-309
Loss	[230]	351	-360
Win	[180]	360	-315
Win	[170]	360	-324
Loss	[200]	339	-360
Win	[190]	360	-342
Loss	[190]	345	-360
Win	[180]	360	-327
Win	[170]	360	-309
Win	[180]	360	-342
Loss	[210]	342	-360
Loss	[220]	357	-360
Win	[160]	360	-306
Win	[210]	360	-342
Win	[230]	360	-357
Loss	[180]	303	-360
Loss	[180]	339	-360
Loss	[200]	357	-360
Win	[170]	360	-309
Loss	[180]	195	-360
Loss	[190]	327	-360
Win	[170]	360	-321
Win	[170]	360	-303
Loss	[190]	315	-360
Win	[180]	360	-330
Win	[170]	360	-306
Win	[220]	360	-333
Win	[180]	360	-321
Win	[180]	360	-330
Win	[210]	360	-342
Loss	[160]	237	-360
Loss	[210]	351	-360
Loss	[180]	291	-360
Win	[190]	360	-333
Win	[200]	360	-342
Loss	[160]	249	-360
Win	[190]	360	-345
Win	[160]	360	-312
Win	[210]	360	-342
Win	[210]	360	-351
Win	[170]	360	-324
Win	[200]	360	-336
Win	[210]	360	-357
Loss	[180]	321	-360
Win	[200]	360	-336
Win	[170]	360	-309
Win	[190]	360	-333
Win	[200]	360	-348
Loss	[200]	348	-360
Win	[180]	360	-327
Win	[210]	360	-351
Win	[170]	360	-333
Win	[190]	360	-333
Loss	[200]	330	-360
Loss	[200]	348	-360
Win	[220]	360	-357
Win	[170]	360	-318
Loss	[220]	345	-360
Win	[190]	360	-327
Win	[170]	360	-318
Win	[170]	360	-315
Win	[170]	360	-330
Loss	[220]	357	-360
Win	[180]	360	-306
Loss	[230]	357	-360
Win	[200]	360	-342
Win	[220]	360	-351
Win	[220]	360	-357
Win	[170]	360	-318
Win	[200]	360	-336
Win	[170]	360	-321
Win	[190]	360	-354
Win	[160]	360	-306
Win	[170]	360	-312
Win	[180]	360	-318
Loss	[210]	354	-360
Win	[190]	360	-327
Win	[160]	360	-300
Loss	[200]	351	-360
Loss	[210]	354	-360
Win	[170]	360	-309
Loss	[190]	309	-360
Win	[190]	360	-348
Win	[180]	360	-330
Loss	[210]	351	-360
Win	[180]	360	-327
Win	[170]	360	-306
Win	[180]	360	-321
Win	[160]	360	-306
Win	[170]	360	-315
Loss	[210]	354	-360
Win	[170]	360	-321
Win	[220]	360	-357
Loss	[200]	342	-360
Loss	[190]	327	-360
Loss	[170]	282	-360
Win	[190]	360	-339
Win	[170]	360	-321
Loss	[220]	351	-360
Win	[170]	360	-321
Win	[180]	360	-327
Win	[190]	360	-330
Loss	[210]	339	-360
Win	[190]	360	-342
Loss	[180]	318	-360
Loss	[200]	324	-360
Loss	[180]	342	-360
Loss	[190]	336	-360
Win	[220]	360	-357
Loss	[160]	270	-360
Win	[190]	360	-336
Loss	[200]	348	-360
Loss	[210]	339	-360
Loss	[190]	348	-360
Win	[220]	360	-351
Win	[180]	360	-324
Win	[140]	360	-288
Win	[180]	360	-327
Win	[220]	360	-345
Win	[220]	360	-351
Loss	[150]	246	-360
Win	[180]	360	-330
Win	[180]	360	-318
Win	[180]	360	-324
Loss	[160]	330	-360
Win	[200]	360	-336
Win	[180]	360	-324
Win	[200]	360	-348
Loss	[200]	339	-360
Loss	[180]	306	-360
Loss	[220]	357	-360
Loss	[200]	333	-360
Win	[190]	360	-312
Loss	[210]	357	-360
Win	[170]	360	-306
Win	[170]	360	-303
Win	[190]	360	-348
Win	[190]	360	-342
Win	[200]	360	-333
Loss	[220]	342	-360
Win	[180]	360	-327
Win	[180]	360	-330
Loss	[170]	342	-360
Win	[170]	360	-312
Win	[180]	360	-333
Win	[190]	360	-336
Win	[200]	360	-330
Loss	[170]	288	-360
Win	[210]	360	-345
Win	[180]	360	-321
Win	[210]	360	-351
Win	[220]	360	-351
Win	[200]	360	-342
Loss	[160]	285	-360
Win	[230]	360	-342
Win	[180]	360	-330
Loss	[200]	321	-360
Win	[200]	360	-333
Loss	[220]	357	-360
Win	[210]	360	-357
Win	[180]	360	-318
Loss	[160]	228	-360
Loss	[190]	357	-360
Loss	[180]	339	-360
Loss	[180]	333	-360
Win	[180]	360	-327
Win	[220]	360	-351
Win	[190]	360	-339
Loss	[210]	351	-360
Win	[180]	360	-321
Win	[170]	360	-306
Win	[210]	360	-351
Win	[170]	360	-303
Win	[190]	360	-342
Win	[210]	360	-348
Win	[190]	360	-321
Win	[190]	360	-342
Loss	[220]	351	-360
Win	[160]	360	-318
Win	[200]	360	-339
Win	[200]	360	-348
Win	[200]	360	-348
Loss	[170]	327	-360
Loss	[190]	339	-360
Loss	[190]	342	-360
Win	[210]	360	-357
Win	[210]	360	-351
Win	[170]	360	-312
Loss	[160]	291	-360
Win	[220]	360	-357
Win	[180]	360	-324
Win	[180]	360	-339
Win	[210]	360	-345
Win	[190]	360	-339
Loss	[210]	357	-360
Loss	[210]	342	-360
Loss	[150]	243	-360
Loss	[220]	354	-360
Win	[230]	360	-357
Win	[190]	360	-351
Win	[210]	360	-351
Win	[180]	360	-315
Loss	[210]	330	-360
Loss	[160]	264	-360
Win	[200]	360	-336
Win	[180]	360	-327
Loss	[170]	282	-360
Loss	[190]	309	-360
Loss	[180]	282	-360
Win	[200]	360	-342
Win	[180]	360	-330
Win	[180]	360	-330
Loss	[200]	357	-360
Win	[200]	360	-354
Win	[230]	360	-351
Win	[170]	360	-327
Win	[170]	360	-321
Win	[180]	360	-342
Win	[180]	360	-306
Loss	[210]	348	-360
Win	[200]	360	-333
Win	[190]	360	-339
Win	[180]	360	-330
Win	[200]	360	-348
Loss	[230]	357	-360
Loss	[220]	342	-360
Win	[180]	360	-315
Loss	[180]	333	-360
Win	[200]	360	-345
Win	[230]	360	-357
Win	[180]	360	-333
Win	[210]	360	-345
Win	[220]	360	-354
Win	[180]	360	-327
Win	[200]	360	-351
Loss	[220]	351	-360
Loss	[220]	357	-360
Loss	[200]	339	-360
Win	[200]	360	-351
Win	[210]	360	-351
Win	[200]	360	-336
Win	[190]	360	-336
Win	[170]	360	-312
Win	[190]	360	-348
Win	[160]	360	-300
Win	[180]	360	-342
Win	[200]	360	-336
Win	[170]	360	-312
Win	[170]	360	-303
Win	[160]	360	-294
Win	[160]	360	-303
Win	[180]	360	-339
Loss	[210]	357	-360
Win	[180]	360	-327
Win	[170]	360	-327
Win	[160]	360	-303
Win	[170]	360	-312
Loss	[200]	348	-360
Win	[190]	360	-336
Loss	[210]	351	-360
Win	[170]	360	-312
Win	[170]	360	-330
Loss	[160]	294	-360
Win	[180]	360	-327
Loss	[210]	348	-360
Win	[180]	360	-312
Win	[170]	360	-324
Win	[210]	360	-339
Win	[200]	360	-324
Win	[240]	360	-351
Win	[180]	360	-312
Win	[190]	360	-342
Loss	[220]	354	-360
Loss	[190]	333	-360
Win	[180]	360	-315
Loss	[190]	321	-360
Win	[180]	360	-339
Win	[200]	360	-339
Loss	[200]	348	-360
Win	[170]	360	-309
Win	[180]	360	-327
Loss	[190]	348	-360
Loss	[170]	291	-360
Win	[180]	360	-327
Win	[180]	360	-303
Win	[200]	360	-336
Loss	[200]	339	-360
Win	[170]	360	-321
Loss	[230]	351	-360
Win	[230]	360	-357
Win	[230]	360	-354
Win	[180]	360	-342
Loss	[180]	306	-360
Win	[210]	360	-351
Loss	[190]	336	-360
Win	[180]	360	-327
Win	[180]	360	-330
Loss	[170]	336	-360
Win	[220]	360	-345
Loss	[210]	357	-360
Loss	[210]	342	-360
Win	[170]	360	-303
Win	[190]	360	-339
Win	[160]	360	-306
Loss	[210]	351	-360
Loss	[200]	339	-360
Win	[200]	360	-348
Win	[180]	360	-333
Loss	[190]	339	-360
Win	[170]	360	-300
Win	[170]	360	-327
Win	[200]	360	-330
Win	[170]	360	-315
Win	[190]	360	-318
Win	[220]	360	-342
Win	[230]	360	-357
Win	[190]	360	-342
Loss	[200]	348	-360
Win	[170]	360	-333
Win	[180]	360	-321
Win	[180]	360	-327
Loss	[180]	324	-360
Loss	[220]	351	-360
Win	[170]	360	-327
Win	[190]	360	-354
Win	[170]	360	-321
Win	[180]	360	-330
Win	[170]	360	-309
Win	[160]	360	-318
Win	[170]	360	-324
Loss	[200]	336	-360
Win	[180]	360	-333
Win	[180]	360	-321
Win	[220]	360	-342
Win	[180]	360	-306
Win	[240]	360	-357
Loss	[200]	357	-360
Win	[200]	360	-348
Win	[190]	360	-306
Loss	[200]	348	-360
Win	[170]	360	-309
Loss	[190]	345	-360
Loss	[190]	288	-360
Win	[180]	360	-321
Loss	[220]	357	-360
Win	[170]	360	-315
Loss	[200]	288	-360
Win	[180]	360	-327
Win	[200]	360	-354
Win	[170]	360	-309
Loss	[210]	357	-360
Win	[220]	360	-357
Win	[180]	360	-321
Loss	[160]	222	-360
Loss	[210]	330	-360
Win	[190]	360	-342
Loss	[220]	336	-360
Win	[160]	360	-306
Win	[150]	360	-303
Loss	[190]	339	-360
Win	[190]	360	-339
Win	[150]	360	-300
Loss	[190]	336	-360
Win	[240]	360	-357
Win	[160]	360	-318
Win	[180]	360	-330
Win	[180]	360	-324
Win	[200]	360	-345
Win	[190]	360	-336
Loss	[180]	264	-360
Loss	[200]	345	-360
Loss	[190]	342	-360
Win	[200]	360	-330
Win	[180]	360	-339
Win	[160]	360	-318
Loss	[180]	285	-360
Win	[170]	360	-315
Win	[170]	360	-321
Win	[210]	360	-351
Loss	[180]	348	-360
Win	[190]	360	-354
Loss	[210]	354	-360
Loss	[190]	318	-360
Win	[170]	360	-303
Win	[180]	360	-309
Win	[190]	360	-333
Win	[190]	360	-336
Win	[160]	360	-306
Win	[170]	360	-315
Win	[170]	360	-315
Win	[150]	360	-306
Win	[170]	360	-321
Loss	[240]	357	-360
Win	[170]	360	-321
Win	[200]	360	-339
Win	[170]	360	-306
Win	[170]	360	-306
Win	[210]	360	-345
Loss	[180]	249	-360
Loss	[230]	357	-360
Loss	[210]	342	-360
Win	[180]	360	-333
Win	[200]	360	-348
Loss	[190]	345	-360
Loss	[190]	303	-360
Loss	[220]	309	-360
Win	[180]	360	-327
Win	[170]	360	-324
Win	[170]	360	-330
Loss	[180]	342	-360
Win	[170]	360	-309
Loss	[220]	330	-360
Win	[200]	360	-342
Win	[150]	360	-297
Win	[210]	360	-345
Win	[240]	360	-357
Loss	[200]	354	-360
Win	[200]	360	-336
Win	[180]	360	-315
Win	[180]	360	-339
Loss	[190]	297	-360
Loss	[210]	339	-360
Win	[200]	360	-348
Loss	[220]	348	-360
Win	[160]	360	-318
Win	[200]	360	-342
Win	[200]	360	-357
Win	[170]	360	-312
Win	[200]	360	-354
Win	[190]	360	-330
Win	[180]	360	-318
Win	[170]	360	-333
Loss	[210]	357	-360
Loss	[180]	306	-360
Loss	[180]	258	-360
Win	[210]	360	-339
Loss	[190]	339	-360
Loss	[210]	312	-360
Win	[180]	360	-330
Win	[190]	360	-336
Win	[190]	360	-336
Win	[150]	360	-300
Win	[180]	360	-336
Win	[170]	360	-333
Win	[180]	360	-330
Win	[180]	360	-312
Win	[180]	360	-333
Win	[190]	360	-336
Win	[180]	360	-324
Win	[190]	360	-333
Win	[210]	360	-345
Win	[220]	360	-351
Loss	[190]	333	-360
Win	[180]	360	-333
Loss	[180]	270	-360
Loss	[190]	351	-360
Win	[210]	360	-345
Loss	[200]	357	-360
Win	[190]	360	-339
Win	[180]	360	-339
Loss	[170]	312	-360
Win	[230]	360	-351
Win	[160]	360	-297
Win	[180]	360	-318
Win	[170]	360	-324
Win	[190]	360	-333
Win	[180]	360	-327
Win	[180]	360	-339
Win	[160]	360	-315
Win	[180]	360	-333
Loss	[170]	294	-360
Win	[210]	360	-333
Win	[220]	360	-339
Loss	[170]	249	-360
Win	[190]	360	-339
Win	[180]	360	-318
Win	[190]	360	-315
Loss	[210]	354	-360
Win	[210]	360	-357
Win	[210]	360	-357
Win	[170]	360	-309
Loss	[220]	339	-360
Win	[180]	360	-327
Win	[200]	360	-345
Win	[200]	360	-348
Loss	[170]	273	-360
Win	[180]	360	-321
Loss	[200]	342	-360
Win	[210]	360	-342
Loss	[180]	324	-360
Win	[190]	360	-345
Loss	[180]	321	-360
Loss	[180]	261	-360
Win	[150]	360	-309
Loss	[210]	357	-360
Loss	[200]	339	-360
Win	[200]	360	-336
Loss	[200]	318	-360
Loss	[170]	255	-360
Win	[190]	360	-330
Loss	[220]	348	-360
Loss	[220]	357	-360
Loss	[190]	342	-360
Loss	[190]	336	-360
Win	[180]	360	-333
Loss	[210]	348	-360
Win	[180]	360	-333
Loss	[210]	336	-360
Win	[180]	360	-333
Win	[180]	360	-330
Win	[190]	360	-348
Win	[240]	360	-357
Win	[190]	360	-330
Loss	[210]	342	-360
Win	[240]	360	-354
Loss	[190]	315	-360
Loss	[170]	330	-360
Loss	[190]	336	-360
Win	[170]	360	-321
Loss	[190]	333	-360
Win	[210]	360	-345
Win	[170]	360	-336
Loss	[210]	348	-360
Win	[180]	360	-321
Loss	[200]	330	-360
Win	[240]	360	-357
Win	[210]	360	-351
Win	[210]	360	-354
Loss	[180]	333	-360
Loss	[200]	342	-360
Loss	[130]	285	-360
Win	[180]	360	-321
Loss	[170]	252	-360
Win	[190]	360	-348
Loss	[200]	339	-360
Win	[180]	360	-321
Win	[200]	360	-339
Loss	[180]	345	-360
Win	[180]	360	-324
Win	[170]	360	-315
Loss	[200]	348	-360
Win	[190]	360	-336
Win	[180]	360	-321
Win	[190]	360	-315
Win	[190]	360	-327
Win	[190]	360	-324
Win	[160]	360	-315
Win	[180]	360	-327
Win	[180]	360	-330
Win	[180]	360	-315
Win	[170]	360	-312
Win	[170]	360	-312
Win	[180]	360	-309
Win	[220]	360	-351
Win	[190]	360	-342
Win	[170]	360	-318
Win	[220]	360	-351
Win	[170]	360	-315
Win	[200]	360	-342
Win	[200]	360	-333
Loss	[220]	351	-360
Win	[200]	360	-339
Win	[170]	360	-312
Loss	[210]	309	-360
Win	[190]	360	-333
Win	[230]	360	-357
Win	[200]	360	-342
Win	[220]	360	-342
Win	[210]	360	-357
Win	[230]	360	-351
Win	[190]	360	-321
Loss	[230]	357	-360
Loss	[220]	357	-360
Win	[170]	360	-327
Win	[190]	360	-306
Loss	[220]	357	-360
Win	[210]	360	-345
Win	[170]	360	-321
Loss	[170]	318	-360
Win	[160]	360	-303
Loss	[190]	342	-360
Win	[180]	360	-327
Win	[180]	360	-309
Loss	[210]	357	-360
Win	[180]	360	-303
Loss	[170]	312	-360
Win	[180]	360	-324
Win	[150]	360	-306
Win	[170]	360	-324
Win	[190]	360	-330
Win	[170]	360	-339
Win	[160]	360	-312
Win	[170]	360	-336
Win	[170]	360	-315
Loss	[190]	342	-360
Win	[220]	360	-357
Loss	[170]	333	-360
Win	[230]	360	-351
Loss	[170]	324	-360
Win	[190]	360	-345
Win	[160]	360	-303
Loss	[210]	357	-360
Win	[180]	360	-327
Loss	[190]	258	-360
Win	[180]	360	-333
Win	[200]	360	-336
Loss	[190]	339	-360
Win	[200]	360	-348
Win	[170]	360	-315
Win	[190]	360	-342
Win	[200]	360	-345
Win	[180]	360	-333
Loss	[150]	237	-360
Win	[200]	360	-336
Loss	[220]	348	-360
Win	[180]	360	-333
Loss	[160]	270	-360
Win	[180]	360	-327
Loss	[180]	318	-360
Win	[170]	360	-309
Loss	[220]	357	-360
Loss	[180]	324	-360
Loss	[200]	333	-360
Win	[190]	360	-339
Win	[190]	360	-324
Win	[190]	360	-354
Loss	[200]	297	-360
Win	[230]	360	-354
Win	[210]	360	-354
Loss	[180]	315	-360
Loss	[180]	342	-360
Win	[200]	360	-333
Win	[200]	360	-351
Win	[210]	360	-357
Loss	[220]	357	-360
Loss	[170]	336	-360
Win	[170]	360	-297
Win	[170]	360	-318
Win	[180]	360	-327
Win	[180]	360	-315
Loss	[190]	306	-360
Loss	[190]	351	-360
Loss	[200]	348	-360
Win	[190]	360	-321
Win	[190]	360	-336
Win	[180]	360	-333
Win	[190]	360	-354
Loss	[190]	279	-360
Win	[160]	360	-312
Loss	[190]	342	-360
Win	[200]	360	-345
Win	[200]	360	-321
Win	[150]	360	-303
Loss	[210]	348	-360
Loss	[190]	321	-360
Win	[200]	360	-351
Win	[180]	360	-312
Win	[170]	360	-309
Win	[170]	360	-321
Loss	[160]	252	-360
Win	[170]	360	-330
Win	[210]	360	-339
Loss	[190]	324	-360
Win	[190]	360	-342
Win	[170]	360	-327
Win	[170]	360	-327
Loss	[170]	306	-360
Loss	[190]	294	-360
Loss	[180]	339	-360
Win	[190]	360	-339
Win	[170]	360	-321
Win	[180]	360	-318
Win	[180]	360	-321
Loss	[210]	342	-360
Win	[170]	360	-327
Loss	[170]	300	-360
Loss	[200]	342	-360
Win	[180]	360	-321
Win	[190]	360	-330
Win	[170]	360	-309
Loss	[200]	345	-360
Loss	[200]	333	-360
Win	[200]	360	-345
Loss	[160]	255	-360
Loss	[220]	357	-360
Win	[190]	360	-336
Loss	[200]	303	-360
Loss	[170]	288	-360
Loss	[190]	309	-360
Loss	[170]	312	-360
Win	[190]	360	-321
Win	[180]	360	-327
Win	[180]	360	-324
Loss	[200]	357	-360
Loss	[200]	336	-360
Win	[180]	360	-327
Win	[170]	360	-318
Win	[190]	360	-330
Win	[170]	360	-315
Win	[200]	360	-357
Win	[210]	360	-345
Win	[140]	360	-306
Win	[170]	360	-327
Win	[200]	360	-342
Win	[180]	360	-315
Win	[190]	360	-327
Win	[190]	360	-324
Loss	[180]	321	-360
Loss	[210]	342	-360
Win	[180]	360	-330
Loss	[180]	318	-360
Loss	[190]	339	-360
Win	[170]	360	-318
Win	[170]	360	-309
Win	[190]	360	-336
Win	[200]	360	-354
Win	[250]	360	-357
Win	[190]	360	-336
Loss	[180]	327	-360
Win	[170]	360	-339
Win	[180]	360	-318
Win	[190]	360	-336
Win	[160]	360	-318
Win	[220]	360	-312
Win	[200]	360	-333
Win	[230]	360	-357
Win	[190]	360	-348
Win	[180]	360	-327
Win	[180]	360	-303
Win	[180]	360	-339
Win	[160]	360	-318
Win	[180]	360	-330
Win	[170]	360	-321
Win	[180]	360	-333
Win	[180]	360	-321
Win	[190]	360	-324
Loss	[180]	297	-360
Win	[240]	360	-351
Loss	[220]	348	-360
Win	[180]	360	-324
Win	[220]	360	-342
Win	[190]	360	-339
Win	[160]	360	-309
Win	[180]	360	-339
Win	[200]	360	-339
Win	[170]	360	-339
Win	[170]	360	-300
Win	[190]	360	-333
Win	[170]	360	-312
Win	[200]	360	-339
Loss	[170]	324	-360
Win	[180]	360	-333
Win	[170]	360	-321
Win	[170]	360	-339
Win	[200]	360	-342
Win	[190]	360	-336
Loss	[200]	342	-360
Loss	[200]	342	-360
Win	[190]	360	-321
Win	[160]	360	-294
Win	[180]	360	-324
Win	[180]	360	-324
Loss	[200]	345	-360
Loss	[160]	249	-360
Win	[200]	360	-342
Loss	[210]	348	-360
Win	[190]	360	-333
Win	[180]	360	-318
Win	[190]	360	-330
Loss	[180]	261	-360
Loss	[200]	330	-360
Win	[200]	360	-336
Loss	[140]	237	-360
Loss	[200]	354	-360
Win	[200]	360	-333
Win	[220]	360	-357
Win	[180]	360	-324
Loss	[160]	279	-360
Win	[180]	360	-333
Loss	[170]	300	-360
Win	[180]	360	-333
Win	[180]	360	-333
Win	[220]	360	-342
Loss	[210]	336	-360
Win	[220]	360	-351
Win	[170]	360	-300
Loss	[220]	351	-360
Loss	[220]	357	-360
Loss	[200]	339	-360
Win	[160]	360	-309
Win	[230]	360	-351
Win	[180]	360	-324
Win	[200]	360	-351
Win	[170]	360	-333
Win	[190]	360	-330
Win	[170]	360	-312
Win	[220]	360	-345
Win	[180]	360	-339
Win	[160]	360	-300
Loss	[180]	315	-360
Win	[170]	360	-309
Win	[170]	360	-306
Win	[170]	360	-333
Loss	[200]	354	-360
Win	[180]	360	-324
Win	[190]	360	-339
Loss	[210]	348	-360
Win	[160]	360	-309
Loss	[230]	342	-360
Loss	[240]	357	-360
Win	[210]	360	-351
Win	[180]	360	-321
Win	[170]	360	-315
Loss	[170]	312	-360
Win	[160]	360	-306
Win	[200]	360	-342
Win	[200]	360	-333
Win	[180]	360	-324
Win	[170]	360	-315
Win	[190]	360	-342
Loss	[170]	282	-360
Win	[180]	360	-339
Loss	[160]	279	-360
Win	[180]	360	-327
Loss	[190]	348	-360
Win	[180]	360	-327
Loss	[170]	285	-360
Win	[170]	360	-318
Win	[200]	360	-324
Win	[220]	360	-357
Win	[180]	360	-318
Loss	[210]	345	-360
Win	[180]	360	-324
Win	[200]	360	-357
Loss	[170]	297	-360
Win	[170]	360	-318
Win	[190]	360	-330
Win	[200]	360	-339
Loss	[210]	357	-360
Win	[170]	360	-309
Win	[190]	360	-354
Win	[190]	360	-348
Win	[180]	360	-333
Loss	[180]	336	-360
Loss	[200]	354	-360
Win	[200]	360	-345
Win	[180]	360	-327
Loss	[200]	348	-360
Loss	[210]	354	-360
Win	[180]	360	-303
Win	[190]	360	-336
Loss	[150]	264	-360
Win	[200]	360	-345
Win	[160]	360	-318
Loss	[170]	276	-360
Loss	[180]	336	-360
Win	[220]	360	-351
Loss	[220]	357	-360
Win	[170]	360	-324
Win	[210]	360	-351
Loss	[200]	348	-360
Win	[170]	360	-321
Win	[180]	360	-336
Win	[170]	360	-315
Win	[200]	360	-357
Win	[160]	360	-315
Win	[180]	360	-327
Loss	[200]	333	-360
Win	[220]	360	-351
Win	[180]	360	-324
Loss	[200]	351	-360
Win	[190]	360	-345
Win	[180]	360	-324
Loss	[190]	339	-360
Loss	[170]	264	-360
Win	[190]	360	-339
Win	[170]	360	-312
Win	[180]	360	-324
Win	[210]	360	-342
Loss	[240]	357	-360
Win	[190]	360	-336
Win	[220]	360	-357
Win	[180]	360	-333
Win	[170]	360	-327
Win	[170]	360	-324
Win	[200]	360	-336
Win	[180]	360	-333
Loss	[200]	348	-360
Win	[200]	360	-354
Win	[230]	360	-354
Win	[170]	360	-342
Win	[220]	360	-357
Win	[180]	360	-327
Win	[180]	360	-330
Win	[170]	360	-330
Win	[180]	360	-336
Win	[210]	360	-351
Win	[170]	360	-327
Loss	[180]	330	-360
Win	[200]	360	-336
Loss	[210]	351	-360
Win	[180]	360	-324
Win	[170]	360	-315
Win	[210]	360	-351
Loss	[210]	351	-360
Win	[230]	360	-351
Win	[170]	360	-312
Win	[170]	360	-315
Win	[170]	360	-324
Win	[170]	360	-318
Win	[210]	360	-345
Win	[190]	360	-336
Loss	[170]	312	-360
Win	[200]	360	-336
Loss	[180]	333	-360
Win	[200]	360	-357
Win	[240]	360	-357
Loss	[200]	354	-360
Win	[170]	360	-330
Win	[180]	360	-327
Win	[190]	360	-339
Win	[180]	360	-324
Win	[170]	360	-330
Win	[220]	360	-351
Loss	[200]	342	-360
Win	[170]	360	-327
Loss	[190]	342	-360
Win	[230]	360	-357
Win	[230]	360	-357
Loss	[190]	348	-360
Loss	[220]	354	-360
Win	[200]	360	-330
Loss	[170]	294	-360
Win	[200]	360	-336
Win	[170]	360	-318
Win	[190]	360	-351
Win	[190]	360	-342
Loss	[190]	309	-360
Win	[180]	360	-327
Win	[180]	360	-327
Win	[170]	360	-318
Loss	[220]	342	-360
Win	[190]	360	-333
Win	[170]	360	-309
Win	[180]	360	-330
Win	[210]	360	-351
Win	[180]	360	-321
Win	[190]	360	-336
Win	[180]	360	-327
Win	[180]	360	-306
Loss	[190]	348	-360
Win	[190]	360	-339
Loss	[190]	339	-360
Win	[210]	360	-348
Loss	[210]	357	-360
Win	[180]	360	-333
Win	[190]	360	-336
Win	[170]	360	-312
Win	[230]	360	-354
Win	[170]	360	-315
Win	[190]	360	-345
Win	[180]	360	-321
Win	[190]	360	-354
Win	[200]	360	-336
Loss	[190]	348	-360
Loss	[190]	336	-360
Win	[190]	360	-336
Win	[180]	360	-339
Win	[170]	360	-315
Win	[170]	360	-321
Win	[200]	360	-327
Win	[210]	360	-348
Win	[170]	360	-324
Win	[180]	360	-321
Win	[180]	360	-324
Win	[170]	360	-324
Win	[180]	360	-324
Win	[170]	360	-312
Win	[210]	360	-345
Loss	[210]	354	-360
Win	[200]	360	-357
Win	[220]	360	-345
Win	[190]	360	-312
Win	[170]	360	-315
Loss	[210]	342	-360
Win	[170]	360	-315
Loss	[190]	342	-360
Loss	[210]	354	-360
Win	[180]	360	-318
Win	[160]	360	-318
Loss	[180]	339	-360
Win	[180]	360	-327
Loss	[210]	336	-360
Win	[210]	360	-351
Win	[190]	360	-336
Win	[160]	360	-330
Win	[210]	360	-345
Win	[190]	360	-342
Win	[190]	360	-339
Win	[170]	360	-333
Loss	[160]	291	-360
Win	[180]	360	-333
Win	[200]	360	-348
Win	[200]	360	-342
Win	[180]	360	-327
Win	[200]	360	-345
Loss	[190]	333	-360
Win	[170]	360	-321
Win	[200]	360	-336
Win	[190]	360	-339
Loss	[190]	345	-360
Loss	[200]	336	-360
Win	[180]	360	-309
Win	[240]	360	-357
Win	[170]	360	-321
Win	[180]	360	-336
Loss	[200]	321	-360
Win	[200]	360	-339
Win	[160]	360	-309
Loss	[230]	357	-360
Win	[180]	360	-333
Win	[180]	360	-318
Loss	[200]	342	-360
Win	[170]	360	-306
Win	[160]	360	-312
Loss	[190]	273	-360
Loss	[210]	342	-360
Win	[180]	360	-333
Win	[170]	360	-309
Loss	[200]	351	-360
Loss	[180]	207	-360
Loss	[220]	351	-360
Win	[230]	360	-354
Loss	[190]	342	-360
Loss	[190]	339	-360
Win	[170]	360	-306
Win	[170]	360	-330
Loss	[180]	333	-360
Win	[180]	360	-324
Win	[190]	360	-324
Win	[220]	360	-357
Win	[190]	360	-345
Win	[190]	360	-342
Loss	[210]	357	-360
Win	[220]	360	-351
Win	[210]	360	-339
Win	[150]	360	-300
Win	[200]	360	-327
Win	[190]	360	-342
Win	[200]	360	-345
Win	[180]	360	-318
Loss	[190]	348	-360
Win	[200]	360	-351
Loss	[200]	345	-360
Loss	[190]	327	-360
Win	[180]	360	-327
Win	[190]	360	-336
Loss	[170]	321	-360
Win	[180]	360	-318
Loss	[190]	333	-360
Win	[180]	360	-324
Loss	[190]	321	-360
Win	[170]	360	-309
Loss	[220]	357	-360
Win	[170]	360	-330
Win	[170]	360	-324
Win	[160]	360	-315
Win	[180]	360	-345
Win	[180]	360	-306
Win	[180]	360	-327
Loss	[200]	348	-360
Loss	[210]	357	-360
Win	[160]	360	-303
Loss	[180]	333	-360
Win	[180]	360	-324
Win	[210]	360	-339
Win	[190]	360	-333
Win	[180]	360	-306
Win	[170]	360	-312
Win	[170]	360	-327
Win	[200]	360	-357
Loss	[180]	321	-360
Loss	[200]	318	-360
Loss	[220]	348	-360
Win	[200]	360	-333
Win	[180]	360	-321
Win	[170]	360	-327
Win	[160]	360	-312
Win	[180]	360	-327
Win	[170]	360	-339
Loss	[200]	348	-360
Win	[150]	360	-303
Win	[180]	360	-327
Loss	[200]	354	-360
Loss	[200]	345	-360
Win	[170]	360	-312
Win	[180]	360	-333
Win	[160]	360	-306
Win	[170]	360	-318
Win	[160]	360	-297
Loss	[190]	342	-360
Win	[180]	360	-327
Win	[190]	360	-321
Win	[170]	360	-306
Win	[170]	360	-318
Win	[160]	360	-324
Win	[180]	360	-327
Win	[160]	360	-309
Win	[200]	360	-336
Loss	[210]	351	-360
Win	[180]	360	-327
Loss	[200]	339	-360
Win	[170]	360	-300
Win	[180]	360	-324
Win	[190]	360	-324
Win	[180]	360	-324
Win	[190]	360	-339
Win	[210]	360	-345
Win	[180]	360	-306
Win	[170]	360	-324
Win	[180]	360	-330
Win	[190]	360	-315
Loss	[190]	351	-360
Win	[170]	360	-306
Win	[180]	360	-309
Win	[170]	360	-330
Win	[180]	360	-321
Win	[170]	360	-309
Win	[160]	360	-330
Loss	[210]	354	-360
Win	[190]	360	-333
Win	[190]	360	-330
Win	[220]	360	-357
Win	[170]	360	-321
Win	[180]	360	-336
Loss	[220]	357	-360
Win	[180]	360	-333
Win	[190]	360	-339
Win	[180]	360	-330
Win	[180]	360	-333
Loss	[220]	351	-360
Win	[180]	360	-327
Win	[190]	360	-348
Win	[170]	360	-315
Win	[190]	360	-342
Loss	[220]	348	-360
Win	[200]	360	-345
Win	[180]	360	-315
Loss	[200]	267	-360
Loss	[180]	339	-360
Loss	[180]	321	-360
Loss	[140]	288	-360
Win	[220]	360	-357
Win	[180]	360	-324
Loss	[170]	267	-360
Loss	[210]	354	-360
Win	[170]	360	-315
Win	[170]	360	-300
Loss	[200]	312	-360
Win	[170]	360	-300
Win	[200]	360	-348
Win	[190]	360	-336
Win	[180]	360	-333
Win	[200]	360	-348
Win	[180]	360	-321
Win	[170]	360	-312
Win	[180]	360	-330
Loss	[180]	327	-360
Loss	[230]	330	-360
Win	[200]	360	-351
Loss	[210]	357	-360
Win	[180]	360	-312
Win	[180]	360	-315
Win	[170]	360	-327
Loss	[190]	324	-360
Loss	[200]	333	-360
Loss	[180]	336	-360
Win	[190]	360	-330
Win	[170]	360	-312
Win	[220]	360	-357
Loss	[180]	330	-360
Win	[210]	360	-357
Loss	[190]	333	-360
Win	[200]	360	-345
Win	[190]	360	-327
Win	[210]	360	-351
Win	[200]	360	-357
Win	[190]	360	-336
Win	[160]	360	-294
Win	[180]	360	-330
Win	[170]	360	-327
Loss	[230]	357	-360
Win	[190]	360	-330
Loss	[190]	345	-360
Win	[160]	360	-303
Win	[210]	360	-357
Loss	[200]	351	-360
Win	[210]	360	-345
Loss	[190]	336	-360
Win	[210]	360	-357
Win	[170]	360	-321
Loss	[230]	357	-360
Win	[170]	360	-321
Loss	[180]	321	-360
Win	[200]	360	-345
Win	[160]	360	-294
Loss	[210]	348	-360
Loss	[160]	255	-360
Win	[170]	360	-315
Loss	[210]	342	-360
Win	[180]	360	-309
Win	[160]	360	-330
Win	[190]	360	-354
Loss	[200]	342	-360
Win	[190]	360	-324
Win	[160]	360	-321
Win	[220]	360	-357
Loss	[170]	309	-360
Win	[160]	360	-300
Win	[180]	360	-339
Win	[180]	360	-315
Win	[180]	360	-333
Win	[180]	360	-333
Win	[210]	360	-354
Loss	[190]	348	-360
Win	[180]	360	-315
Win	[220]	360	-345
Win	[220]	360	-345
Win	[190]	360	-348
Win	[200]	360	-339
Loss	[200]	342	-360
Win	[160]	360	-315
Win	[170]	360	-318
Loss	[200]	333	-360
Win	[190]	360	-339
Loss	[170]	312	-360
Loss	[170]	288	-360
Win	[180]	360	-330
Loss	[150]	213	-360
Win	[170]	360	-327
Loss	[170]	330	-360
Win	[210]	360	-357
Win	[180]	360	-315
Loss	[200]	342	-360
Win	[180]	360	-327
Loss	[170]	297	-360
Win	[220]	360	-351
Win	[180]	360	-324
Win	[170]	360	-324
Win	[180]	360	-327
Loss	[180]	285	-360
Win	[160]	360	-294
Win	[170]	360	-330
Win	[190]	360	-330
Loss	[180]	330	-360
Loss	[190]	330	-360
Win	[170]	360	-321
Win	[170]	360	-342
Win	[160]	360	-300
Win	[230]	360	-357
Loss	[180]	321	-360
Win	[180]	360	-324
Win	[180]	360	-333
Win	[200]	360	-348
Win	[160]	360	-288
Loss	[190]	330	-360
Win	[200]	360	-336
Win	[190]	360	-336
Win	[170]	360	-300
Loss	[150]	276	-360
Win	[170]	360	-333
Win	[180]	360	-327
Loss	[220]	357	-360
Win	[190]	360	-342
Loss	[200]	336	-360
Win	[170]	360	-315
Loss	[150]	216	-360
Win	[190]	360	-333
Win	[170]	360	-309
Win	[170]	360	-312
Win	[180]	360	-330
Win	[170]	360	-306
Win	[200]	360	-342
Win	[170]	360	-333
Win	[220]	360	-357
Win	[200]	360	-330
Win	[180]	360	-327
Loss	[210]	324	-360
Win	[180]	360	-321
Loss	[210]	354	-360
Win	[170]	360	-321
Loss	[200]	333	-360
Win	[180]	360	-330
Win	[190]	360	-321
Win	[200]	360	-339
Win	[190]	360	-354
Win	[190]	360	-330
Win	[180]	360	-321
Win	[190]	360	-342
Win	[170]	360	-318
Win	[180]	360	-333
Loss	[220]	348	-360
Loss	[220]	342	-360
Win	[190]	360	-351
Win	[170]	360	-303
Loss	[180]	342	-360
Win	[180]	360	-339
Loss	[180]	345	-360
Loss	[160]	258	-360
Loss	[180]	309	-360
Win	[190]	360	-345
Win	[170]	360	-312
Loss	[190]	357	-360
Win	[170]	360	-321
Loss	[220]	357	-360
Win	[180]	360	-321
Loss	[190]	354	-360
Win	[170]	360	-315
Win	[220]	360	-351
Loss	[220]	357	-360
Win	[180]	360	-306
Loss	[200]	309	-360
Win	[200]	360	-354
Win	[170]	360	-324
Win	[190]	360	-330
Loss	[190]	315	-360
Win	[160]	360	-324
Win	[170]	360	-321
Win	[180]	360	-333
Win	[170]	360	-309
Win	[160]	360	-300
Win	[170]	360	-324
Loss	[150]	237	-360
Loss	[230]	336	-360
Win	[200]	360	-342
Loss	[220]	357	-360
Win	[190]	360	-342
Loss	[220]	357	-360
Win	[190]	360	-327
Loss	[180]	324	-360
Loss	[140]	255	-360
Win	[180]	360	-348
Loss	[190]	345	-360
Win	[170]	360	-324
Win	[220]	360	-351
Win	[160]	360	-303
Win	[210]	360	-354
Loss	[200]	336	-360
Win	[180]	360	-336
Win	[170]	360	-321
Win	[170]	360	-321
Win	[170]	360	-321
Win	[190]	360	-330
