(1, 1)	0	-0.002197265625
(1, 2)	1	-1.5
(1, 3)	2	-9.75
(2, 1)	3	-8.90625
(2, 2)	4	-6.75
(2, 3)	5	-12
(3, 1)	6	-7.3125
(3, 2)	7	-18.75
(3, 3)	8	-16.828125
(4, 1)	9	-21.234375
(5, 1)	10	-18.748741328716278
(5, 2)	11	-17.25021504610777
(6, 1)	12	-16.5
(1, 4)	13	0.0
(1, 5)	14	-12.0
(1, 6)	15	-18
(2, 4)	16	-45.0
(7, 1)	17	-63.0
(8, 1)	18	-75.0
(8, 2)	19	-91.5
(9, 1)	20	-102.0
(1, 7)	21	-12.5625
(10, 1)	22	-1.5
(2, 5)	23	-21.0
(2, 6)	24	-18
(7, 2)	25	-30.0
(7, 3)	26	-27.0
(7, 4)	27	-24.0
(7, 5)	28	-33
(11, 1)	29	-13.875
(11, 2)	30	-14.765625
(11, 3)	31	-9.1875
(1, 8)	32	3.75
(10, 2)	33	3
(10, 3)	34	9
(10, 4)	35	9
(10, 5)	36	15
(2, 7)	37	-4.5
(7, 6)	38	9.0
(4, 2)	39	-0.375
(5, 3)	40	10.453125
(5, 4)	41	-3.328125
(5, 5)	42	0.0
(12, 1)	43	3.0
(1, 9)	44	-18
(2, 8)	45	-9.0
(2, 9)	46	-15.0
(2, 10)	47	-9.0
(3, 4)	48	-18.0
(4, 3)	49	-18.697265625
(4, 4)	50	-18.0
(4, 5)	51	-18.75
(13, 1)	52	-37.5
(1, 10)	53	0.0
(10, 6)	54	6.0
(10, 7)	55	9
(2, 11)	56	-6.0
(2, 12)	57	0
(14, 1)	58	-22.5
(3, 5)	59	-30
(3, 6)	60	-27.0
(4, 6)	61	-21
(1, 11)	62	-1.5
(2, 13)	63	0.0
(2, 14)	64	0
(7, 7)	65	-3.0
(3, 7)	66	5.625
(3, 8)	67	0.75
(1, 12)	68	0.0
(15, 1)	69	-21
(15, 2)	70	-27
(2, 15)	71	-12
(2, 16)	72	-24
(7, 8)	73	-15.0
(7, 9)	74	-18.0
(7, 10)	75	-16.5
(3, 9)	76	-11.625
(3, 10)	77	-21.0
(15, 3)	78	3
(15, 4)	79	-21
(15, 5)	80	-9
(2, 17)	81	-18
(7, 11)	82	-24.0
(7, 12)	83	-21
(3, 11)	84	-18.0
(3, 12)	85	-18
(1, 13)	86	0.0
(10, 8)	87	-3.0
(10, 9)	88	3
(2, 18)	89	-1.5
(2, 19)	90	-6
(7, 13)	91	-15.0
(7, 14)	92	-9
(8, 3)	93	-12
(1, 14)	94	-24
(15, 6)	95	-27
(15, 7)	96	-33
(16, 1)	97	-45.0
(16, 2)	98	-69.0
(17, 1)	99	-90.0
(1, 15)	100	9.0
(1, 16)	101	0
(15, 8)	102	0.0
(2, 20)	103	0
(2, 21)	104	0
(3, 13)	105	9.75
(11, 4)	106	6.0
(11, 5)	107	16.5
(11, 6)	108	21.0
(11, 7)	109	21.0
(18, 1)	110	24.00000000052387
(2, 22)	111	-6
(3, 14)	112	0
(1, 17)	113	0.75
(15, 9)	114	3
(2, 23)	115	-3.0
(7, 15)	116	-3
(7, 16)	117	-6.0
(7, 17)	118	-15
(3, 15)	119	-15.375
(1, 18)	120	-12
(2, 24)	121	-6.0
(2, 25)	122	-6
(7, 18)	123	-9
(7, 19)	124	-12.0
(8, 4)	125	-18.0
(4, 7)	126	-33
(13, 2)	127	-36
(1, 19)	128	9.0
(1, 20)	129	0
(1, 21)	130	6
(2, 26)	131	6
(2, 27)	132	6
(7, 20)	133	-3.0
(8, 5)	134	-12
(4, 8)	135	-10.5
(4, 9)	136	-10.5
(4, 10)	137	-18.0
(6, 2)	138	-6.0
(1, 22)	139	9.0
(1, 23)	140	-12
(10, 10)	141	-9
(19, 1)	142	6
(14, 2)	143	-6.0
(11, 8)	144	27
(11, 9)	145	30.0
(1, 24)	146	6
(15, 10)	147	-3
(15, 11)	148	-3
(2, 28)	149	-18.0
(2, 29)	150	-24
(7, 21)	151	-33
(8, 6)	152	-30.0
(8, 7)	153	-42.0
(4, 11)	154	-45.0
(2, 30)	155	-6
(7, 22)	156	-12.0
(7, 23)	157	-9.0
(7, 24)	158	-15
(1, 25)	159	0
(1, 26)	160	0.0
(15, 12)	161	-9
(15, 13)	162	-21
(2, 31)	163	-30
(2, 32)	164	-30
(7, 25)	165	-33.0
(8, 8)	166	-39.0
(8, 9)	167	-52.5
(1, 27)	168	6
(10, 11)	169	9.0
(10, 12)	170	15
(2, 33)	171	12
(2, 34)	172	6
(2, 35)	173	12
(14, 3)	174	0.0
(11, 10)	175	10.5
(18, 2)	176	24.0
(18, 3)	177	24
(10, 13)	178	0.0
(10, 14)	179	-15
(14, 4)	180	-12.0
(4, 12)	181	-3
(1, 28)	182	0
(15, 14)	183	-24.0
(15, 15)	184	-45
(16, 3)	185	-66
(7, 26)	186	-63
(8, 10)	187	-75.0
(9, 2)	188	-87
(2, 36)	189	0
(2, 37)	190	0
(2, 38)	191	-12
(2, 39)	192	-12
(14, 5)	193	-6.0
(14, 6)	194	-3
(3, 16)	195	-9.0
(1, 29)	196	-3.0
(1, 30)	197	-24
(15, 16)	198	-27
(15, 17)	199	-15
(2, 40)	200	-21.0
(2, 41)	201	-24
(2, 42)	202	-36
(2, 43)	203	-24
(14, 7)	204	-27
(3, 17)	205	-18.0
(3, 18)	206	-12
