(1, 1)	0	-2.682209014892578e-07
(1, 2)	1	0.0
(1, 3)	2	0.0
(2, 1)	3	3.0
(2, 2)	4	-3.0
(3, 1)	5	-6
(3, 2)	6	-6
(4, 1)	7	-9
(5, 1)	8	3.0
(6, 1)	9	5.132743835449219
(7, 1)	10	4.371137754991651
(7, 2)	11	4.5021971091628075
(8, 1)	12	-9.9140625
(1, 4)	13	-24.0
(1, 5)	14	-24
(2, 3)	15	-36.0
(2, 4)	16	-39
(2, 5)	17	-57
(3, 3)	18	-60
(3, 4)	19	-48
(9, 1)	20	-63
(5, 2)	21	-55.5
(5, 3)	22	-37.5
(6, 2)	23	-36.234375
(7, 3)	24	-42.0
(8, 2)	25	-34.5
(1, 6)	26	-4.5
(1, 7)	27	-9.0
(1, 8)	28	-4.5
(2, 6)	29	-25.5
(2, 7)	30	-51
(2, 8)	31	-57
(10, 1)	32	-72.0
(10, 2)	33	-90
(11, 1)	34	-90.0
(12, 1)	35	-96
(1, 9)	36	-13.125
(13, 1)	37	-9.0
(3, 5)	38	-13.5
(3, 6)	39	-15.0
(3, 7)	40	-9.0
(4, 2)	41	-24.375
(4, 3)	42	-27.0
(14, 1)	43	-30.0
(14, 2)	44	-42
(6, 3)	45	-27.46875
(1, 10)	46	0.0
(1, 11)	47	3.0
(1, 12)	48	0.0
(2, 9)	49	-15
(3, 8)	50	-4.5
(3, 9)	51	-6.0
(4, 4)	52	-24.0
(4, 5)	53	-9.0
(14, 3)	54	-22.5
(14, 4)	55	-22.5
(6, 4)	56	-44.25
(15, 1)	57	-46.5
(1, 13)	58	0
(1, 14)	59	0
(2, 10)	60	-12.0
(3, 10)	61	-3.375
(3, 11)	62	-12.0
(3, 12)	63	-36
(3, 13)	64	-30
(4, 6)	65	-27.0
(5, 4)	66	-22.875
(6, 5)	67	-4.5
(1, 15)	68	3.0
(3, 14)	69	6.0
(3, 15)	70	6
(3, 16)	71	9.0
(9, 2)	72	9
(6, 6)	73	-2.9296875
(7, 4)	74	19.5
(7, 5)	75	18
(16, 1)	76	9.0
(1, 16)	77	-18
(2, 11)	78	-18.0
(3, 17)	79	-30.0
(3, 18)	80	-36
(3, 19)	81	-30
(4, 7)	82	-45.0
(14, 5)	83	-60.0
(17, 1)	84	-63
(1, 17)	85	8.625
(13, 2)	86	3
(3, 20)	87	8.625
(3, 21)	88	3.0
(5, 5)	89	6.0
(5, 6)	90	12
(5, 7)	91	24
(18, 1)	92	27.0
(18, 2)	93	27.0
(18, 3)	94	33
(19, 1)	95	51.75
(19, 2)	96	54.0
(1, 18)	97	-21.0
(1, 19)	98	-12
(2, 12)	99	-27
(3, 22)	100	-36
(4, 8)	101	-51
(4, 9)	102	-57
(4, 10)	103	-63
(14, 6)	104	-75.0
(17, 2)	105	-75
(1, 20)	106	0
(1, 21)	107	3.0
(13, 3)	108	3.0
(20, 1)	109	12
(20, 2)	110	18
(21, 1)	111	33
(21, 2)	112	33
(22, 1)	113	42.0
(18, 4)	114	51.0
(1, 22)	115	0
(2, 13)	116	3
(2, 14)	117	-9.0
(3, 23)	118	-18
(9, 3)	119	-18.0
(5, 8)	120	-3.0
(18, 5)	121	-9.0
(18, 6)	122	-3.75
(19, 3)	123	12.0
(1, 23)	124	0
(1, 24)	125	-6
(13, 4)	126	-3
(3, 24)	127	0
(4, 11)	128	-6.0
(4, 12)	129	-9.0
(1, 25)	130	0.0
(1, 26)	131	-4.5
(1, 27)	132	0
(3, 25)	133	-12.0
(3, 26)	134	-15.0
(4, 13)	135	-24.0
(14, 7)	136	-33.0
(14, 8)	137	-37.5
(14, 9)	138	-45.0
(17, 3)	139	-57
(1, 28)	140	-24
(1, 29)	141	-6
(2, 15)	142	-21
(2, 16)	143	-15
(10, 3)	144	-18.0
(10, 4)	145	-24
(5, 9)	146	-28.5
(5, 10)	147	-30.0
(5, 11)	148	-27.0
(1, 30)	149	-24
(1, 31)	150	-48
(1, 32)	151	-48
(13, 5)	152	-27
(3, 27)	153	-42
(4, 14)	154	-60.0
(4, 15)	155	-69
(4, 16)	156	-72.0
(14, 10)	157	-78.0
(14, 11)	158	-87.0
(14, 12)	159	-96
(17, 4)	160	-99
(1, 33)	161	0
(1, 34)	162	0.0
(2, 17)	163	-3.0
(14, 13)	164	-12
(14, 14)	165	-24.0
(17, 5)	166	-27.0
(1, 35)	167	4.125
(3, 28)	168	0.0
(3, 29)	169	-15.75
(3, 30)	170	0.0
(5, 12)	171	6.0
(6, 7)	172	-9.75
(6, 8)	173	-4.3125
(2, 18)	174	3.0
(1, 36)	175	6
(1, 37)	176	0
(2, 19)	177	-3
(3, 31)	178	-3.0
(3, 32)	179	-6
(5, 13)	180	-10.5
(2, 20)	181	-15
(4, 17)	182	-30.0
(14, 15)	183	-36.0
(6, 9)	184	-42.0
(6, 10)	185	-45
(3, 33)	186	0
(3, 34)	187	-6.0
(3, 35)	188	-18
(9, 4)	189	-15
(5, 14)	190	0
(2, 21)	191	-18.0
(4, 18)	192	-30.0
(4, 19)	193	-39
(4, 20)	194	-39
(5, 15)	195	-33.0
(6, 11)	196	-27.0
(1, 38)	197	0.0
(13, 6)	198	3.0
(3, 36)	199	0.0
(3, 37)	200	-3.0
(3, 38)	201	6
(3, 39)	202	3.0
(4, 21)	203	3
(1, 39)	204	0
(3, 40)	205	-3.0
(3, 41)	206	-6
(9, 5)	207	-9.0
(9, 6)	208	-3
(3, 42)	209	-18
(1, 40)	210	6.0
(9, 7)	211	3.0
(9, 8)	212	9
(3, 43)	213	0
(4, 22)	214	-9
(4, 23)	215	-15
(5, 16)	216	-18
(15, 2)	217	-42
(1, 41)	218	0
(1, 42)	219	0.0
(3, 44)	220	-6
(4, 24)	221	0.0
(4, 25)	222	-3
(14, 16)	223	-21.0
(14, 17)	224	-24
