(1, 1)	0	0.0
(1, 2)	1	-9.0
(1, 3)	2	0
(2, 1)	3	-21
(2, 2)	4	-15
(2, 3)	5	-9
(3, 1)	6	-24
(4, 1)	7	-21
(5, 1)	8	-30
(6, 1)	9	-33.0
(6, 2)	10	-48.0
(6, 3)	11	-57
(7, 1)	12	-54
(1, 4)	13	0
(1, 5)	14	6.0
(2, 4)	15	-9
(8, 1)	16	-9.0
(8, 2)	17	-18
(8, 3)	18	-24
(9, 1)	19	-15
(5, 2)	20	-18
(6, 4)	21	-23.625
(6, 5)	22	-31.125
(7, 2)	23	-42
(1, 6)	24	0
(1, 7)	25	3.0
(1, 8)	26	-6
(8, 4)	27	-12
(8, 5)	28	0
(8, 6)	29	-12
(5, 3)	30	0.0
(5, 4)	31	6
(5, 5)	32	6
(10, 1)	33	30.0
(10, 2)	34	21.0
(11, 1)	35	12.0
(11, 2)	36	22.5
(11, 3)	37	12.0
(12, 1)	38	24.0
(1, 9)	39	-3.0
(13, 1)	40	-3
(8, 7)	41	0.0
(8, 8)	42	12
(9, 2)	43	6.0
(9, 3)	44	0.0
(5, 6)	45	3.0
(5, 7)	46	0.0
(10, 3)	47	3.0
(10, 4)	48	15.0
(10, 5)	49	15
(14, 1)	50	18
(1, 10)	51	0.0
(1, 11)	52	-24
(1, 12)	53	-6
(13, 2)	54	-9
(8, 9)	55	-12.0
(8, 10)	56	-6
(4, 2)	57	-18.0
(4, 3)	58	-15
(15, 1)	59	-27.0
(15, 2)	60	-36
(15, 3)	61	-48
(16, 1)	62	-51
(1, 13)	63	6.0
(2, 5)	64	3
(2, 6)	65	9
(3, 2)	66	-6.0
(4, 4)	67	-12.0
(4, 5)	68	-18.0
(11, 4)	69	-34.5
(17, 1)	70	-24.0
(1, 14)	71	0
(13, 3)	72	3.0
(13, 4)	73	3
(8, 11)	74	12
(9, 4)	75	15
(9, 5)	76	18.0
(9, 6)	77	27
(18, 1)	78	25.5
(11, 5)	79	36.0
(1, 15)	80	0
(13, 5)	81	-3
(13, 6)	82	-21
(13, 7)	83	-3
(19, 1)	84	0
(19, 2)	85	0
(19, 3)	86	12
(10, 6)	87	42.0
(10, 7)	88	45
(14, 2)	89	48
(1, 16)	90	3.0
(1, 17)	91	0
(2, 7)	92	6.0
(2, 8)	93	-9
(3, 3)	94	-12
(15, 4)	95	-18.0
(6, 6)	96	-19.5
(6, 7)	97	-19.5
(11, 6)	98	-18.0
(1, 18)	99	0
(1, 19)	100	-6.0
(2, 9)	101	-9
(2, 10)	102	-24.0
(8, 12)	103	-24
(4, 6)	104	-33.0
(4, 7)	105	-39
(15, 5)	106	-45.0
(16, 2)	107	-57
