Loss	[160]	156	-180
Loss	[110]	126	-180
Loss	[150]	150	-180
Loss	[120]	126	-180
Loss	[110]	108	-180
Win	[140]	180	-147
Win	[190]	180	-177
Loss	[150]	162	-180
Loss	[150]	135	-180
Loss	[140]	81	-180
Loss	[140]	153	-180
Loss	[120]	108	-180
Loss	[140]	144	-180
Loss	[130]	111	-180
Loss	[180]	177	-180
Loss	[190]	162	-180
Loss	[150]	138	-180
Loss	[150]	162	-180
Loss	[110]	126	-180
Loss	[140]	126	-180
Loss	[180]	165	-180
Loss	[180]	177	-180
Loss	[180]	159	-180
Loss	[140]	144	-180
Loss	[200]	177	-180
Win	[200]	180	-171
Loss	[240]	177	-180
Win	[140]	180	-165
Win	[200]	180	-177
Loss	[140]	147	-180
Loss	[130]	153	-180
Loss	[130]	114	-180
Loss	[180]	177	-180
Loss	[140]	144	-180
Win	[140]	180	-138
Loss	[200]	171	-180
Win	[150]	180	-171
Win	[160]	180	-156
Win	[160]	180	-150
Win	[140]	180	-132
Win	[150]	180	-150
Win	[170]	180	-153
Win	[140]	180	-150
Win	[170]	180	-156
Loss	[140]	147	-180
Loss	[160]	153	-180
Loss	[160]	156	-180
Win	[140]	180	-132
Loss	[180]	171	-180
Win	[160]	180	-156
Win	[190]	180	-177
Win	[150]	180	-150
Loss	[160]	162	-180
Loss	[170]	171	-180
Loss	[180]	171	-180
Win	[180]	180	-159
Win	[140]	180	-129
Win	[150]	180	-159
Loss	[180]	177	-180
Loss	[170]	159	-180
Loss	[170]	165	-180
Win	[190]	180	-177
Win	[150]	180	-132
Loss	[190]	165	-180
Win	[150]	180	-144
Loss	[170]	165	-180
Loss	[130]	141	-180
Loss	[120]	141	-180
Win	[180]	180	-162
Win	[140]	180	-129
Loss	[150]	162	-180
Win	[140]	180	-138
Win	[140]	180	-132
Win	[160]	180	-138
Win	[150]	180	-156
Loss	[150]	156	-180
Win	[130]	180	-150
Loss	[120]	147	-180
Win	[140]	180	-138
Loss	[190]	177	-180
Win	[140]	180	-141
Win	[130]	180	-138
Win	[110]	180	-120
Loss	[170]	171	-180
Win	[140]	180	-150
Loss	[170]	159	-180
Win	[140]	180	-144
Win	[160]	180	-144
Win	[140]	180	-156
Loss	[110]	108	-180
Win	[170]	180	-150
Win	[160]	180	-144
Win	[140]	180	-159
Loss	[140]	153	-180
Win	[170]	180	-147
Win	[150]	180	-138
Loss	[190]	177	-180
Win	[130]	180	-117
Win	[140]	180	-144
Win	[210]	180	-177
Loss	[180]	177	-180
Win	[150]	180	-150
Win	[180]	180	-159
Win	[150]	180	-132
Win	[140]	180	-141
Loss	[140]	156	-180
Win	[200]	180	-165
Win	[140]	180	-150
Loss	[140]	144	-180
Win	[150]	180	-132
Loss	[180]	177	-180
Win	[120]	180	-123
Win	[140]	180	-114
Win	[150]	180	-132
Win	[160]	180	-150
Win	[170]	180	-150
Win	[170]	180	-147
Win	[150]	180	-132
Win	[180]	180	-153
Win	[130]	180	-123
Win	[170]	180	-147
Win	[190]	180	-153
Win	[150]	180	-138
Win	[150]	180	-138
Win	[130]	180	-129
Win	[130]	180	-150
Win	[130]	180	-138
Win	[150]	180	-150
Win	[140]	180	-132
Win	[160]	180	-141
Win	[140]	180	-129
Win	[150]	180	-144
Win	[150]	180	-144
Win	[140]	180	-132
Win	[160]	180	-156
Win	[160]	180	-144
Win	[130]	180	-126
Win	[140]	180	-132
Win	[140]	180	-123
Win	[140]	180	-138
Win	[170]	180	-159
Win	[140]	180	-123
Loss	[130]	129	-180
Win	[150]	180	-150
Win	[190]	180	-159
Win	[150]	180	-132
Win	[190]	180	-153
Win	[160]	180	-138
Win	[140]	180	-117
Win	[190]	180	-159
Win	[160]	180	-150
Win	[140]	180	-135
Win	[150]	180	-144
Win	[160]	180	-165
Win	[140]	180	-147
Win	[140]	180	-138
Win	[150]	180	-144
Win	[140]	180	-144
Loss	[140]	141	-180
Loss	[160]	171	-180
Win	[140]	180	-138
Win	[150]	180	-150
Win	[180]	180	-171
Win	[180]	180	-171
Win	[160]	180	-162
Win	[140]	180	-156
Win	[150]	180	-150
Win	[150]	180	-138
Win	[150]	180	-150
Win	[140]	180	-138
Win	[150]	180	-144
Win	[130]	180	-135
Win	[160]	180	-138
Win	[150]	180	-162
Loss	[160]	150	-180
Win	[150]	180	-132
Win	[150]	180	-144
Win	[140]	180	-126
Win	[160]	180	-144
Win	[150]	180	-165
Win	[160]	180	-144
Win	[140]	180	-141
Win	[150]	180	-144
Win	[130]	180	-123
Win	[140]	180	-141
Win	[160]	180	-138
Win	[150]	180	-156
Win	[140]	180	-135
Win	[150]	180	-138
Win	[160]	180	-150
Win	[140]	180	-144
Win	[160]	180	-144
Win	[140]	180	-129
Win	[140]	180	-129
Win	[190]	180	-165
Win	[140]	180	-141
Win	[140]	180	-141
Win	[140]	180	-144
Win	[170]	180	-147
Win	[140]	180	-135
Win	[170]	180	-162
Win	[140]	180	-138
Win	[140]	180	-129
Win	[160]	180	-132
Win	[160]	180	-138
Win	[150]	180	-132
Win	[160]	180	-138
Win	[150]	180	-144
Win	[140]	180	-135
Win	[120]	180	-123
Win	[140]	180	-141
Win	[140]	180	-135
Win	[120]	180	-111
Win	[140]	180	-141
Win	[190]	180	-177
Loss	[110]	126	-180
Win	[150]	180	-144
Win	[150]	180	-132
Win	[150]	180	-144
Win	[140]	180	-138
Win	[170]	180	-162
Win	[150]	180	-138
Loss	[210]	171	-180
Win	[150]	180	-138
Win	[120]	180	-105
Win	[160]	180	-144
Win	[150]	180	-138
Win	[150]	180	-150
Win	[140]	180	-135
Win	[150]	180	-138
Win	[160]	180	-144
Win	[140]	180	-129
Win	[150]	180	-126
Loss	[160]	159	-180
Win	[140]	180	-150
Win	[140]	180	-123
Win	[150]	180	-132
Win	[140]	180	-135
Win	[130]	180	-111
Win	[140]	180	-135
Win	[140]	180	-117
Loss	[140]	144	-180
Win	[160]	180	-144
Win	[140]	180	-135
Win	[150]	180	-126
Win	[140]	180	-129
Win	[140]	180	-135
Win	[150]	180	-126
Loss	[130]	144	-180
Win	[140]	180	-132
Win	[150]	180	-132
Win	[140]	180	-144
Win	[140]	180	-132
Win	[140]	180	-132
Win	[140]	180	-135
Win	[140]	180	-138
Win	[150]	180	-126
Win	[190]	180	-171
Win	[160]	180	-156
Win	[170]	180	-150
Win	[170]	180	-165
Win	[160]	180	-150
Win	[150]	180	-132
Win	[160]	180	-150
Loss	[110]	150	-180
Win	[140]	180	-132
Win	[150]	180	-150
Win	[130]	180	-117
Win	[140]	180	-135
Win	[150]	180	-138
Loss	[150]	171	-180
Win	[140]	180	-135
Win	[140]	180	-135
Win	[140]	180	-126
Win	[140]	180	-129
Win	[140]	180	-135
Win	[140]	180	-126
Win	[140]	180	-138
Loss	[130]	135	-180
Win	[180]	180	-156
Win	[140]	180	-135
Win	[160]	180	-138
Win	[160]	180	-144
Win	[140]	180	-141
Win	[140]	180	-138
Win	[160]	180	-138
Win	[160]	180	-138
Win	[160]	180	-156
Win	[150]	180	-138
Win	[140]	180	-147
Win	[140]	180	-135
Win	[150]	180	-138
Win	[160]	180	-150
Win	[150]	180	-132
Win	[150]	180	-138
Win	[150]	180	-138
Win	[140]	180	-126
Win	[140]	180	-138
Win	[140]	180	-126
Win	[140]	180	-135
Win	[150]	180	-144
Win	[140]	180	-141
Win	[140]	180	-129
Win	[150]	180	-150
Win	[140]	180	-135
Win	[150]	180	-138
Win	[120]	180	-105
Win	[140]	180	-141
Win	[150]	180	-144
Win	[140]	180	-141
Win	[140]	180	-129
Win	[130]	180	-156
Win	[150]	180	-132
Win	[160]	180	-150
Win	[160]	180	-138
Win	[140]	180	-132
Win	[180]	180	-159
Win	[150]	180	-132
Win	[150]	180	-132
Win	[150]	180	-138
Win	[140]	180	-144
Win	[160]	180	-150
Win	[140]	180	-141
Win	[130]	180	-123
Win	[150]	180	-132
Win	[140]	180	-120
Win	[150]	180	-132
Win	[120]	180	-117
Win	[130]	180	-135
Win	[140]	180	-132
Win	[140]	180	-132
Loss	[140]	147	-180
Win	[150]	180	-132
Win	[150]	180	-138
Win	[180]	180	-159
Win	[150]	180	-120
Win	[140]	180	-135
Win	[180]	180	-144
Win	[150]	180	-144
Win	[160]	180	-132
Win	[150]	180	-144
Win	[150]	180	-159
Win	[150]	180	-132
Win	[140]	180	-138
Win	[150]	180	-138
Win	[160]	180	-162
Loss	[130]	141	-180
Win	[140]	180	-135
Win	[150]	180	-132
Win	[170]	180	-168
Win	[160]	180	-150
Win	[140]	180	-138
Win	[160]	180	-132
Win	[150]	180	-138
Win	[130]	180	-129
Win	[150]	180	-147
Win	[160]	180	-150
Win	[150]	180	-144
Win	[160]	180	-132
Loss	[120]	147	-180
Win	[150]	180	-132
Win	[140]	180	-135
Win	[160]	180	-138
Win	[160]	180	-174
Win	[140]	180	-138
Win	[130]	180	-111
Win	[160]	180	-162
Win	[140]	180	-135
Win	[160]	180	-144
Win	[140]	180	-138
Win	[160]	180	-144
Win	[160]	180	-138
Win	[160]	180	-132
Win	[140]	180	-138
Win	[150]	180	-138
Win	[140]	180	-141
Win	[160]	180	-144
Win	[140]	180	-138
Win	[140]	180	-141
Win	[140]	180	-120
Win	[140]	180	-132
Win	[140]	180	-141
Win	[140]	180	-135
Win	[160]	180	-138
Win	[150]	180	-126
Win	[170]	180	-138
Win	[150]	180	-129
Win	[160]	180	-150
Win	[140]	180	-135
Win	[150]	180	-132
Win	[140]	180	-135
Win	[150]	180	-147
Win	[200]	180	-165
Win	[150]	180	-138
Win	[130]	180	-120
Win	[140]	180	-138
Win	[130]	180	-129
Win	[130]	180	-117
Win	[130]	180	-129
Win	[140]	180	-132
Win	[140]	180	-141
Win	[140]	180	-141
Win	[180]	180	-177
Win	[160]	180	-150
Win	[130]	180	-129
Win	[130]	180	-126
Win	[160]	180	-150
Win	[140]	180	-135
Win	[140]	180	-126
Win	[140]	180	-141
Win	[170]	180	-141
Win	[140]	180	-138
Win	[160]	180	-150
Win	[140]	180	-144
Win	[150]	180	-138
Win	[150]	180	-138
Win	[140]	180	-144
Win	[160]	180	-138
Win	[150]	180	-126
Win	[170]	180	-165
Win	[140]	180	-132
Win	[170]	180	-144
Win	[160]	180	-150
Win	[140]	180	-132
Win	[150]	180	-144
Win	[150]	180	-144
Win	[150]	180	-132
Win	[130]	180	-120
Win	[130]	180	-135
Win	[150]	180	-144
Win	[140]	180	-135
Win	[150]	180	-138
Win	[140]	180	-138
Win	[150]	180	-132
Win	[140]	180	-135
Win	[180]	180	-159
Win	[140]	180	-141
Win	[140]	180	-123
Win	[170]	180	-159
Win	[160]	180	-138
Win	[150]	180	-138
Win	[160]	180	-132
Win	[140]	180	-141
Win	[140]	180	-138
Win	[150]	180	-150
Win	[160]	180	-132
Win	[140]	180	-141
Win	[130]	180	-111
Win	[160]	180	-144
Win	[160]	180	-144
Loss	[190]	177	-180
Loss	[140]	144	-180
Loss	[130]	138	-180
Loss	[180]	171	-180
Loss	[130]	174	-180
Loss	[120]	171	-180
Win	[140]	180	-177
Loss	[120]	174	-180
Loss	[110]	132	-180
Loss	[130]	138	-180
Win	[150]	180	-144
Loss	[140]	138	-180
Loss	[130]	147	-180
Win	[140]	180	-165
Loss	[140]	144	-180
Loss	[170]	165	-180
Loss	[130]	144	-180
Win	[130]	180	-156
Loss	[140]	150	-180
Loss	[130]	138	-180
Win	[130]	180	-162
Win	[140]	180	-159
Loss	[130]	135	-180
Win	[130]	180	-174
Loss	[140]	144	-180
Loss	[130]	138	-180
Loss	[140]	144	-180
Win	[150]	180	-144
Win	[150]	180	-138
Win	[140]	180	-132
Win	[180]	180	-165
Win	[140]	180	-138
Win	[140]	180	-129
Loss	[140]	156	-180
Loss	[120]	138	-180
Win	[140]	180	-126
Win	[140]	180	-135
Win	[150]	180	-144
Win	[130]	180	-123
Win	[150]	180	-126
Win	[130]	180	-126
Win	[150]	180	-132
Win	[140]	180	-135
Win	[150]	180	-138
Win	[160]	180	-156
Win	[140]	180	-138
Win	[140]	180	-138
Win	[140]	180	-129
Loss	[140]	138	-180
Win	[140]	180	-141
Win	[190]	180	-156
Win	[140]	180	-135
Win	[140]	180	-138
Win	[160]	180	-150
Win	[160]	180	-156
Win	[140]	180	-129
Win	[160]	180	-138
Win	[140]	180	-138
Win	[160]	180	-150
Win	[140]	180	-129
Win	[150]	180	-150
Win	[160]	180	-159
Win	[140]	180	-126
Win	[140]	180	-135
Win	[170]	180	-156
Win	[170]	180	-168
Win	[160]	180	-162
Win	[160]	180	-156
Win	[170]	180	-156
Win	[130]	180	-129
Win	[150]	180	-138
Win	[150]	180	-138
Win	[150]	180	-144
Win	[150]	180	-144
Win	[160]	180	-150
Win	[140]	180	-141
Win	[180]	180	-171
Win	[160]	180	-150
Win	[160]	180	-150
Win	[150]	180	-138
Win	[150]	180	-156
Win	[140]	180	-135
Win	[140]	180	-159
Win	[140]	180	-162
Win	[170]	180	-156
Loss	[170]	165	-180
Win	[150]	180	-144
Win	[140]	180	-141
Win	[150]	180	-144
Win	[190]	180	-171
Win	[150]	180	-132
Loss	[140]	174	-180
Win	[150]	180	-150
Win	[180]	180	-162
Win	[140]	180	-138
Win	[160]	180	-159
Win	[140]	180	-135
Win	[160]	180	-150
Win	[170]	180	-177
Win	[140]	180	-168
Win	[180]	180	-165
Win	[140]	180	-135
Win	[130]	180	-117
Win	[150]	180	-150
Win	[140]	180	-147
Win	[160]	180	-162
Win	[150]	180	-138
Win	[140]	180	-132
Win	[150]	180	-138
Win	[150]	180	-138
Win	[150]	180	-132
Win	[150]	180	-144
Win	[150]	180	-138
Win	[130]	180	-117
Win	[150]	180	-138
Win	[150]	180	-144
Win	[150]	180	-144
Win	[150]	180	-138
Win	[140]	180	-141
Win	[140]	180	-111
Win	[170]	180	-156
Win	[160]	180	-156
Win	[170]	180	-162
Win	[140]	180	-132
Win	[130]	180	-126
Win	[180]	180	-177
Win	[140]	180	-138
Win	[150]	180	-156
Win	[140]	180	-135
Win	[170]	180	-150
Win	[150]	180	-150
Win	[140]	180	-135
Win	[140]	180	-123
Win	[160]	180	-144
Win	[150]	180	-138
Win	[170]	180	-150
Win	[120]	180	-111
Win	[140]	180	-129
Win	[130]	180	-123
Win	[160]	180	-150
Win	[140]	180	-129
Win	[140]	180	-141
Win	[140]	180	-132
Win	[150]	180	-162
Win	[140]	180	-129
Win	[170]	180	-156
Win	[140]	180	-138
Win	[120]	180	-117
Win	[130]	180	-111
Win	[140]	180	-135
Win	[130]	180	-117
Win	[160]	180	-150
Win	[170]	180	-162
Win	[170]	180	-156
Win	[160]	180	-156
Win	[150]	180	-138
Win	[150]	180	-156
Win	[140]	180	-129
Win	[130]	180	-123
Win	[150]	180	-162
Win	[160]	180	-150
Win	[150]	180	-126
Win	[150]	180	-144
Win	[150]	180	-144
Win	[150]	180	-138
Win	[150]	180	-150
Win	[140]	180	-138
Win	[150]	180	-138
Win	[150]	180	-138
Win	[140]	180	-147
Win	[150]	180	-138
Win	[180]	180	-174
Win	[150]	180	-150
Win	[160]	180	-162
Win	[140]	180	-126
Win	[130]	180	-126
Win	[150]	180	-138
Win	[140]	180	-132
Win	[150]	180	-144
Win	[170]	180	-150
Win	[160]	180	-150
Win	[140]	180	-138
Loss	[180]	171	-180
Win	[140]	180	-147
Win	[140]	180	-138
Win	[140]	180	-135
Win	[140]	180	-141
Win	[130]	180	-123
Win	[140]	180	-129
Win	[140]	180	-141
Win	[180]	180	-177
Win	[140]	180	-138
Win	[150]	180	-144
Win	[160]	180	-165
Win	[160]	180	-156
Win	[150]	180	-144
Win	[140]	180	-138
Win	[140]	180	-138
Win	[170]	180	-156
Win	[170]	180	-168
Win	[140]	180	-129
Win	[130]	180	-117
Win	[150]	180	-132
Win	[140]	180	-132
Win	[140]	180	-141
Win	[140]	180	-132
Win	[140]	180	-129
Win	[140]	180	-129
Win	[140]	180	-114
Win	[140]	180	-123
Loss	[140]	156	-180
Win	[150]	180	-156
Win	[150]	180	-144
Win	[130]	180	-123
Win	[160]	180	-138
Win	[130]	180	-135
Win	[160]	180	-150
Win	[130]	180	-129
Win	[140]	180	-138
Win	[140]	180	-141
Win	[150]	180	-138
Win	[150]	180	-138
Loss	[150]	150	-180
Win	[170]	180	-150
Win	[130]	180	-111
Win	[140]	180	-120
Win	[130]	180	-135
Win	[140]	180	-135
Win	[160]	180	-156
Win	[160]	180	-150
Win	[160]	180	-144
Win	[160]	180	-150
Win	[150]	180	-138
Win	[150]	180	-126
Win	[170]	180	-144
Win	[150]	180	-138
Win	[150]	180	-132
Win	[150]	180	-132
Win	[130]	180	-117
Win	[160]	180	-138
Win	[150]	180	-132
Win	[160]	180	-138
Win	[140]	180	-126
Win	[150]	180	-144
Win	[140]	180	-138
Win	[140]	180	-123
Win	[150]	180	-138
Win	[150]	180	-132
Win	[180]	180	-168
Win	[140]	180	-135
Win	[150]	180	-132
Win	[140]	180	-135
Win	[140]	180	-129
Win	[140]	180	-138
Win	[150]	180	-144
Win	[120]	180	-111
Win	[140]	180	-129
Win	[140]	180	-135
Win	[120]	180	-117
Win	[140]	180	-123
Win	[130]	180	-123
Win	[140]	180	-132
Loss	[140]	138	-180
Win	[140]	180	-144
Win	[150]	180	-150
Win	[150]	180	-138
Win	[130]	180	-117
Win	[130]	180	-123
Win	[150]	180	-132
Win	[140]	180	-120
Win	[140]	180	-135
Win	[160]	180	-147
Win	[150]	180	-138
Win	[140]	180	-120
Win	[140]	180	-132
Win	[150]	180	-138
Win	[130]	180	-111
Win	[140]	180	-141
Win	[150]	180	-132
Win	[150]	180	-132
Win	[140]	180	-132
Win	[150]	180	-132
Win	[160]	180	-156
Win	[150]	180	-126
Win	[150]	180	-144
Win	[150]	180	-132
Win	[150]	180	-132
Win	[160]	180	-138
Win	[150]	180	-132
Loss	[130]	147	-180
Loss	[180]	171	-180
Win	[150]	180	-162
Win	[160]	180	-174
Win	[140]	180	-135
Win	[140]	180	-129
Win	[130]	180	-123
Win	[160]	180	-144
Win	[160]	180	-144
Win	[150]	180	-132
Win	[150]	180	-162
Loss	[140]	171	-180
Win	[140]	180	-135
Win	[130]	180	-126
Win	[150]	180	-150
Win	[140]	180	-126
Win	[140]	180	-129
Win	[150]	180	-156
Win	[140]	180	-147
Win	[160]	180	-138
Win	[150]	180	-156
Win	[150]	180	-162
Win	[140]	180	-147
Win	[150]	180	-150
Win	[140]	180	-117
Win	[170]	180	-177
Win	[170]	180	-156
Loss	[150]	156	-180
Win	[140]	180	-123
Win	[130]	180	-111
Win	[160]	180	-174
Win	[140]	180	-138
Win	[150]	180	-168
Win	[140]	180	-126
Win	[170]	180	-150
Loss	[140]	150	-180
Win	[120]	180	-123
Win	[150]	180	-156
Win	[160]	180	-150
Win	[140]	180	-141
Win	[130]	180	-117
Loss	[140]	144	-180
Win	[140]	180	-147
Win	[160]	180	-144
Win	[150]	180	-150
Win	[150]	180	-132
Win	[140]	180	-165
Win	[140]	180	-126
Win	[140]	180	-117
Win	[160]	180	-144
Win	[120]	180	-111
Win	[160]	180	-150
Win	[150]	180	-150
Win	[140]	180	-117
Win	[160]	180	-144
Win	[150]	180	-144
Win	[150]	180	-126
Win	[140]	180	-117
Win	[150]	180	-138
Win	[130]	180	-120
Loss	[120]	135	-180
Win	[170]	180	-153
Win	[150]	180	-144
Win	[140]	180	-144
Win	[150]	180	-132
Win	[140]	180	-144
Win	[170]	180	-150
Win	[150]	180	-156
Win	[150]	180	-150
Win	[140]	180	-141
Win	[150]	180	-144
Win	[140]	180	-141
Win	[140]	180	-147
Win	[150]	180	-126
Win	[140]	180	-123
Win	[150]	180	-150
Win	[140]	180	-141
Win	[150]	180	-144
Win	[150]	180	-144
Win	[140]	180	-132
Win	[160]	180	-150
Win	[150]	180	-144
Win	[150]	180	-144
Win	[200]	180	-171
Win	[140]	180	-138
Win	[150]	180	-162
Win	[140]	180	-144
Win	[150]	180	-162
Win	[150]	180	-156
Win	[140]	180	-117
Win	[140]	180	-126
Win	[160]	180	-150
Win	[140]	180	-144
Win	[130]	180	-123
Win	[160]	180	-138
Loss	[150]	177	-180
Win	[140]	180	-129
Win	[160]	180	-156
Win	[160]	180	-177
Win	[150]	180	-150
Win	[140]	180	-144
Win	[150]	180	-144
Win	[150]	180	-144
Win	[160]	180	-144
Win	[150]	180	-150
Win	[140]	180	-132
Win	[170]	180	-150
Win	[150]	180	-126
Win	[140]	180	-150
Win	[190]	180	-171
Win	[160]	180	-156
Win	[160]	180	-138
Win	[150]	180	-126
Win	[140]	180	-150
Win	[140]	180	-147
Win	[150]	180	-162
Win	[150]	180	-144
Win	[150]	180	-156
Win	[140]	180	-129
Win	[150]	180	-168
Win	[140]	180	-144
Win	[160]	180	-144
Win	[160]	180	-138
Win	[150]	180	-144
Win	[150]	180	-162
Win	[130]	180	-159
Win	[150]	180	-138
Win	[150]	180	-126
Loss	[150]	156	-180
Win	[140]	180	-126
Win	[150]	180	-126
Win	[130]	180	-111
Win	[150]	180	-132
Win	[160]	180	-138
Win	[170]	180	-150
Win	[150]	180	-150
Win	[140]	180	-129
Win	[140]	180	-141
Win	[150]	180	-138
Win	[150]	180	-132
Win	[140]	180	-144
Win	[140]	180	-144
Win	[150]	180	-138
Win	[190]	180	-171
Win	[140]	180	-132
Win	[170]	180	-144
Win	[150]	180	-132
Loss	[170]	177	-180
Win	[160]	180	-138
Win	[150]	180	-144
Win	[150]	180	-132
Win	[160]	180	-126
Win	[150]	180	-162
Win	[140]	180	-129
Win	[150]	180	-168
Win	[140]	180	-141
Win	[170]	180	-156
Win	[180]	180	-171
Win	[170]	180	-150
Win	[170]	180	-156
Win	[160]	180	-132
Win	[150]	180	-132
Win	[160]	180	-165
Win	[170]	180	-144
Win	[160]	180	-150
Win	[140]	180	-144
Win	[160]	180	-132
Win	[140]	180	-126
Win	[150]	180	-132
Win	[150]	180	-138
Win	[170]	180	-144
Win	[160]	180	-138
Win	[130]	180	-111
Win	[160]	180	-162
Win	[160]	180	-138
Win	[140]	180	-132
Win	[150]	180	-126
Win	[150]	180	-150
Win	[140]	180	-135
Win	[140]	180	-135
Win	[140]	180	-150
Win	[140]	180	-135
Win	[130]	180	-123
Win	[150]	180	-132
Win	[160]	180	-126
Win	[150]	180	-138
Win	[160]	180	-138
Win	[150]	180	-144
Win	[130]	180	-135
Win	[150]	180	-144
Win	[130]	180	-111
Win	[160]	180	-159
Win	[140]	180	-138
Win	[140]	180	-135
Win	[140]	180	-135
Win	[130]	180	-123
Win	[130]	180	-117
Win	[160]	180	-132
Win	[150]	180	-132
Win	[140]	180	-135
Win	[140]	180	-135
Win	[150]	180	-132
Win	[150]	180	-138
Win	[140]	180	-135
Win	[140]	180	-132
Win	[170]	180	-150
Win	[150]	180	-153
Win	[140]	180	-138
Win	[160]	180	-171
Win	[140]	180	-135
Win	[160]	180	-150
Win	[150]	180	-144
Win	[150]	180	-138
Win	[130]	180	-117
Win	[140]	180	-135
Win	[150]	180	-150
Win	[140]	180	-135
Win	[150]	180	-132
Win	[140]	180	-123
Win	[170]	180	-150
Win	[140]	180	-132
Win	[150]	180	-144
Win	[140]	180	-150
Win	[170]	180	-144
Win	[140]	180	-141
Win	[150]	180	-144
Win	[120]	180	-159
Loss	[150]	150	-180
Loss	[150]	144	-180
Win	[150]	180	-147
Win	[140]	180	-156
Loss	[170]	171	-180
Loss	[120]	141	-180
Win	[110]	180	-144
Win	[190]	180	-177
Loss	[150]	144	-180
Loss	[150]	156	-180
Loss	[130]	135	-180
Win	[120]	180	-159
Loss	[130]	141	-180
Win	[120]	180	-147
Loss	[140]	138	-180
Loss	[170]	165	-180
Loss	[130]	177	-180
Loss	[170]	177	-180
Loss	[160]	159	-180
Win	[190]	180	-177
Loss	[160]	168	-180
Win	[120]	180	-141
Loss	[150]	150	-180
Loss	[130]	135	-180
Loss	[120]	135	-180
Loss	[160]	162	-180
Loss	[150]	171	-180
Loss	[150]	153	-180
Loss	[150]	156	-180
Win	[150]	180	-177
Win	[130]	180	-156
Win	[150]	180	-132
Win	[140]	180	-138
Win	[160]	180	-138
Win	[130]	180	-135
Win	[160]	180	-138
Win	[170]	180	-144
Win	[160]	180	-132
Win	[130]	180	-129
Win	[140]	180	-123
Win	[170]	180	-159
Win	[140]	180	-132
Win	[170]	180	-153
Win	[150]	180	-138
Win	[150]	180	-132
Win	[140]	180	-141
Win	[150]	180	-126
Win	[170]	180	-144
Win	[160]	180	-156
Win	[170]	180	-138
Win	[140]	180	-141
Win	[160]	180	-171
Win	[150]	180	-132
Win	[150]	180	-132
Win	[150]	180	-138
Win	[130]	180	-141
Win	[140]	180	-138
Win	[140]	180	-132
Win	[150]	180	-138
Win	[150]	180	-144
Win	[140]	180	-138
Win	[140]	180	-135
Win	[140]	180	-135
Win	[140]	180	-144
Win	[160]	180	-150
Win	[130]	180	-117
Win	[140]	180	-138
Win	[150]	180	-144
Win	[170]	180	-150
Win	[160]	180	-150
Win	[150]	180	-138
Win	[150]	180	-138
Win	[160]	180	-144
Win	[140]	180	-135
Win	[150]	180	-132
Win	[140]	180	-138
Win	[160]	180	-144
Win	[160]	180	-144
Win	[140]	180	-135
Win	[160]	180	-132
Win	[150]	180	-132
Win	[140]	180	-135
Win	[130]	180	-117
Win	[150]	180	-150
Win	[150]	180	-138
Win	[140]	180	-141
Win	[140]	180	-141
Win	[160]	180	-132
Win	[150]	180	-132
Win	[150]	180	-138
Win	[170]	180	-144
Win	[150]	180	-138
Win	[160]	180	-138
Win	[150]	180	-147
Win	[140]	180	-135
Win	[150]	180	-138
Win	[160]	180	-144
Win	[160]	180	-132
Win	[150]	180	-144
Win	[150]	180	-132
Win	[140]	180	-135
Win	[140]	180	-123
Win	[140]	180	-135
Win	[150]	180	-144
Win	[160]	180	-138
Win	[130]	180	-129
Win	[160]	180	-144
Win	[150]	180	-138
Win	[170]	180	-150
Win	[150]	180	-138
Win	[140]	180	-138
Win	[150]	180	-138
Win	[160]	180	-150
Win	[140]	180	-120
Win	[140]	180	-135
Win	[140]	180	-144
Win	[140]	180	-138
Win	[150]	180	-138
Win	[160]	180	-138
Win	[160]	180	-162
Win	[140]	180	-126
Win	[140]	180	-120
Win	[140]	180	-141
Win	[180]	180	-156
Win	[150]	180	-138
Win	[150]	180	-144
Win	[150]	180	-144
Win	[140]	180	-135
Win	[150]	180	-150
Win	[140]	180	-111
Win	[150]	180	-138
Win	[140]	180	-135
Win	[140]	180	-147
Win	[170]	180	-132
Win	[150]	180	-132
Win	[140]	180	-138
Win	[140]	180	-138
Win	[150]	180	-132
Win	[150]	180	-132
Win	[150]	180	-150
Win	[140]	180	-138
Win	[130]	180	-129
Win	[150]	180	-132
Win	[150]	180	-132
Win	[140]	180	-144
Win	[130]	180	-120
Win	[140]	180	-141
Win	[140]	180	-135
Win	[150]	180	-153
Win	[150]	180	-132
Win	[150]	180	-132
Win	[160]	180	-153
Win	[120]	180	-111
Win	[140]	180	-123
Win	[140]	180	-138
Win	[130]	180	-123
Win	[130]	180	-105
Win	[140]	180	-126
Win	[150]	180	-138
Win	[160]	180	-144
Win	[130]	180	-123
Win	[160]	180	-144
Win	[130]	180	-117
Win	[130]	180	-117
Win	[140]	180	-141
Win	[150]	180	-150
Win	[140]	180	-138
Win	[140]	180	-132
Win	[180]	180	-156
Win	[130]	180	-111
Win	[140]	180	-141
Win	[140]	180	-123
Win	[120]	180	-111
Win	[150]	180	-132
Win	[150]	180	-132
Win	[140]	180	-135
Win	[140]	180	-138
Win	[150]	180	-132
Win	[140]	180	-123
Win	[150]	180	-150
Win	[150]	180	-135
Win	[160]	180	-144
Win	[140]	180	-135
Win	[150]	180	-150
Win	[150]	180	-132
Win	[150]	180	-138
Win	[140]	180	-135
Win	[130]	180	-117
Win	[130]	180	-117
Win	[170]	180	-141
Win	[160]	180	-150
Win	[170]	180	-156
Win	[140]	180	-123
Win	[140]	180	-138
Win	[120]	180	-123
Win	[150]	180	-132
Win	[150]	180	-132
Win	[120]	180	-117
Win	[120]	180	-123
Win	[150]	180	-144
Win	[150]	180	-138
Win	[140]	180	-135
Win	[170]	180	-144
Win	[140]	180	-135
Win	[150]	180	-138
Win	[140]	180	-129
Win	[150]	180	-138
Win	[160]	180	-168
Win	[150]	180	-153
Win	[150]	180	-138
Win	[140]	180	-120
Win	[160]	180	-165
Win	[150]	180	-150
Win	[140]	180	-135
Win	[130]	180	-117
Win	[130]	180	-129
Win	[140]	180	-138
Win	[160]	180	-168
Win	[150]	180	-144
Win	[200]	180	-165
Win	[160]	180	-138
Win	[160]	180	-156
Win	[150]	180	-132
Win	[140]	180	-135
Win	[160]	180	-144
Win	[160]	180	-150
Win	[170]	180	-159
Win	[140]	180	-135
Win	[150]	180	-150
Win	[140]	180	-123
Win	[140]	180	-141
Win	[160]	180	-132
Win	[140]	180	-138
Win	[120]	180	-111
Win	[140]	180	-147
Loss	[130]	141	-180
Win	[160]	180	-138
Win	[170]	180	-171
Win	[140]	180	-141
Win	[150]	180	-144
Win	[150]	180	-132
Win	[140]	180	-135
Win	[130]	180	-129
Win	[140]	180	-138
Win	[140]	180	-138
Win	[140]	180	-138
Loss	[170]	159	-180
Loss	[140]	114	-180
Loss	[150]	168	-180
Win	[140]	180	-141
Win	[150]	180	-153
Win	[140]	180	-138
Win	[140]	180	-138
Win	[160]	180	-138
Win	[140]	180	-138
Win	[130]	180	-129
Win	[140]	180	-129
Win	[120]	180	-117
Win	[140]	180	-135
Win	[160]	180	-126
Win	[150]	180	-126
Win	[150]	180	-144
Win	[140]	180	-135
Win	[140]	180	-138
Win	[150]	180	-144
Win	[130]	180	-117
Win	[130]	180	-141
Win	[150]	180	-138
Win	[160]	180	-138
Win	[130]	180	-135
Win	[160]	180	-159
Win	[140]	180	-129
Win	[140]	180	-138
Win	[150]	180	-126
Win	[160]	180	-144
Win	[120]	180	-117
Loss	[150]	153	-180
Loss	[150]	150	-180
Win	[150]	180	-144
Win	[160]	180	-150
Win	[140]	180	-141
Win	[160]	180	-153
Win	[150]	180	-126
Win	[140]	180	-135
Win	[140]	180	-135
Win	[170]	180	-150
Win	[140]	180	-132
Win	[150]	180	-138
Win	[150]	180	-138
Win	[140]	180	-141
Win	[160]	180	-144
Win	[140]	180	-135
Win	[140]	180	-141
Win	[140]	180	-135
Win	[140]	180	-141
Win	[140]	180	-135
Win	[150]	180	-126
Win	[170]	180	-159
Win	[160]	180	-144
Win	[140]	180	-129
Win	[140]	180	-138
Win	[160]	180	-138
Win	[140]	180	-147
Win	[150]	180	-138
Win	[150]	180	-132
Win	[150]	180	-138
Win	[140]	180	-135
Win	[140]	180	-117
Win	[160]	180	-144
Win	[160]	180	-144
Win	[160]	180	-144
Win	[130]	180	-129
Win	[150]	180	-132
Win	[140]	180	-135
Loss	[130]	144	-180
Win	[140]	180	-138
Win	[150]	180	-138
Win	[160]	180	-132
Win	[120]	180	-111
Win	[140]	180	-126
Win	[150]	180	-132
Win	[140]	180	-123
Win	[150]	180	-132
Win	[140]	180	-135
Win	[150]	180	-126
Win	[150]	180	-138
Win	[160]	180	-132
Win	[150]	180	-144
Win	[150]	180	-138
Win	[170]	180	-162
Win	[120]	180	-111
Win	[140]	180	-138
Win	[140]	180	-141
Loss	[180]	165	-180
Win	[160]	180	-162
Win	[140]	180	-129
Win	[140]	180	-141
Win	[140]	180	-135
Win	[150]	180	-132
Win	[160]	180	-138
Win	[160]	180	-150
Win	[140]	180	-138
Win	[130]	180	-135
Win	[160]	180	-138
Win	[140]	180	-141
Win	[140]	180	-132
Win	[190]	180	-165
Win	[150]	180	-144
Win	[160]	180	-150
Win	[150]	180	-132
Win	[160]	180	-138
Win	[130]	180	-129
Win	[140]	180	-141
Win	[130]	180	-129
Win	[140]	180	-138
Win	[150]	180	-144
Win	[140]	180	-141
Win	[140]	180	-138
Win	[170]	180	-150
Win	[150]	180	-138
Win	[150]	180	-138
Loss	[150]	153	-180
Win	[150]	180	-144
Win	[160]	180	-144
Win	[140]	180	-138
Win	[150]	180	-132
Win	[160]	180	-138
Win	[160]	180	-174
Win	[160]	180	-144
Win	[160]	180	-138
Win	[140]	180	-126
Win	[150]	180	-156
Win	[150]	180	-150
Win	[160]	180	-162
Win	[140]	180	-141
Win	[160]	180	-138
Win	[130]	180	-120
Win	[150]	180	-132
Win	[140]	180	-138
Win	[180]	180	-177
Win	[140]	180	-129
Win	[140]	180	-135
Win	[140]	180	-141
Win	[150]	180	-138
Win	[140]	180	-135
Win	[130]	180	-135
Win	[140]	180	-135
Win	[150]	180	-150
Win	[160]	180	-132
Win	[160]	180	-138
Win	[150]	180	-156
Win	[150]	180	-132
Win	[160]	180	-138
Win	[140]	180	-111
Win	[150]	180	-138
Win	[160]	180	-153
Win	[140]	180	-132
Win	[160]	180	-159
Win	[150]	180	-132
Win	[170]	180	-138
Win	[180]	180	-147
Win	[150]	180	-138
Win	[140]	180	-135
Win	[170]	180	-144
Win	[140]	180	-129
Win	[120]	180	-117
Win	[150]	180	-132
Win	[140]	180	-138
Win	[150]	180	-150
Win	[140]	180	-138
Win	[170]	180	-153
Win	[150]	180	-132
Win	[150]	180	-132
Win	[150]	180	-132
Win	[150]	180	-138
Win	[170]	180	-150
Win	[150]	180	-138
Win	[140]	180	-126
Win	[150]	180	-159
Win	[140]	180	-141
Win	[140]	180	-144
Win	[170]	180	-150
Win	[170]	180	-132
Win	[150]	180	-132
Win	[140]	180	-135
Win	[150]	180	-126
Win	[140]	180	-135
Win	[140]	180	-126
Win	[140]	180	-135
Win	[140]	180	-129
Win	[140]	180	-126
Win	[140]	180	-141
Win	[140]	180	-135
Win	[150]	180	-144
Win	[140]	180	-144
Win	[130]	180	-120
Win	[160]	180	-138
Win	[130]	180	-135
Win	[150]	180	-138
Win	[140]	180	-132
Win	[140]	180	-135
Win	[140]	180	-138
Win	[140]	180	-141
Win	[150]	180	-144
Win	[140]	180	-135
Win	[130]	180	-117
Win	[150]	180	-132
Win	[140]	180	-138
Win	[150]	180	-144
Win	[160]	180	-138
Win	[140]	180	-123
Win	[170]	180	-153
Win	[170]	180	-177
Win	[150]	180	-144
Win	[140]	180	-147
Win	[150]	180	-144
Win	[150]	180	-126
Win	[150]	180	-156
Win	[150]	180	-150
Win	[130]	180	-123
Win	[160]	180	-162
Win	[130]	180	-123
Win	[160]	180	-150
Win	[140]	180	-135
Loss	[190]	177	-180
Win	[140]	180	-141
Win	[120]	180	-111
Win	[150]	180	-132
Win	[130]	180	-117
Win	[150]	180	-156
Win	[160]	180	-138
Win	[120]	180	-117
Win	[150]	180	-144
Win	[130]	180	-123
Win	[140]	180	-138
Win	[150]	180	-144
Win	[150]	180	-132
Win	[150]	180	-144
Win	[150]	180	-150
Win	[140]	180	-144
Win	[140]	180	-123
Win	[160]	180	-150
Win	[140]	180	-135
Win	[140]	180	-135
Win	[140]	180	-129
Win	[160]	180	-138
Win	[150]	180	-156
Win	[130]	180	-117
Win	[150]	180	-126
Win	[140]	180	-135
Win	[160]	180	-144
Win	[170]	180	-153
Win	[140]	180	-150
Win	[150]	180	-126
Win	[140]	180	-132
Win	[170]	180	-138
Win	[140]	180	-135
Win	[140]	180	-138
Win	[140]	180	-132
Win	[140]	180	-135
Win	[150]	180	-138
Win	[170]	180	-150
Win	[140]	180	-132
Win	[160]	180	-144
Win	[150]	180	-126
Win	[150]	180	-138
Win	[180]	180	-165
Win	[150]	180	-138
Win	[150]	180	-138
Win	[130]	180	-123
Win	[130]	180	-111
Win	[160]	180	-144
Win	[150]	180	-132
Win	[140]	180	-126
Win	[130]	180	-117
Win	[150]	180	-138
Win	[140]	180	-132
Win	[140]	180	-135
Win	[150]	180	-126
Win	[130]	180	-123
Win	[130]	180	-129
Win	[140]	180	-144
Win	[150]	180	-150
Win	[150]	180	-126
Win	[150]	180	-144
Win	[160]	180	-144
Win	[150]	180	-138
Loss	[150]	153	-180
Win	[160]	180	-144
Win	[140]	180	-126
Win	[160]	180	-144
Win	[160]	180	-144
Win	[150]	180	-138
Win	[140]	180	-129
Win	[150]	180	-150
Win	[130]	180	-126
Win	[140]	180	-141
Win	[160]	180	-150
Win	[140]	180	-138
Win	[150]	180	-144
Win	[170]	180	-150
Win	[150]	180	-150
Win	[140]	180	-123
Win	[150]	180	-126
Win	[140]	180	-132
Win	[150]	180	-144
Win	[150]	180	-138
Win	[140]	180	-129
Win	[130]	180	-111
Win	[140]	180	-132
Win	[140]	180	-132
Win	[150]	180	-132
Win	[160]	180	-144
Win	[160]	180	-153
Win	[150]	180	-147
Win	[160]	180	-132
Win	[140]	180	-129
Win	[140]	180	-147
Win	[140]	180	-123
Win	[150]	180	-153
Win	[150]	180	-144
Win	[140]	180	-132
Win	[130]	180	-111
Win	[140]	180	-129
Win	[150]	180	-144
Win	[130]	180	-123
Win	[170]	180	-153
Win	[170]	180	-156
Win	[140]	180	-123
Win	[140]	180	-132
Win	[140]	180	-138
Win	[150]	180	-132
Win	[140]	180	-138
Win	[140]	180	-138
Win	[140]	180	-135
Win	[160]	180	-150
Win	[130]	180	-117
Win	[150]	180	-132
Win	[140]	180	-141
Win	[130]	180	-135
Win	[130]	180	-135
Win	[130]	180	-123
Win	[160]	180	-144
Win	[130]	180	-105
Win	[140]	180	-129
Win	[160]	180	-159
Win	[150]	180	-138
Win	[160]	180	-150
Win	[150]	180	-150
Win	[150]	180	-144
Win	[160]	180	-156
Win	[150]	180	-138
Win	[140]	180	-129
Win	[160]	180	-144
Win	[140]	180	-135
Win	[160]	180	-150
Win	[160]	180	-150
Win	[150]	180	-153
Win	[170]	180	-156
Win	[130]	180	-129
Win	[150]	180	-138
Win	[160]	180	-144
Win	[150]	180	-138
Win	[120]	180	-111
Win	[140]	180	-135
Win	[130]	180	-141
Win	[150]	180	-153
Win	[140]	180	-147
Win	[150]	180	-132
Win	[140]	180	-132
Win	[140]	180	-138
Win	[150]	180	-144
Win	[140]	180	-129
Win	[150]	180	-138
Win	[130]	180	-111
Win	[160]	180	-138
Win	[160]	180	-150
Win	[140]	180	-135
Win	[130]	180	-123
Win	[140]	180	-132
Win	[150]	180	-144
Win	[130]	180	-141
Win	[160]	180	-150
Win	[140]	180	-153
Loss	[140]	162	-180
Win	[140]	180	-150
Win	[140]	180	-150
Loss	[170]	171	-180
Loss	[160]	168	-180
Loss	[120]	141	-180
Win	[150]	180	-174
Loss	[140]	156	-180
Loss	[130]	153	-180
Loss	[160]	162	-180
Loss	[120]	165	-180
Loss	[140]	162	-180
Win	[150]	180	-150
Win	[170]	180	-150
Win	[140]	180	-156
Loss	[140]	147	-180
Win	[160]	180	-174
Win	[130]	180	-126
Win	[150]	180	-174
Win	[150]	180	-138
Win	[160]	180	-150
Win	[140]	180	-120
Win	[150]	180	-144
Win	[140]	180	-129
Win	[140]	180	-147
Win	[150]	180	-144
Win	[170]	180	-159
Win	[150]	180	-132
Win	[140]	180	-141
Win	[140]	180	-129
Win	[140]	180	-126
Win	[150]	180	-168
Win	[150]	180	-132
Win	[160]	180	-171
Win	[140]	180	-132
Win	[140]	180	-123
Win	[160]	180	-144
Win	[150]	180	-162
Win	[140]	180	-138
Win	[130]	180	-117
Win	[160]	180	-144
Win	[150]	180	-168
Loss	[180]	171	-180
Win	[130]	180	-111
Win	[120]	180	-117
Win	[140]	180	-132
Win	[140]	180	-141
Win	[160]	180	-150
Win	[160]	180	-174
Win	[140]	180	-123
Win	[140]	180	-159
Win	[150]	180	-162
Loss	[140]	159	-180
Win	[170]	180	-156
Win	[140]	180	-132
Win	[150]	180	-165
Win	[140]	180	-144
Win	[140]	180	-138
Win	[140]	180	-135
Win	[160]	180	-138
Win	[140]	180	-132
Win	[160]	180	-138
Win	[130]	180	-117
Win	[170]	180	-150
Win	[160]	180	-150
Win	[140]	180	-123
Win	[140]	180	-123
Win	[140]	180	-147
Win	[150]	180	-126
Win	[150]	180	-138
Win	[160]	180	-156
Win	[140]	180	-135
Win	[130]	180	-126
Win	[160]	180	-168
Win	[140]	180	-144
Win	[130]	180	-126
Win	[160]	180	-138
Win	[180]	180	-162
Win	[160]	180	-144
Win	[140]	180	-135
Win	[150]	180	-174
Loss	[130]	123	-180
Win	[140]	180	-147
Win	[150]	180	-132
Win	[140]	180	-132
Win	[150]	180	-138
Win	[150]	180	-168
Win	[150]	180	-144
Win	[150]	180	-165
Win	[150]	180	-150
Win	[160]	180	-150
Win	[160]	180	-144
Win	[150]	180	-144
Win	[160]	180	-144
Win	[150]	180	-150
Win	[130]	180	-129
Win	[160]	180	-150
Win	[160]	180	-159
Win	[170]	180	-156
Win	[160]	180	-177
Win	[150]	180	-144
Win	[160]	180	-150
Win	[150]	180	-168
Loss	[130]	144	-180
Win	[150]	180	-138
Win	[120]	180	-111
Win	[170]	180	-174
Win	[140]	180	-144
Win	[140]	180	-144
Win	[150]	180	-138
Win	[150]	180	-168
Win	[140]	180	-150
Win	[120]	180	-111
Win	[160]	180	-150
Win	[150]	180	-174
Loss	[150]	168	-180
Win	[160]	180	-159
Win	[160]	180	-150
Win	[150]	180	-168
Win	[140]	180	-138
Win	[140]	180	-132
Win	[140]	180	-126
Win	[150]	180	-168
Win	[150]	180	-144
Win	[140]	180	-138
Win	[150]	180	-138
Win	[160]	180	-150
Win	[140]	180	-132
Win	[140]	180	-138
Win	[160]	180	-138
Win	[170]	180	-138
Win	[170]	180	-150
Win	[140]	180	-129
Win	[140]	180	-135
Win	[140]	180	-132
Win	[180]	180	-171
Win	[160]	180	-144
Win	[130]	180	-129
Win	[150]	180	-150
Win	[160]	180	-150
Win	[130]	180	-117
Win	[160]	180	-150
Win	[160]	180	-132
Win	[130]	180	-141
Win	[140]	180	-135
Win	[140]	180	-135
Win	[140]	180	-135
Win	[150]	180	-144
Win	[150]	180	-126
Win	[130]	180	-123
Win	[140]	180	-129
Win	[160]	180	-144
Win	[150]	180	-132
Win	[160]	180	-150
Win	[140]	180	-135
Win	[150]	180	-150
Win	[160]	180	-144
Loss	[150]	162	-180
Win	[130]	180	-129
Win	[130]	180	-117
Win	[150]	180	-144
Win	[210]	180	-171
Win	[160]	180	-132
Win	[150]	180	-144
Win	[150]	180	-138
Win	[150]	180	-126
Win	[130]	180	-123
Win	[160]	180	-144
Win	[140]	180	-129
Win	[140]	180	-135
Win	[130]	180	-111
Win	[140]	180	-141
Win	[140]	180	-141
Win	[150]	180	-138
Win	[160]	180	-153
Win	[150]	180	-138
Win	[160]	180	-144
Win	[160]	180	-150
Win	[140]	180	-132
Win	[150]	180	-132
Win	[130]	180	-117
Win	[130]	180	-144
Win	[140]	180	-141
Win	[150]	180	-132
Win	[140]	180	-135
Win	[160]	180	-132
Win	[140]	180	-138
Win	[130]	180	-117
Win	[140]	180	-129
Win	[140]	180	-123
Win	[150]	180	-138
Win	[140]	180	-144
Win	[170]	180	-150
Win	[160]	180	-144
Win	[120]	180	-117
Win	[150]	180	-138
Win	[150]	180	-132
Win	[170]	180	-138
Win	[150]	180	-126
Win	[170]	180	-144
Win	[140]	180	-132
Win	[140]	180	-135
Win	[150]	180	-132
Win	[150]	180	-144
Win	[140]	180	-129
Win	[150]	180	-138
Win	[140]	180	-141
Win	[130]	180	-141
Win	[150]	180	-138
Win	[150]	180	-150
Win	[190]	180	-171
Win	[160]	180	-144
Win	[160]	180	-144
Win	[140]	180	-135
Win	[160]	180	-132
Win	[150]	180	-144
Win	[140]	180	-144
Win	[150]	180	-132
Win	[150]	180	-132
Win	[170]	180	-159
Win	[140]	180	-135
Win	[140]	180	-120
Win	[150]	180	-132
Win	[160]	180	-144
Win	[140]	180	-138
Win	[140]	180	-135
Win	[140]	180	-129
Win	[150]	180	-138
Win	[140]	180	-150
Win	[150]	180	-150
Win	[140]	180	-114
Loss	[150]	162	-180
Win	[150]	180	-144
Win	[140]	180	-129
Win	[150]	180	-162
Win	[140]	180	-120
Win	[150]	180	-144
Win	[140]	180	-135
Win	[140]	180	-138
Win	[140]	180	-138
Win	[160]	180	-138
Win	[140]	180	-123
Win	[130]	180	-135
Win	[150]	180	-138
Win	[150]	180	-144
Win	[150]	180	-138
Win	[150]	180	-138
Win	[140]	180	-141
Win	[150]	180	-150
Win	[140]	180	-135
Win	[140]	180	-117
Win	[140]	180	-141
Win	[160]	180	-159
Win	[150]	180	-144
Win	[140]	180	-129
Win	[140]	180	-138
Win	[140]	180	-141
Win	[150]	180	-156
Win	[140]	180	-111
Win	[140]	180	-129
Win	[150]	180	-138
Win	[160]	180	-156
Win	[160]	180	-144
Win	[120]	180	-117
Win	[150]	180	-144
Loss	[180]	171	-180
Win	[140]	180	-135
Win	[150]	180	-138
Win	[160]	180	-138
Win	[160]	180	-156
Win	[140]	180	-135
Loss	[130]	105	-180
Win	[160]	180	-138
Win	[130]	180	-117
Win	[140]	180	-138
Win	[160]	180	-159
Win	[170]	180	-156
Win	[120]	180	-111
Win	[140]	180	-132
Win	[150]	180	-138
Win	[130]	180	-129
Win	[140]	180	-135
Loss	[200]	171	-180
Win	[150]	180	-144
Win	[140]	180	-141
Win	[140]	180	-138
Win	[140]	180	-126
Win	[150]	180	-126
Win	[130]	180	-117
Win	[140]	180	-135
Win	[150]	180	-162
Win	[160]	180	-144
Win	[140]	180	-129
Win	[130]	180	-123
Win	[140]	180	-135
Win	[140]	180	-141
Win	[150]	180	-138
Win	[140]	180	-138
Win	[130]	180	-129
Win	[150]	180	-156
Win	[130]	180	-129
Win	[140]	180	-135
Win	[150]	180	-132
Win	[150]	180	-138
Win	[140]	180	-129
Win	[160]	180	-150
Win	[140]	180	-138
Loss	[170]	165	-180
Win	[120]	180	-117
Win	[150]	180	-132
Win	[140]	180	-138
Win	[150]	180	-156
Win	[140]	180	-123
Win	[150]	180	-150
Win	[150]	180	-132
Win	[140]	180	-135
Win	[140]	180	-138
Win	[140]	180	-135
Win	[170]	180	-144
Win	[140]	180	-135
Win	[130]	180	-135
Win	[160]	180	-153
Win	[150]	180	-144
Win	[150]	180	-126
Win	[140]	180	-123
Win	[140]	180	-132
Win	[140]	180	-135
Win	[160]	180	-153
Win	[150]	180	-144
Win	[150]	180	-138
Win	[170]	180	-138
Win	[120]	180	-111
Win	[180]	180	-171
Win	[140]	180	-135
Win	[140]	180	-138
Win	[140]	180	-141
Win	[140]	180	-135
Win	[170]	180	-150
Win	[150]	180	-138
Win	[140]	180	-123
Win	[150]	180	-153
Win	[140]	180	-147
Win	[180]	180	-165
Win	[130]	180	-129
Win	[150]	180	-144
Win	[120]	180	-111
Win	[150]	180	-132
Win	[150]	180	-156
Win	[140]	180	-120
Win	[140]	180	-123
Win	[150]	180	-138
Win	[140]	180	-117
Win	[140]	180	-141
Win	[150]	180	-150
Win	[150]	180	-144
Win	[140]	180	-132
Win	[140]	180	-123
Win	[160]	180	-153
Win	[150]	180	-132
Win	[160]	180	-144
Win	[140]	180	-138
Win	[130]	180	-117
Win	[150]	180	-162
Win	[140]	180	-111
Win	[140]	180	-135
Win	[160]	180	-150
Win	[150]	180	-138
Win	[130]	180	-129
Win	[140]	180	-144
Win	[150]	180	-138
Win	[140]	180	-144
Win	[140]	180	-138
Win	[140]	180	-120
Win	[150]	180	-138
Win	[150]	180	-144
Win	[130]	180	-129
Loss	[150]	150	-180
Win	[140]	180	-129
Win	[170]	180	-156
Win	[160]	180	-144
Win	[140]	180	-141
Win	[140]	180	-132
Win	[150]	180	-126
Win	[150]	180	-144
Win	[170]	180	-177
Win	[140]	180	-144
Win	[140]	180	-117
Win	[150]	180	-168
Win	[130]	180	-126
Win	[160]	180	-162
Win	[140]	180	-141
Win	[140]	180	-135
Win	[130]	180	-120
Win	[150]	180	-144
Win	[150]	180	-120
Win	[140]	180	-126
Win	[140]	180	-129
Win	[140]	180	-147
Win	[160]	180	-150
Win	[160]	180	-156
Win	[150]	180	-132
Win	[150]	180	-144
Win	[160]	180	-150
Win	[160]	180	-162
Win	[130]	180	-117
Win	[170]	180	-153
Win	[150]	180	-138
Win	[140]	180	-132
Win	[160]	180	-156
Win	[160]	180	-144
Win	[150]	180	-138
Win	[140]	180	-138
Loss	[170]	171	-180
Win	[160]	180	-165
Win	[160]	180	-138
Win	[140]	180	-129
Win	[140]	180	-135
Win	[160]	180	-144
Win	[140]	180	-129
Win	[150]	180	-144
Win	[140]	180	-141
Win	[110]	180	-105
Win	[150]	180	-141
Loss	[160]	162	-180
Win	[140]	180	-150
Win	[150]	180	-153
Win	[140]	180	-144
Win	[170]	180	-156
Win	[150]	180	-150
Win	[150]	180	-156
Win	[170]	180	-171
Win	[160]	180	-177
Win	[160]	180	-144
Win	[140]	180	-126
Win	[150]	180	-138
Win	[140]	180	-111
Win	[150]	180	-156
Loss	[190]	171	-180
Win	[160]	180	-138
Loss	[150]	150	-180
Win	[140]	180	-117
Win	[160]	180	-138
Win	[150]	180	-126
Win	[160]	180	-150
Win	[170]	180	-144
Win	[150]	180	-144
Loss	[140]	147	-180
Win	[170]	180	-147
Win	[140]	180	-135
Win	[150]	180	-132
Win	[140]	180	-120
Win	[140]	180	-108
Win	[150]	180	-144
Win	[150]	180	-156
Win	[160]	180	-159
Win	[170]	180	-141
Win	[150]	180	-144
Win	[160]	180	-144
Win	[160]	180	-144
Win	[160]	180	-144
Win	[140]	180	-153
Win	[140]	180	-144
Win	[150]	180	-138
Win	[160]	180	-150
Win	[170]	180	-162
Win	[160]	180	-156
Loss	[130]	105	-180
Win	[150]	180	-132
Win	[150]	180	-138
Loss	[200]	177	-180
Loss	[130]	135	-180
Loss	[120]	111	-180
Win	[170]	180	-150
Loss	[110]	138	-180
Loss	[130]	147	-180
Win	[140]	180	-147
Win	[180]	180	-171
Win	[160]	180	-156
Win	[130]	180	-156
Win	[130]	180	-126
Loss	[180]	177	-180
Loss	[150]	153	-180
Loss	[150]	168	-180
Win	[130]	180	-156
Loss	[120]	138	-180
Loss	[120]	150	-180
Win	[120]	180	-159
Loss	[130]	150	-180
Loss	[120]	147	-180
Loss	[120]	156	-180
Win	[170]	180	-171
Win	[140]	180	-144
Win	[140]	180	-150
Win	[190]	180	-177
Win	[150]	180	-144
Win	[140]	180	-117
Win	[150]	180	-144
Win	[140]	180	-138
Win	[190]	180	-165
Win	[200]	180	-171
Win	[140]	180	-135
Loss	[120]	138	-180
Loss	[130]	144	-180
Loss	[140]	132	-180
Win	[170]	180	-165
Win	[170]	180	-144
Loss	[150]	150	-180
Loss	[120]	135	-180
Win	[140]	180	-162
Loss	[130]	153	-180
Win	[140]	180	-138
Loss	[170]	171	-180
Loss	[180]	165	-180
Win	[160]	180	-150
Loss	[140]	138	-180
Win	[130]	180	-168
Loss	[140]	138	-180
Win	[140]	180	-132
Win	[130]	180	-123
Win	[140]	180	-147
Win	[140]	180	-135
Win	[140]	180	-135
Win	[120]	180	-111
Win	[140]	180	-138
Win	[120]	180	-117
Win	[170]	180	-159
Win	[130]	180	-117
Win	[150]	180	-132
Win	[140]	180	-135
Win	[150]	180	-132
Win	[140]	180	-138
Win	[130]	180	-117
Win	[150]	180	-138
Win	[150]	180	-168
Win	[150]	180	-138
Win	[150]	180	-162
Win	[150]	180	-126
Win	[140]	180	-129
Win	[140]	180	-126
Win	[150]	180	-156
Win	[130]	180	-126
Win	[150]	180	-138
Win	[160]	180	-153
Win	[160]	180	-150
Win	[140]	180	-129
Win	[140]	180	-141
Win	[180]	180	-159
Win	[150]	180	-132
Win	[160]	180	-138
Win	[150]	180	-138
Win	[180]	180	-171
Win	[150]	180	-156
Win	[140]	180	-129
Win	[150]	180	-138
Win	[150]	180	-132
Win	[150]	180	-132
Win	[140]	180	-135
Win	[150]	180	-144
Win	[150]	180	-132
Win	[130]	180	-117
Win	[150]	180	-150
Win	[130]	180	-123
Win	[130]	180	-111
Win	[140]	180	-135
Win	[140]	180	-126
Win	[170]	180	-159
Win	[140]	180	-132
Win	[140]	180	-132
Win	[150]	180	-138
Win	[170]	180	-144
Win	[150]	180	-132
Win	[140]	180	-141
Win	[150]	180	-150
Win	[140]	180	-138
Win	[150]	180	-132
Win	[150]	180	-144
Win	[160]	180	-138
Win	[150]	180	-138
Win	[170]	180	-159
Win	[140]	180	-138
Win	[140]	180	-126
Win	[120]	180	-117
Win	[170]	180	-141
Win	[130]	180	-120
Win	[140]	180	-144
Win	[160]	180	-144
Win	[150]	180	-126
Win	[150]	180	-138
Win	[150]	180	-132
Win	[140]	180	-135
Win	[170]	180	-156
Win	[150]	180	-126
Win	[150]	180	-126
Win	[140]	180	-138
Win	[150]	180	-150
Win	[140]	180	-135
Win	[150]	180	-168
Win	[140]	180	-138
Win	[150]	180	-132
Win	[160]	180	-138
Win	[140]	180	-135
Win	[150]	180	-138
Win	[150]	180	-132
Win	[140]	180	-132
Win	[140]	180	-135
Win	[140]	180	-144
Win	[120]	180	-111
Win	[140]	180	-123
Win	[150]	180	-132
Win	[140]	180	-135
Win	[160]	180	-138
Win	[200]	180	-171
Win	[140]	180	-126
Win	[130]	180	-117
Win	[140]	180	-147
Win	[150]	180	-126
Win	[160]	180	-144
Win	[130]	180	-123
Win	[160]	180	-150
Win	[160]	180	-138
Win	[140]	180	-138
Win	[130]	180	-117
Win	[160]	180	-132
Win	[150]	180	-138
Win	[130]	180	-111
Win	[140]	180	-132
Win	[140]	180	-138
Win	[150]	180	-150
Win	[130]	180	-129
Win	[160]	180	-126
Win	[170]	180	-144
Win	[150]	180	-156
Win	[140]	180	-126
Loss	[140]	150	-180
Win	[150]	180	-132
Win	[150]	180	-138
Win	[150]	180	-138
Win	[130]	180	-123
Win	[140]	180	-135
Win	[170]	180	-144
Win	[150]	180	-138
Win	[140]	180	-138
Win	[130]	180	-129
Win	[140]	180	-138
Win	[140]	180	-138
Win	[150]	180	-132
Win	[150]	180	-150
Win	[140]	180	-132
Win	[140]	180	-129
Win	[140]	180	-129
Win	[150]	180	-132
Win	[170]	180	-150
Win	[150]	180	-132
Win	[160]	180	-144
Win	[160]	180	-144
Win	[150]	180	-126
Win	[170]	180	-177
Loss	[140]	144	-180
Win	[140]	180	-120
Win	[140]	180	-129
Win	[160]	180	-144
Loss	[160]	165	-180
Win	[160]	180	-132
Win	[130]	180	-111
Win	[130]	180	-126
Win	[140]	180	-138
Win	[160]	180	-156
Win	[170]	180	-144
Win	[130]	180	-123
Win	[160]	180	-144
Win	[130]	180	-123
Win	[150]	180	-144
Win	[170]	180	-150
Win	[130]	180	-111
Win	[150]	180	-138
Win	[150]	180	-132
Win	[150]	180	-144
Win	[150]	180	-138
Win	[140]	180	-129
Win	[140]	180	-138
Win	[150]	180	-138
Win	[130]	180	-117
Win	[140]	180	-141
Win	[150]	180	-150
Win	[140]	180	-123
Win	[150]	180	-132
Win	[140]	180	-138
Win	[160]	180	-144
Win	[140]	180	-135
Win	[160]	180	-138
Win	[150]	180	-132
Win	[140]	180	-144
Win	[150]	180	-144
Win	[140]	180	-123
Win	[160]	180	-144
Win	[150]	180	-144
Win	[160]	180	-144
Win	[150]	180	-120
Win	[150]	180	-138
Win	[150]	180	-138
Win	[140]	180	-126
Win	[130]	180	-123
Win	[150]	180	-138
Win	[130]	180	-111
Win	[140]	180	-129
Win	[120]	180	-111
Win	[130]	180	-123
Win	[140]	180	-141
Win	[150]	180	-144
Win	[140]	180	-135
Win	[150]	180	-126
Win	[160]	180	-138
Loss	[170]	177	-180
Win	[180]	180	-159
Win	[140]	180	-141
Win	[170]	180	-144
Win	[160]	180	-138
Win	[130]	180	-111
Win	[160]	180	-150
Win	[140]	180	-141
Win	[140]	180	-135
Win	[160]	180	-144
Win	[170]	180	-153
Win	[160]	180	-150
Win	[160]	180	-168
Win	[150]	180	-156
Win	[150]	180	-132
Win	[140]	180	-138
Win	[150]	180	-168
Win	[140]	180	-120
Win	[150]	180	-144
Win	[140]	180	-147
Win	[150]	180	-159
Win	[140]	180	-132
Win	[140]	180	-147
Win	[150]	180	-150
Win	[160]	180	-147
Win	[150]	180	-150
Win	[170]	180	-162
Win	[160]	180	-144
Win	[140]	180	-138
Win	[140]	180	-126
Win	[140]	180	-126
Win	[160]	180	-144
Win	[140]	180	-135
Win	[150]	180	-132
Win	[150]	180	-150
Win	[140]	180	-135
Win	[140]	180	-141
Win	[150]	180	-150
Win	[150]	180	-138
Win	[160]	180	-132
Win	[150]	180	-150
Win	[140]	180	-135
Win	[140]	180	-144
Win	[160]	180	-138
Win	[160]	180	-144
Win	[150]	180	-156
Win	[200]	180	-177
Win	[150]	180	-126
Win	[140]	180	-138
Win	[130]	180	-117
Win	[160]	180	-144
Win	[170]	180	-153
Win	[160]	180	-138
Win	[150]	180	-132
Win	[140]	180	-138
Win	[160]	180	-132
Win	[140]	180	-144
Win	[140]	180	-135
Win	[140]	180	-135
Win	[140]	180	-138
Win	[140]	180	-129
Win	[130]	180	-129
Win	[140]	180	-129
Win	[140]	180	-141
Win	[150]	180	-168
Win	[150]	180	-150
Win	[130]	180	-123
Win	[140]	180	-138
Win	[140]	180	-129
Win	[140]	180	-123
Win	[140]	180	-147
Win	[130]	180	-117
Win	[170]	180	-150
Win	[170]	180	-165
Win	[140]	180	-129
Win	[170]	180	-144
Win	[130]	180	-129
Win	[140]	180	-126
Win	[130]	180	-129
Win	[160]	180	-153
Win	[150]	180	-126
Win	[150]	180	-144
Win	[140]	180	-138
Win	[130]	180	-120
Win	[150]	180	-132
Win	[150]	180	-144
Win	[130]	180	-111
Win	[160]	180	-138
Win	[170]	180	-144
Win	[150]	180	-144
Win	[160]	180	-150
Win	[150]	180	-126
Win	[140]	180	-135
Win	[160]	180	-162
Win	[140]	180	-129
Win	[140]	180	-135
Win	[140]	180	-135
Win	[140]	180	-129
Win	[140]	180	-135
Win	[130]	180	-117
Win	[140]	180	-135
Win	[170]	180	-138
Win	[150]	180	-138
Win	[140]	180	-138
Win	[180]	180	-171
Win	[140]	180	-138
Win	[150]	180	-174
Win	[150]	180	-144
Win	[150]	180	-126
Win	[120]	180	-117
Win	[150]	180	-138
Win	[130]	180	-105
Win	[160]	180	-138
Win	[150]	180	-153
Win	[120]	180	-117
Win	[140]	180	-135
Win	[170]	180	-156
Win	[130]	180	-126
Win	[140]	180	-129
Win	[120]	180	-111
Win	[140]	180	-129
Win	[150]	180	-156
Win	[140]	180	-129
Win	[150]	180	-156
Win	[140]	180	-129
Win	[130]	180	-123
Win	[150]	180	-138
Win	[140]	180	-129
Win	[150]	180	-150
Win	[130]	180	-123
Win	[160]	180	-144
Win	[140]	180	-141
Win	[120]	180	-111
Win	[160]	180	-138
Win	[140]	180	-141
Win	[150]	180	-150
Win	[140]	180	-135
Win	[160]	180	-132
Win	[150]	180	-150
Win	[170]	180	-144
Win	[170]	180	-153
Win	[150]	180	-138
Win	[150]	180	-156
Win	[130]	180	-135
Win	[140]	180	-132
Win	[130]	180	-129
Win	[160]	180	-156
Win	[140]	180	-120
Win	[140]	180	-135
Win	[130]	180	-111
Win	[150]	180	-150
Loss	[160]	162	-180
Win	[140]	180	-147
Win	[140]	180	-141
Win	[130]	180	-111
Win	[160]	180	-132
Win	[130]	180	-135
Win	[140]	180	-138
Win	[140]	180	-135
Win	[140]	180	-117
Win	[160]	180	-159
Win	[140]	180	-135
Win	[130]	180	-123
Win	[140]	180	-126
Win	[160]	180	-138
Win	[140]	180	-129
Win	[120]	180	-117
Win	[150]	180	-162
Win	[170]	180	-159
Win	[130]	180	-123
Win	[150]	180	-138
Win	[140]	180	-138
Win	[140]	180	-147
Win	[150]	180	-138
Win	[150]	180	-138
Win	[150]	180	-126
Win	[170]	180	-156
Win	[140]	180	-132
Win	[140]	180	-138
Win	[150]	180	-138
Win	[150]	180	-132
Win	[150]	180	-138
Win	[150]	180	-150
Win	[140]	180	-135
Win	[160]	180	-138
Win	[130]	180	-123
Win	[150]	180	-126
Win	[140]	180	-144
Win	[140]	180	-135
Win	[140]	180	-144
Win	[140]	180	-135
Win	[150]	180	-126
Win	[170]	180	-141
Win	[150]	180	-144
Win	[150]	180	-132
Win	[140]	180	-129
Win	[160]	180	-138
Win	[130]	180	-111
Win	[140]	180	-129
Win	[140]	180	-117
Win	[140]	180	-138
Win	[140]	180	-141
Win	[130]	180	-162
Win	[150]	180	-132
Win	[130]	180	-117
Win	[140]	180	-135
Win	[190]	180	-177
Win	[150]	180	-150
Win	[150]	180	-138
Win	[160]	180	-144
Win	[140]	180	-141
Win	[150]	180	-132
Win	[150]	180	-132
Win	[130]	180	-117
Win	[140]	180	-129
Win	[160]	180	-159
Win	[150]	180	-156
Win	[140]	180	-120
Win	[140]	180	-126
Win	[140]	180	-144
Win	[130]	180	-117
Win	[170]	180	-150
Win	[160]	180	-132
Loss	[160]	171	-180
Win	[130]	180	-117
Win	[160]	180	-132
Win	[140]	180	-123
Win	[140]	180	-141
Win	[140]	180	-138
Win	[150]	180	-150
Win	[150]	180	-156
Win	[140]	180	-138
Win	[150]	180	-132
Win	[130]	180	-117
Win	[150]	180	-138
Win	[160]	180	-138
Win	[140]	180	-138
Win	[160]	180	-162
Win	[150]	180	-126
Win	[130]	180	-135
Win	[150]	180	-144
Win	[140]	180	-138
Win	[140]	180	-129
Win	[140]	180	-117
Win	[130]	180	-117
Win	[140]	180	-117
Win	[120]	180	-117
Win	[140]	180	-135
Win	[160]	180	-168
Win	[140]	180	-129
Win	[160]	180	-153
Win	[140]	180	-138
Win	[150]	180	-144
Loss	[180]	177	-180
Win	[150]	180	-153
Win	[150]	180	-138
Win	[130]	180	-117
Win	[130]	180	-141
Win	[150]	180	-138
Win	[150]	180	-132
Win	[140]	180	-138
Win	[140]	180	-132
Win	[140]	180	-129
Win	[150]	180	-153
Win	[160]	180	-147
Win	[150]	180	-126
Win	[130]	180	-117
Win	[130]	180	-117
Win	[140]	180	-135
Win	[150]	180	-126
Win	[140]	180	-120
Win	[170]	180	-153
Win	[150]	180	-144
Win	[180]	180	-171
Win	[160]	180	-138
Win	[150]	180	-138
Win	[170]	180	-138
Win	[140]	180	-138
Win	[130]	180	-141
Loss	[190]	177	-180
Win	[190]	180	-177
Loss	[130]	141	-180
Win	[160]	180	-174
Loss	[170]	165	-180
Loss	[160]	162	-180
Win	[160]	180	-144
Loss	[130]	153	-180
Loss	[160]	162	-180
Win	[150]	180	-150
Loss	[110]	132	-180
Win	[170]	180	-168
Loss	[180]	159	-180
Win	[180]	180	-171
Win	[160]	180	-150
Win	[160]	180	-126
Win	[140]	180	-150
Win	[150]	180	-132
Win	[150]	180	-150
Win	[170]	180	-150
Win	[140]	180	-150
Win	[160]	180	-159
Win	[150]	180	-132
Win	[160]	180	-138
Win	[190]	180	-159
Win	[150]	180	-138
Win	[160]	180	-150
Win	[160]	180	-165
Win	[150]	180	-138
Win	[140]	180	-153
Win	[160]	180	-150
Win	[150]	180	-150
Win	[150]	180	-144
Win	[160]	180	-144
Win	[140]	180	-138
Win	[140]	180	-141
Win	[140]	180	-171
Win	[150]	180	-165
Win	[150]	180	-156
Win	[170]	180	-165
Win	[140]	180	-126
Win	[180]	180	-171
Win	[150]	180	-156
Win	[150]	180	-138
Win	[140]	180	-129
Win	[140]	180	-138
Win	[130]	180	-111
Win	[160]	180	-138
Win	[140]	180	-129
Win	[120]	180	-117
Win	[150]	180	-138
Win	[150]	180	-156
Win	[150]	180	-144
Win	[140]	180	-135
Win	[150]	180	-126
Win	[140]	180	-138
Win	[140]	180	-141
Win	[160]	180	-138
Win	[170]	180	-138
Win	[140]	180	-156
Win	[140]	180	-144
Win	[150]	180	-144
Win	[140]	180	-135
Win	[140]	180	-138
Win	[160]	180	-138
Win	[140]	180	-129
Win	[160]	180	-138
Win	[150]	180	-150
Win	[160]	180	-138
Win	[130]	180	-129
Win	[150]	180	-150
Win	[140]	180	-150
Win	[170]	180	-144
Win	[150]	180	-132
Win	[130]	180	-117
Win	[140]	180	-141
Win	[150]	180	-132
Win	[170]	180	-144
Win	[150]	180	-162
Win	[160]	180	-150
Win	[150]	180	-126
Win	[130]	180	-111
Win	[140]	180	-129
Win	[140]	180	-138
Win	[140]	180	-126
Win	[160]	180	-138
Win	[140]	180	-141
Win	[150]	180	-132
Win	[150]	180	-144
Win	[140]	180	-135
Win	[140]	180	-129
Win	[130]	180	-117
Win	[150]	180	-132
Win	[140]	180	-138
Win	[140]	180	-135
Win	[150]	180	-132
Win	[140]	180	-129
Win	[140]	180	-144
Win	[140]	180	-135
Win	[160]	180	-144
Win	[150]	180	-132
Win	[150]	180	-153
Win	[150]	180	-168
Win	[150]	180	-144
Win	[140]	180	-144
Win	[160]	180	-144
Win	[150]	180	-150
Win	[160]	180	-150
Win	[140]	180	-135
Win	[140]	180	-129
Win	[180]	180	-153
Win	[150]	180	-138
Win	[140]	180	-132
Win	[150]	180	-138
Win	[140]	180	-129
Win	[140]	180	-129
Win	[140]	180	-132
Win	[130]	180	-123
Win	[140]	180	-132
Win	[140]	180	-132
Win	[150]	180	-144
Win	[150]	180	-132
Win	[150]	180	-144
Win	[130]	180	-117
Win	[150]	180	-138
Win	[120]	180	-117
Win	[140]	180	-129
Win	[140]	180	-138
Win	[150]	180	-138
Win	[130]	180	-117
Win	[150]	180	-144
Win	[130]	180	-123
Win	[170]	180	-138
Win	[150]	180	-132
Win	[170]	180	-162
Win	[160]	180	-153
Win	[170]	180	-156
Win	[150]	180	-144
Win	[140]	180	-135
Win	[150]	180	-126
Win	[140]	180	-126
Win	[150]	180	-132
Win	[140]	180	-129
Win	[160]	180	-132
Win	[140]	180	-132
Win	[140]	180	-147
Win	[140]	180	-132
Win	[160]	180	-138
Win	[140]	180	-147
Win	[160]	180	-150
Win	[140]	180	-132
Win	[140]	180	-138
Win	[150]	180	-138
Win	[150]	180	-132
Win	[140]	180	-147
Win	[140]	180	-138
Win	[150]	180	-144
Win	[150]	180	-138
Win	[160]	180	-144
Win	[120]	180	-111
Win	[170]	180	-138
Win	[150]	180	-132
Win	[140]	180	-147
Win	[140]	180	-129
Win	[140]	180	-141
Win	[140]	180	-129
Win	[160]	180	-138
Win	[140]	180	-135
Win	[140]	180	-141
Win	[130]	180	-117
Win	[150]	180	-132
Win	[150]	180	-132
Win	[140]	180	-144
Win	[160]	180	-144
Win	[120]	180	-111
Win	[140]	180	-123
Win	[160]	180	-138
Win	[160]	180	-138
Win	[130]	180	-123
Win	[150]	180	-138
Win	[140]	180	-129
Win	[150]	180	-126
Win	[150]	180	-132
Win	[140]	180	-138
Win	[150]	180	-126
Win	[140]	180	-132
Win	[120]	180	-105
Win	[140]	180	-126
Win	[140]	180	-135
Win	[140]	180	-117
Win	[160]	180	-144
Win	[160]	180	-138
Win	[150]	180	-150
Win	[140]	180	-138
Win	[160]	180	-138
Win	[140]	180	-141
Win	[150]	180	-126
Win	[140]	180	-141
Win	[140]	180	-141
Win	[150]	180	-132
Win	[130]	180	-123
Win	[140]	180	-132
Win	[140]	180	-135
Win	[140]	180	-141
Win	[150]	180	-156
Win	[140]	180	-132
Win	[150]	180	-144
Win	[150]	180	-144
Win	[140]	180	-138
Win	[120]	180	-111
Win	[140]	180	-129
Win	[130]	180	-123
Win	[150]	180	-138
Win	[140]	180	-129
Win	[160]	180	-132
Win	[150]	180	-144
Win	[140]	180	-141
Win	[150]	180	-126
Win	[140]	180	-129
Win	[150]	180	-126
Win	[120]	180	-111
Win	[150]	180	-144
Win	[150]	180	-126
Win	[140]	180	-129
Win	[160]	180	-150
Win	[150]	180	-132
Win	[140]	180	-129
Win	[130]	180	-123
Win	[140]	180	-135
Win	[160]	180	-144
Win	[150]	180	-120
Win	[160]	180	-144
Win	[140]	180	-129
Win	[160]	180	-138
Win	[150]	180	-144
Win	[140]	180	-135
Win	[150]	180	-132
Win	[150]	180	-144
Win	[140]	180	-147
Win	[150]	180	-144
Win	[160]	180	-144
Win	[160]	180	-138
Win	[150]	180	-132
Win	[150]	180	-144
Win	[140]	180	-144
Win	[180]	180	-165
Win	[160]	180	-144
Win	[140]	180	-129
Win	[150]	180	-144
Win	[180]	180	-153
Win	[150]	180	-156
Win	[150]	180	-138
Win	[140]	180	-135
Win	[140]	180	-135
Win	[140]	180	-138
Win	[140]	180	-129
Win	[150]	180	-132
Win	[140]	180	-135
Win	[160]	180	-138
Win	[150]	180	-144
Win	[140]	180	-135
Win	[140]	180	-135
Win	[140]	180	-129
Win	[150]	180	-174
Win	[140]	180	-132
Win	[140]	180	-141
Win	[140]	180	-123
Win	[140]	180	-123
Win	[130]	180	-117
Win	[140]	180	-123
Win	[130]	180	-117
Win	[140]	180	-138
Win	[150]	180	-138
Win	[180]	180	-177
Win	[160]	180	-138
Win	[140]	180	-141
Win	[130]	180	-123
Win	[140]	180	-132
Win	[170]	180	-138
Win	[160]	180	-150
Win	[160]	180	-132
Win	[160]	180	-138
Win	[160]	180	-150
Win	[150]	180	-138
Win	[160]	180	-132
Win	[170]	180	-144
Win	[140]	180	-129
Win	[130]	180	-135
Win	[130]	180	-117
Win	[170]	180	-150
Win	[130]	180	-117
Win	[140]	180	-138
Win	[140]	180	-144
Win	[150]	180	-132
Win	[140]	180	-138
Win	[130]	180	-117
Win	[130]	180	-111
Win	[150]	180	-132
Win	[140]	180	-153
Win	[140]	180	-123
Win	[130]	180	-111
Win	[160]	180	-168
Win	[120]	180	-117
Win	[140]	180	-132
Win	[150]	180	-138
Win	[150]	180	-132
Win	[140]	180	-153
Win	[130]	180	-117
Win	[160]	180	-132
Win	[130]	180	-117
Win	[150]	180	-132
Win	[140]	180	-129
Win	[130]	180	-117
Win	[150]	180	-138
Win	[140]	180	-117
Win	[160]	180	-138
Win	[140]	180	-129
Win	[140]	180	-129
Win	[140]	180	-132
Win	[160]	180	-132
Win	[140]	180	-123
Win	[150]	180	-126
Win	[140]	180	-141
Win	[130]	180	-141
Win	[140]	180	-132
Win	[150]	180	-138
Win	[140]	180	-147
Win	[160]	180	-144
Win	[150]	180	-132
Win	[140]	180	-135
Win	[150]	180	-132
Win	[130]	180	-123
Win	[150]	180	-132
Win	[140]	180	-132
Win	[160]	180	-144
Win	[140]	180	-132
Win	[150]	180	-132
Win	[170]	180	-150
Win	[160]	180	-144
Win	[140]	180	-138
Win	[150]	180	-144
Win	[130]	180	-111
Win	[140]	180	-147
Win	[140]	180	-135
Win	[160]	180	-132
Win	[160]	180	-144
Win	[150]	180	-138
Win	[150]	180	-144
Win	[140]	180	-144
Win	[160]	180	-156
Win	[160]	180	-150
Win	[140]	180	-138
Win	[140]	180	-147
Win	[140]	180	-129
Win	[130]	180	-120
Win	[150]	180	-132
Win	[140]	180	-141
Win	[140]	180	-126
Loss	[130]	117	-180
Win	[160]	180	-156
Win	[130]	180	-135
Win	[130]	180	-123
Win	[130]	180	-123
Win	[140]	180	-129
Win	[140]	180	-129
Win	[140]	180	-120
Win	[120]	180	-111
Win	[140]	180	-129
Win	[140]	180	-129
Win	[130]	180	-117
Win	[140]	180	-141
Win	[140]	180	-129
Win	[140]	180	-123
Win	[150]	180	-132
Win	[140]	180	-135
Win	[140]	180	-132
Win	[120]	180	-117
Win	[140]	180	-129
Win	[150]	180	-132
Win	[150]	180	-126
Win	[140]	180	-123
Win	[150]	180	-132
Win	[140]	180	-147
Win	[140]	180	-132
Win	[140]	180	-129
Win	[160]	180	-153
Win	[150]	180	-132
Win	[140]	180	-132
Win	[130]	180	-141
Win	[150]	180	-132
Win	[150]	180	-132
Win	[140]	180	-147
Win	[150]	180	-132
Win	[150]	180	-132
Win	[130]	180	-141
Win	[150]	180	-132
Win	[140]	180	-129
Win	[130]	180	-117
Win	[150]	180	-126
Win	[160]	180	-144
Win	[140]	180	-129
Win	[150]	180	-132
Win	[140]	180	-132
Win	[150]	180	-138
Win	[140]	180	-123
Win	[140]	180	-135
Win	[160]	180	-156
Win	[140]	180	-132
Win	[130]	180	-141
Win	[140]	180	-129
Win	[150]	180	-156
Win	[150]	180	-132
Win	[140]	180	-141
Win	[160]	180	-150
Win	[160]	180	-144
Win	[120]	180	-117
Win	[130]	180	-129
Win	[130]	180	-117
Win	[140]	180	-123
Win	[140]	180	-114
Win	[150]	180	-138
Win	[140]	180	-111
Win	[140]	180	-129
Win	[140]	180	-138
Win	[150]	180	-126
Win	[140]	180	-129
Win	[140]	180	-129
Win	[160]	180	-138
Win	[160]	180	-144
Win	[170]	180	-156
Win	[140]	180	-135
Win	[150]	180	-144
Win	[140]	180	-147
Win	[140]	180	-129
Win	[150]	180	-132
Win	[140]	180	-129
Win	[130]	180	-123
Win	[140]	180	-138
Win	[140]	180	-129
Win	[140]	180	-138
Loss	[160]	165	-180
Win	[150]	180	-138
Win	[160]	180	-165
Win	[170]	180	-162
Win	[160]	180	-150
Win	[130]	180	-123
Win	[160]	180	-144
Win	[150]	180	-126
Win	[140]	180	-138
Win	[150]	180	-132
Win	[160]	180	-144
Win	[150]	180	-144
Win	[140]	180	-129
Win	[140]	180	-141
Win	[170]	180	-150
Win	[140]	180	-147
Win	[140]	180	-141
Win	[140]	180	-129
Win	[140]	180	-132
Win	[150]	180	-144
Win	[150]	180	-144
Win	[150]	180	-126
Win	[150]	180	-132
Win	[140]	180	-162
Win	[150]	180	-138
Win	[140]	180	-129
Win	[130]	180	-117
Win	[150]	180	-138
Win	[150]	180	-144
Win	[150]	180	-126
Win	[140]	180	-129
Loss	[170]	171	-180
Win	[130]	180	-123
Win	[140]	180	-141
Win	[170]	180	-144
Win	[150]	180	-138
Win	[150]	180	-138
Win	[140]	180	-135
Win	[140]	180	-132
Win	[130]	180	-135
Win	[150]	180	-132
Win	[140]	180	-129
Win	[160]	180	-150
Win	[140]	180	-129
Win	[150]	180	-132
Win	[130]	180	-117
Win	[130]	180	-129
Win	[140]	180	-129
Win	[160]	180	-150
Win	[140]	180	-129
Win	[150]	180	-132
Win	[160]	180	-138
Win	[140]	180	-141
Win	[130]	180	-117
Win	[170]	180	-144
Win	[140]	180	-129
Win	[140]	180	-129
Win	[160]	180	-144
Win	[140]	180	-117
Win	[130]	180	-141
Win	[150]	180	-138
Win	[140]	180	-138
Win	[170]	180	-144
Win	[130]	180	-123
Win	[150]	180	-144
Win	[140]	180	-129
Win	[140]	180	-138
Win	[140]	180	-141
Win	[140]	180	-117
Win	[130]	180	-147
Win	[140]	180	-123
Win	[140]	180	-123
Win	[140]	180	-147
Win	[140]	180	-120
Win	[140]	180	-171
Win	[130]	180	-123
Win	[140]	180	-126
Win	[150]	180	-132
Win	[140]	180	-132
Win	[150]	180	-144
Win	[140]	180	-123
Win	[160]	180	-144
Win	[140]	180	-132
Win	[140]	180	-174
Win	[140]	180	-123
Win	[140]	180	-165
Win	[140]	180	-129
Win	[160]	180	-150
Win	[150]	180	-144
Win	[170]	180	-150
Win	[140]	180	-123
Win	[130]	180	-111
Win	[150]	180	-138
Win	[140]	180	-123
Win	[150]	180	-174
Win	[150]	180	-138
Win	[120]	180	-117
Win	[160]	180	-144
Win	[130]	180	-111
Loss	[140]	171	-180
Win	[150]	180	-144
Win	[140]	180	-120
Win	[140]	180	-129
Win	[130]	180	-111
Win	[150]	180	-138
Win	[140]	180	-159
Win	[130]	180	-123
Win	[140]	180	-129
Win	[140]	180	-123
Win	[160]	180	-144
Win	[170]	180	-144
Win	[140]	180	-129
Win	[140]	180	-174
Win	[130]	180	-123
Win	[120]	180	-117
Win	[130]	180	-129
Win	[140]	180	-138
Win	[140]	180	-147
Win	[140]	180	-132
Win	[150]	180	-174
Win	[140]	180	-159
Win	[170]	180	-150
Win	[150]	180	-132
Win	[140]	180	-144
Win	[130]	180	-129
Win	[140]	180	-132
Win	[130]	180	-129
Win	[140]	180	-123
Win	[140]	180	-141
Win	[150]	180	-144
Win	[170]	180	-144
Win	[140]	180	-135
Win	[160]	180	-138
Win	[150]	180	-150
Win	[150]	180	-168
Win	[140]	180	-171
Win	[140]	180	-147
Win	[160]	180	-150
Win	[140]	180	-117
Win	[140]	180	-141
Win	[140]	180	-129
Win	[160]	180	-150
Win	[140]	180	-123
Win	[170]	180	-150
Win	[160]	180	-132
Win	[160]	180	-150
Win	[140]	180	-132
Win	[140]	180	-135
Win	[150]	180	-144
Win	[140]	180	-150
Win	[140]	180	-129
Win	[140]	180	-135
Win	[140]	180	-147
Win	[140]	180	-129
Win	[160]	180	-150
Win	[140]	180	-159
Win	[130]	180	-123
Win	[140]	180	-129
Win	[130]	180	-111
Win	[140]	180	-132
Win	[160]	180	-144
Win	[160]	180	-144
Win	[130]	180	-123
Win	[130]	180	-123
Win	[160]	180	-150
Win	[140]	180	-123
Win	[160]	180	-144
Win	[150]	180	-156
Loss	[150]	177	-180
Win	[140]	180	-135
Win	[140]	180	-153
Win	[150]	180	-144
Win	[140]	180	-159
Win	[170]	180	-156
Win	[150]	180	-150
Win	[140]	180	-141
Win	[150]	180	-138
Win	[150]	180	-144
Win	[130]	180	-129
Win	[150]	180	-174
Win	[150]	180	-174
Win	[150]	180	-147
Win	[150]	180	-165
Win	[130]	180	-123
Win	[130]	180	-123
Win	[150]	180	-168
Win	[140]	180	-117
Win	[140]	180	-120
Win	[140]	180	-135
Win	[140]	180	-129
Win	[160]	180	-144
Win	[140]	180	-126
Win	[140]	180	-129
Win	[140]	180	-132
Win	[140]	180	-141
Win	[130]	180	-123
Win	[140]	180	-126
Win	[160]	180	-147
Win	[160]	180	-132
Win	[160]	180	-144
Win	[170]	180	-138
Win	[140]	180	-129
Win	[140]	180	-156
Win	[140]	180	-171
Win	[140]	180	-135
Win	[130]	180	-117
Win	[130]	180	-111
Win	[150]	180	-144
Win	[140]	180	-120
Win	[170]	180	-150
Win	[150]	180	-126
Win	[150]	180	-144
Win	[160]	180	-138
Win	[140]	180	-135
Win	[130]	180	-117
Win	[140]	180	-138
Win	[140]	180	-123
Win	[170]	180	-138
Win	[140]	180	-174
Win	[130]	180	-126
Win	[140]	180	-159
Win	[150]	180	-138
Win	[140]	180	-120
Win	[140]	180	-123
Win	[140]	180	-132
Win	[160]	180	-144
Win	[140]	180	-162
Win	[150]	180	-138
Win	[140]	180	-147
Win	[140]	180	-132
Win	[150]	180	-132
Win	[140]	180	-147
Win	[130]	180	-123
Win	[170]	180	-150
Win	[140]	180	-135
Win	[160]	180	-150
Win	[160]	180	-138
Win	[170]	180	-171
Win	[160]	180	-138
Win	[160]	180	-150
Win	[150]	180	-174
Win	[140]	180	-141
Win	[150]	180	-162
Win	[140]	180	-141
Win	[150]	180	-144
Win	[150]	180	-144
Win	[140]	180	-132
Win	[150]	180	-144
Win	[160]	180	-138
Win	[140]	180	-129
Win	[140]	180	-117
Win	[160]	180	-150
Win	[160]	180	-162
Win	[140]	180	-141
Win	[150]	180	-126
Win	[130]	180	-141
Win	[150]	180	-138
Win	[140]	180	-141
Win	[150]	180	-138
Win	[120]	180	-117
Win	[140]	180	-129
Win	[140]	180	-132
Win	[150]	180	-132
Win	[130]	180	-111
Win	[150]	180	-129
Win	[170]	180	-144
Win	[160]	180	-150
Win	[170]	180	-150
Win	[150]	180	-144
Win	[150]	180	-126
Win	[160]	180	-132
Win	[140]	180	-135
Win	[150]	180	-126
Win	[140]	180	-132
Win	[150]	180	-144
Win	[160]	180	-162
Win	[130]	180	-141
Win	[160]	180	-138
Win	[150]	180	-132
Win	[140]	180	-135
Win	[140]	180	-144
Win	[150]	180	-144
Win	[140]	180	-135
Win	[140]	180	-129
Win	[130]	180	-141
Win	[140]	180	-126
Win	[150]	180	-132
Win	[140]	180	-129
Win	[140]	180	-132
Win	[180]	180	-171
Win	[160]	180	-138
Win	[130]	180	-123
Win	[140]	180	-129
Win	[130]	180	-111
Win	[140]	180	-141
Win	[160]	180	-132
Win	[140]	180	-123
Win	[160]	180	-156
Win	[140]	180	-153
Win	[140]	180	-129
Win	[140]	180	-132
Win	[170]	180	-144
Win	[140]	180	-132
Win	[130]	180	-117
Win	[130]	180	-159
Win	[140]	180	-144
Win	[120]	180	-117
Win	[140]	180	-120
Win	[130]	180	-129
Win	[140]	180	-132
Win	[130]	180	-141
Win	[140]	180	-132
Win	[150]	180	-132
Win	[160]	180	-138
Win	[210]	180	-177
Win	[150]	180	-132
Win	[150]	180	-132
Win	[140]	180	-132
Win	[150]	180	-138
Win	[140]	180	-126
Win	[140]	180	-132
Win	[130]	180	-123
Win	[150]	180	-138
Win	[140]	180	-132
Win	[130]	180	-123
Win	[140]	180	-135
Win	[140]	180	-135
Win	[130]	180	-123
Win	[150]	180	-138
Win	[140]	180	-141
Win	[150]	180	-144
Win	[130]	180	-123
Win	[160]	180	-144
Win	[180]	180	-165
Win	[130]	180	-117
Win	[130]	180	-135
Win	[140]	180	-141
Win	[140]	180	-126
Win	[150]	180	-144
Win	[150]	180	-132
Win	[140]	180	-141
Win	[160]	180	-138
Win	[160]	180	-144
Win	[150]	180	-138
Win	[140]	180	-138
Win	[140]	180	-141
Win	[130]	180	-111
Win	[130]	180	-123
Win	[140]	180	-135
Win	[140]	180	-147
Win	[150]	180	-132
Loss	[170]	135	-180
Win	[140]	180	-141
Win	[160]	180	-162
Win	[140]	180	-117
Win	[160]	180	-138
Win	[160]	180	-150
Win	[160]	180	-132
Win	[140]	180	-126
Win	[150]	180	-156
Win	[150]	180	-126
Win	[130]	180	-117
Win	[120]	180	-117
Win	[140]	180	-147
Win	[150]	180	-132
Win	[160]	180	-138
Win	[140]	180	-123
Win	[130]	180	-141
Win	[140]	180	-129
Win	[130]	180	-162
Win	[140]	180	-126
Win	[150]	180	-132
Win	[150]	180	-132
Win	[150]	180	-132
Win	[150]	180	-147
Win	[150]	180	-138
Win	[160]	180	-144
Win	[160]	180	-165
Win	[140]	180	-123
Win	[170]	180	-147
Win	[130]	180	-111
Win	[150]	180	-132
Win	[130]	180	-123
Win	[150]	180	-138
Win	[140]	180	-132
Win	[140]	180	-138
Win	[130]	180	-111
Win	[140]	180	-141
Win	[150]	180	-144
Win	[150]	180	-138
Win	[140]	180	-111
Win	[160]	180	-150
Win	[140]	180	-147
Win	[150]	180	-138
Win	[160]	180	-138
Win	[150]	180	-144
Win	[130]	180	-123
Win	[140]	180	-129
Win	[140]	180	-123
Win	[150]	180	-132
Win	[140]	180	-129
Win	[140]	180	-123
Win	[160]	180	-138
Win	[150]	180	-168
Win	[160]	180	-138
Win	[140]	180	-126
Win	[160]	180	-138
Win	[140]	180	-135
Win	[150]	180	-132
Win	[140]	180	-129
Win	[140]	180	-129
Win	[140]	180	-135
Win	[140]	180	-129
Win	[140]	180	-138
Win	[140]	180	-123
Win	[160]	180	-150
Win	[150]	180	-126
Win	[160]	180	-150
Win	[140]	180	-129
Win	[140]	180	-141
Loss	[140]	171	-180
Win	[140]	180	-123
Win	[140]	180	-144
Loss	[150]	177	-180
Win	[130]	180	-123
Win	[140]	180	-132
Win	[140]	180	-144
Win	[160]	180	-138
Loss	[150]	177	-180
Win	[140]	180	-168
Win	[140]	180	-138
Win	[150]	180	-132
Win	[150]	180	-174
Win	[170]	180	-156
Win	[150]	180	-132
Win	[140]	180	-147
Win	[140]	180	-129
Win	[150]	180	-138
Win	[170]	180	-156
Win	[120]	180	-105
Win	[170]	180	-159
Win	[130]	180	-117
Win	[150]	180	-174
Win	[140]	180	-171
Win	[140]	180	-153
Win	[120]	180	-117
Win	[170]	180	-150
Win	[160]	180	-150
Win	[130]	180	-105
Win	[150]	180	-150
Win	[150]	180	-144
Win	[150]	180	-132
Win	[150]	180	-138
Win	[130]	180	-129
Win	[150]	180	-144
Win	[150]	180	-126
Win	[140]	180	-138
Win	[130]	180	-117
Win	[160]	180	-156
Win	[140]	180	-138
Loss	[140]	156	-180
Loss	[140]	162	-180
Win	[150]	180	-126
Win	[140]	180	-117
Win	[120]	180	-123
Win	[150]	180	-126
Win	[150]	180	-132
Win	[150]	180	-144
Win	[120]	180	-111
Win	[120]	180	-111
Win	[150]	180	-126
Win	[160]	180	-138
Win	[130]	180	-117
Win	[140]	180	-129
Win	[140]	180	-141
Win	[170]	180	-144
Win	[150]	180	-132
Win	[150]	180	-138
Win	[150]	180	-132
Win	[140]	180	-129
Win	[160]	180	-138
Win	[160]	180	-144
Win	[150]	180	-144
Win	[130]	180	-123
Win	[160]	180	-168
Win	[140]	180	-129
Win	[130]	180	-123
Win	[150]	180	-132
Win	[140]	180	-129
Win	[140]	180	-117
Win	[150]	180	-132
Win	[150]	180	-126
Win	[140]	180	-129
Win	[140]	180	-138
Win	[150]	180	-150
Win	[180]	180	-159
Win	[130]	180	-123
Win	[140]	180	-132
Win	[150]	180	-132
Win	[140]	180	-135
Win	[150]	180	-126
Win	[140]	180	-129
Win	[130]	180	-135
Win	[140]	180	-135
Win	[140]	180	-132
Win	[170]	180	-144
Win	[150]	180	-132
Win	[130]	180	-123
Win	[160]	180	-144
Win	[170]	180	-162
Win	[130]	180	-123
Win	[140]	180	-132
Win	[150]	180	-144
Win	[170]	180	-144
Win	[130]	180	-111
Win	[130]	180	-111
Win	[150]	180	-132
Win	[160]	180	-150
Win	[150]	180	-132
Win	[160]	180	-132
Win	[140]	180	-141
Win	[160]	180	-138
Win	[140]	180	-132
Win	[140]	180	-135
Win	[140]	180	-147
Win	[150]	180	-138
Win	[140]	180	-120
Win	[140]	180	-141
Win	[150]	180	-126
Win	[140]	180	-141
Win	[140]	180	-141
Win	[140]	180	-132
Win	[150]	180	-132
Win	[160]	180	-132
Win	[180]	180	-147
Win	[150]	180	-144
Win	[140]	180	-132
Win	[140]	180	-120
Win	[140]	180	-147
Win	[130]	180	-117
Win	[150]	180	-138
Win	[160]	180	-138
Win	[130]	180	-117
Win	[140]	180	-132
Win	[140]	180	-147
Win	[140]	180	-135
Win	[150]	180	-144
Win	[140]	180	-141
Win	[150]	180	-132
Win	[150]	180	-138
Win	[140]	180	-129
Win	[140]	180	-132
Win	[140]	180	-135
Win	[140]	180	-138
Win	[150]	180	-138
Win	[160]	180	-138
Win	[150]	180	-138
Win	[160]	180	-138
Win	[160]	180	-144
Win	[150]	180	-138
Win	[170]	180	-159
Win	[150]	180	-126
Win	[150]	180	-132
Win	[160]	180	-144
Win	[130]	180	-117
Win	[160]	180	-138
Win	[170]	180	-144
Win	[140]	180	-123
Win	[140]	180	-135
Win	[140]	180	-117
Win	[160]	180	-138
Win	[140]	180	-135
Win	[160]	180	-126
Win	[140]	180	-141
Win	[140]	180	-132
Win	[150]	180	-132
Win	[130]	180	-141
Win	[140]	180	-138
Win	[180]	180	-168
Win	[150]	180	-144
Win	[140]	180	-126
Win	[140]	180	-132
Win	[130]	180	-117
Win	[150]	180	-126
Win	[140]	180	-132
Win	[130]	180	-126
Win	[140]	180	-123
Win	[130]	180	-123
Win	[170]	180	-138
Win	[150]	180	-126
Win	[140]	180	-138
Win	[140]	180	-138
Win	[180]	180	-171
Win	[140]	180	-135
Win	[150]	180	-132
Win	[140]	180	-141
Win	[140]	180	-141
Win	[130]	180	-123
Win	[140]	180	-129
Win	[140]	180	-135
Win	[140]	180	-123
Win	[140]	180	-129
Win	[150]	180	-144
Win	[140]	180	-141
Win	[140]	180	-123
Win	[150]	180	-144
Win	[160]	180	-138
Win	[130]	180	-123
Win	[170]	180	-144
Win	[140]	180	-135
Win	[120]	180	-123
Win	[170]	180	-150
Win	[140]	180	-141
Win	[130]	180	-129
Win	[140]	180	-123
Win	[140]	180	-132
Win	[140]	180	-129
Win	[150]	180	-138
Win	[140]	180	-141
Win	[130]	180	-117
Win	[140]	180	-123
Win	[150]	180	-126
Win	[140]	180	-129
Win	[150]	180	-144
Loss	[180]	177	-180
Win	[140]	180	-132
Win	[140]	180	-138
Win	[140]	180	-141
Win	[140]	180	-141
Win	[140]	180	-117
Win	[130]	180	-117
Win	[150]	180	-126
Win	[140]	180	-147
Win	[140]	180	-138
Win	[150]	180	-138
Win	[140]	180	-123
Win	[140]	180	-138
Win	[150]	180	-132
Win	[150]	180	-132
Win	[140]	180	-117
Win	[140]	180	-138
Win	[150]	180	-126
Win	[140]	180	-120
Win	[140]	180	-132
Win	[150]	180	-138
Win	[150]	180	-132
Win	[160]	180	-156
Win	[120]	180	-123
Win	[140]	180	-120
Win	[150]	180	-132
Win	[140]	180	-132
Win	[140]	180	-132
Win	[120]	180	-111
Win	[150]	180	-144
Win	[160]	180	-132
Win	[140]	180	-129
Win	[130]	180	-129
Win	[140]	180	-132
Win	[140]	180	-147
Win	[140]	180	-123
Win	[140]	180	-147
Win	[140]	180	-126
Win	[140]	180	-120
Win	[150]	180	-132
Win	[150]	180	-132
Win	[170]	180	-150
Win	[130]	180	-117
Win	[170]	180	-138
Win	[140]	180	-129
Win	[130]	180	-117
Win	[140]	180	-135
Win	[150]	180	-132
Win	[160]	180	-150
Win	[150]	180	-132
Win	[140]	180	-144
Win	[140]	180	-117
Win	[140]	180	-135
Win	[140]	180	-123
Win	[170]	180	-168
Win	[150]	180	-150
Win	[140]	180	-129
Win	[140]	180	-135
Win	[140]	180	-150
Win	[170]	180	-150
Win	[160]	180	-138
Win	[130]	180	-111
Win	[150]	180	-132
Win	[140]	180	-126
Win	[140]	180	-117
Win	[140]	180	-132
Win	[140]	180	-123
Win	[150]	180	-138
Win	[140]	180	-129
Win	[130]	180	-117
Win	[170]	180	-150
Loss	[150]	174	-180
Win	[140]	180	-159
Win	[140]	180	-132
Win	[150]	180	-132
Win	[150]	180	-138
Win	[170]	180	-138
Win	[150]	180	-132
Win	[150]	180	-138
Win	[180]	180	-171
Win	[170]	180	-138
Win	[150]	180	-144
Win	[170]	180	-168
Win	[160]	180	-144
Win	[150]	180	-144
Win	[140]	180	-126
Win	[160]	180	-132
Win	[150]	180	-138
Win	[130]	180	-141
Win	[150]	180	-138
Win	[140]	180	-117
Win	[140]	180	-141
Win	[140]	180	-135
Win	[140]	180	-123
Win	[130]	180	-117
Win	[170]	180	-153
Win	[140]	180	-129
Win	[130]	180	-126
Win	[140]	180	-135
Win	[150]	180	-126
Win	[140]	180	-141
Win	[140]	180	-126
Win	[140]	180	-132
Win	[130]	180	-135
Win	[150]	180	-126
Win	[170]	180	-144
Win	[140]	180	-138
Win	[150]	180	-132
Win	[150]	180	-132
Win	[140]	180	-135
Win	[150]	180	-138
Win	[120]	180	-117
Win	[140]	180	-129
Win	[140]	180	-132
Win	[170]	180	-144
Win	[130]	180	-120
Win	[140]	180	-141
Win	[150]	180	-132
Win	[140]	180	-129
Win	[130]	180	-117
Win	[140]	180	-129
Win	[140]	180	-126
Win	[130]	180	-117
Win	[140]	180	-138
Win	[120]	180	-105
Win	[140]	180	-126
Win	[140]	180	-117
Win	[140]	180	-117
Win	[140]	180	-132
Win	[150]	180	-138
Win	[130]	180	-111
Win	[140]	180	-138
Win	[160]	180	-138
Win	[160]	180	-138
Win	[130]	180	-129
Win	[150]	180	-132
Win	[140]	180	-123
Win	[140]	180	-141
Win	[140]	180	-132
Win	[140]	180	-129
Win	[140]	180	-132
Win	[140]	180	-129
Win	[140]	180	-123
Win	[130]	180	-135
Win	[150]	180	-126
Win	[150]	180	-168
Win	[160]	180	-138
Win	[150]	180	-144
Win	[140]	180	-138
Win	[160]	180	-132
Win	[140]	180	-132
Win	[150]	180	-126
Win	[130]	180	-123
Win	[130]	180	-117
Win	[150]	180	-126
Win	[140]	180	-129
Win	[170]	180	-150
Win	[160]	180	-144
Win	[160]	180	-132
Win	[160]	180	-132
Win	[140]	180	-141
Win	[150]	180	-132
Loss	[140]	138	-180
Win	[140]	180	-135
Win	[140]	180	-138
Win	[140]	180	-120
Win	[140]	180	-141
Win	[150]	180	-132
Win	[140]	180	-141
Win	[150]	180	-132
Win	[160]	180	-144
Win	[160]	180	-144
Win	[160]	180	-150
Win	[130]	180	-111
Win	[140]	180	-129
Win	[140]	180	-135
Win	[160]	180	-156
Win	[160]	180	-132
Win	[140]	180	-135
Win	[160]	180	-144
Win	[150]	180	-132
Win	[150]	180	-138
Win	[150]	180	-126
Win	[150]	180	-138
Win	[140]	180	-129
Win	[170]	180	-147
Win	[140]	180	-123
Win	[160]	180	-138
Win	[160]	180	-144
Win	[170]	180	-138
Win	[150]	180	-138
Win	[140]	180	-120
Win	[130]	180	-123
Win	[150]	180	-132
Win	[140]	180	-135
Win	[140]	180	-132
Win	[130]	180	-123
Win	[140]	180	-132
Win	[120]	180	-117
Win	[140]	180	-141
Win	[140]	180	-147
Win	[150]	180	-132
Win	[140]	180	-123
Win	[150]	180	-132
Win	[150]	180	-132
Win	[150]	180	-132
Win	[150]	180	-138
Win	[200]	180	-171
Win	[170]	180	-156
Win	[140]	180	-132
Win	[130]	180	-123
Win	[140]	180	-141
Win	[160]	180	-132
Win	[140]	180	-129
Win	[150]	180	-138
Win	[130]	180	-141
Win	[140]	180	-147
Win	[160]	180	-159
Win	[140]	180	-147
Win	[130]	180	-117
Win	[140]	180	-141
Win	[160]	180	-144
Loss	[140]	153	-180
Win	[140]	180	-129
Loss	[140]	147	-180
Win	[160]	180	-138
Win	[120]	180	-123
Win	[180]	180	-159
Win	[160]	180	-150
Win	[140]	180	-129
Win	[150]	180	-138
Win	[140]	180	-132
Win	[150]	180	-138
Win	[170]	180	-144
Win	[140]	180	-141
Win	[140]	180	-135
Win	[130]	180	-117
Win	[120]	180	-111
Win	[140]	180	-135
Win	[140]	180	-132
Win	[130]	180	-135
Win	[150]	180	-132
Win	[150]	180	-132
Win	[160]	180	-174
Win	[150]	180	-138
Win	[140]	180	-147
Win	[140]	180	-138
Win	[140]	180	-135
Win	[150]	180	-132
Win	[130]	180	-117
Win	[140]	180	-132
Win	[140]	180	-123
Win	[150]	180	-126
Win	[170]	180	-153
Win	[140]	180	-123
Win	[140]	180	-129
Win	[160]	180	-138
Win	[130]	180	-147
Win	[150]	180	-132
Win	[140]	180	-117
Win	[160]	180	-132
Win	[140]	180	-138
Win	[160]	180	-126
Win	[140]	180	-120
Win	[140]	180	-141
Win	[130]	180	-117
Win	[160]	180	-138
Win	[130]	180	-111
Win	[150]	180	-138
Win	[150]	180	-138
Win	[160]	180	-159
Win	[140]	180	-126
Win	[140]	180	-120
Win	[150]	180	-132
Win	[120]	180	-123
Win	[150]	180	-132
Win	[150]	180	-132
Win	[140]	180	-129
Win	[160]	180	-138
Win	[140]	180	-132
Win	[130]	180	-123
Win	[140]	180	-123
Win	[140]	180	-123
Win	[160]	180	-150
Win	[160]	180	-144
Win	[140]	180	-141
Win	[160]	180	-132
Win	[140]	180	-138
Win	[160]	180	-138
Win	[130]	180	-123
Win	[140]	180	-138
Win	[140]	180	-141
Win	[150]	180	-132
Win	[150]	180	-150
Win	[150]	180	-126
Win	[140]	180	-117
Win	[140]	180	-123
Win	[150]	180	-138
Win	[130]	180	-129
Win	[150]	180	-138
Win	[140]	180	-135
Win	[140]	180	-129
Win	[140]	180	-126
Win	[150]	180	-132
Win	[140]	180	-141
Win	[180]	180	-147
Win	[150]	180	-156
Win	[140]	180	-123
Win	[150]	180	-132
Win	[150]	180	-138
Win	[140]	180	-129
Win	[140]	180	-117
Win	[150]	180	-138
Win	[140]	180	-129
Win	[160]	180	-138
Win	[130]	180	-123
Win	[150]	180	-138
Win	[140]	180	-126
Win	[160]	180	-138
Win	[140]	180	-147
Win	[160]	180	-144
Win	[160]	180	-138
Win	[150]	180	-132
Win	[160]	180	-132
Win	[150]	180	-144
Win	[160]	180	-138
Win	[150]	180	-156
Win	[160]	180	-132
Win	[140]	180	-141
Win	[140]	180	-129
Win	[140]	180	-129
Win	[150]	180	-138
Win	[150]	180	-144
Win	[140]	180	-129
Win	[160]	180	-126
Win	[140]	180	-129
Win	[140]	180	-129
Win	[150]	180	-174
Win	[150]	180	-126
Win	[160]	180	-138
Win	[150]	180	-150
Win	[140]	180	-117
Win	[140]	180	-141
Win	[150]	180	-138
Win	[150]	180	-165
Win	[130]	180	-123
Win	[160]	180	-144
Win	[150]	180	-150
Win	[150]	180	-138
Win	[150]	180	-150
Win	[150]	180	-150
Win	[150]	180	-144
Win	[160]	180	-150
Win	[140]	180	-129
Win	[140]	180	-120
