(1, 1)	0	0.0
(1, 2)	1	0.0
(1, 3)	2	0.0
(2, 1)	3	0.0
(2, 2)	4	0.0
(3, 1)	5	0.0
(4, 1)	6	0.0
(5, 1)	7	0.0
(5, 2)	8	0.0
(6, 1)	9	0.0
(7, 1)	10	0.0
(7, 2)	11	0.0
(7, 3)	12	0.0
(8, 1)	13	0.0
(8, 2)	14	0.0
(8, 3)	15	0.0
(4, 2)	16	0.0
(4, 3)	17	0.0
(4, 4)	18	0.0
(5, 3)	19	0.0
(6, 2)	20	0.0
(7, 4)	21	0.0
(7, 5)	22	0.0
(3, 2)	23	0.0
(3, 3)	24	0.0
(4, 5)	25	0.0
(4, 6)	26	0.0
(4, 7)	27	0.0
(4, 8)	28	0.0
(4, 9)	29	0.0
(5, 4)	30	0.0
(6, 3)	31	0.0
(9, 1)	32	0.0
(3, 4)	33	0.0
(8, 4)	34	0.0
(4, 10)	35	0.0
(7, 6)	36	0.0
(7, 7)	37	0.0
(10, 1)	38	0.0
(10, 2)	39	0.0
(8, 5)	40	0.0
(8, 6)	41	0.0
(3, 5)	42	0.0
(5, 5)	43	0.0
(5, 6)	44	0.0
(7, 8)	45	0.0
(8, 7)	46	0.0
(4, 11)	47	0.0
(4, 12)	48	0.0
(8, 8)	49	0.0
(4, 13)	50	0.0
(5, 7)	51	0.0
(7, 9)	52	0.0
(7, 10)	53	0.0
(10, 3)	54	0.0
(8, 9)	55	0.0
(8, 10)	56	0.0
(4, 14)	57	0.0
(7, 11)	58	0.0
(3, 6)	59	0.0
(4, 15)	60	0.0
(4, 16)	61	0.0
(11, 1)	62	0.0
(11, 2)	63	0.0
(12, 1)	64	0.0
(12, 2)	65	0.0
(12, 3)	66	0.0
(13, 1)	67	0.0
(14, 1)	68	0.0
(8, 11)	69	0.0
(8, 12)	70	0.0
(4, 17)	71	0.0
(11, 3)	72	0.0
(12, 4)	73	0.0
(13, 2)	74	0.0
(7, 12)	75	0.0
(7, 13)	76	0.0
(3, 7)	77	0.0
(11, 4)	78	0.0
(13, 3)	79	0.0
(11, 5)	80	0.0
(3, 8)	81	0.0
(4, 18)	82	0.0
(4, 19)	83	0.0
(11, 6)	84	0.0
(14, 2)	85	0.0
(12, 5)	86	0.0
(3, 9)	87	0.0
(4, 20)	88	0.0
(11, 7)	89	0.0
(15, 1)	90	0.0
(7, 14)	91	0.0
(4, 21)	92	0.0
(13, 4)	93	0.0
(7, 15)	94	0.0
(7, 16)	95	0.0
(3, 10)	96	0.0
(3, 11)	97	0.0
(3, 12)	98	0.0
(16, 1)	99	0.0
(11, 8)	100	0.0
(11, 9)	101	0.0
(11, 10)	102	0.0
(15, 2)	103	0.0
(17, 1)	104	0.0
(7, 17)	105	0.0
(10, 4)	106	0.0
(10, 5)	107	0.0
(10, 6)	108	0.0
(10, 7)	109	0.0
(3, 13)	110	0.0
(3, 14)	111	0.0
(4, 22)	112	0.0
(5, 8)	113	0.0
(7, 18)	114	0.0
(10, 8)	115	0.0
(3, 15)	116	0.0
(4, 23)	117	0.0
(4, 24)	118	0.0
(5, 9)	119	0.0
(5, 10)	120	0.0
(10, 9)	121	0.0
(10, 10)	122	0.0
(3, 16)	123	0.0
(8, 13)	124	0.0
(11, 11)	125	0.0
(15, 3)	126	0.0
(10, 11)	127	0.0
(3, 17)	128	0.0
(4, 25)	129	0.0
(10, 12)	130	0.0
(10, 13)	131	0.0
(10, 14)	132	0.0
(3, 18)	133	0.0
(4, 26)	134	0.0
(10, 15)	135	0.0
(4, 27)	136	0.0
(11, 12)	137	0.0
(10, 16)	138	0.0
(10, 17)	139	0.0
(10, 18)	140	0.0
(10, 19)	141	0.0
(10, 20)	142	0.0
(10, 21)	143	0.0
(3, 19)	144	0.0
(12, 6)	145	0.0
(12, 7)	146	0.0
(12, 8)	147	0.0
(18, 1)	148	0.0
(5, 11)	149	0.0
(6, 4)	150	0.0
(9, 2)	151	0.0
(19, 1)	152	0.0
(4, 28)	153	0.0
(4, 29)	154	0.0
(5, 12)	155	0.0
(5, 13)	156	0.0
(5, 14)	157	0.0
(6, 5)	158	0.0
(7, 19)	159	0.0
(9, 3)	160	0.0
(4, 30)	161	0.0
(4, 31)	162	0.0
(11, 13)	163	0.0
(7, 20)	164	0.0
(4, 32)	165	0.0
(4, 33)	166	0.0
(4, 34)	167	0.0
(11, 14)	168	0.0
(15, 4)	169	0.0
(17, 2)	170	0.0
(9, 4)	171	0.0
(4, 35)	172	0.0
(9, 5)	173	0.0
(4, 36)	174	0.0
(4, 37)	175	0.0
(4, 38)	176	0.0
(8, 14)	177	0.0
(4, 39)	178	0.0
(11, 15)	179	0.0
(11, 16)	180	0.0
(19, 2)	181	0.0
(19, 3)	182	0.0
(4, 40)	183	0.0
(4, 41)	184	0.0
(5, 15)	185	0.0
(5, 16)	186	0.0
(6, 6)	187	0.0
(11, 17)	188	0.0
(4, 42)	189	0.0
(4, 43)	190	0.0
(15, 5)	191	0.0
(4, 44)	192	0.0
(8, 15)	193	0.0
(16, 2)	194	0.0
(11, 18)	195	0.0
(11, 19)	196	0.0
(12, 9)	197	0.0
(3, 20)	198	0.0
(3, 21)	199	0.0
(3, 22)	200	0.0
(4, 45)	201	0.0
(4, 46)	202	0.0
(5, 17)	203	0.0
(7, 21)	204	0.0
(7, 22)	205	0.0
(3, 23)	206	0.0
(4, 47)	207	0.0
(5, 18)	208	0.0
(15, 6)	209	0.0
(5, 19)	210	0.0
(8, 16)	211	0.0
(11, 20)	212	0.0
(10, 22)	213	0.0
(3, 24)	214	0.0
(4, 48)	215	0.0
(11, 21)	216	0.0
(8, 17)	217	0.0
(11, 22)	218	0.0
(12, 10)	219	0.0
(13, 5)	220	0.0
(20, 1)	221	0.0
(8, 18)	222	0.0
(8, 19)	223	0.0
(4, 49)	224	0.0
(5, 20)	225	0.0
(5, 21)	226	0.0
(3, 25)	227	0.0
(7, 23)	228	0.0
(10, 23)	229	0.0
(11, 23)	230	0.0
(11, 24)	231	0.0
(12, 11)	232	0.0
(12, 12)	233	0.0
(18, 2)	234	0.0
(8, 20)	235	0.0
(7, 24)	236	0.0
(10, 24)	237	0.0
(8, 21)	238	0.0
(11, 25)	239	0.0
(15, 7)	240	0.0
(15, 8)	241	0.0
(15, 9)	242	0.0
(17, 3)	243	0.0
(3, 26)	244	0.0
(4, 50)	245	0.0
(15, 10)	246	0.0
(8, 22)	247	0.0
(8, 23)	248	0.0
(4, 51)	249	0.0
(7, 25)	250	0.0
(7, 26)	251	0.0
(9, 6)	252	0.0
(9, 7)	253	0.0
(8, 24)	254	0.0
(16, 3)	255	0.0
(11, 26)	256	0.0
(7, 27)	257	0.0
(7, 28)	258	0.0
(8, 25)	259	0.0
(16, 4)	260	0.0
(8, 26)	261	0.0
(15, 11)	262	0.0
(15, 12)	263	0.0
(9, 8)	264	0.0
(16, 5)	265	0.0
(8, 27)	266	0.0
(7, 29)	267	0.0
(9, 9)	268	0.0
(8, 28)	269	0.0
(11, 27)	270	0.0
(8, 29)	271	0.0
(8, 30)	272	0.0
(4, 52)	273	0.0
(7, 30)	274	0.0
(11, 28)	275	0.0
(15, 13)	276	0.0
(7, 31)	277	0.0
(7, 32)	278	0.0
(8, 31)	279	0.0
(8, 32)	280	0.0
(8, 33)	281	0.0
(16, 6)	282	0.0
(11, 29)	283	0.0
(11, 30)	284	0.0
(15, 14)	285	0.0
(9, 10)	286	0.0
(9, 11)	287	0.0
(3, 27)	288	0.0
(3, 28)	289	0.0
(3, 29)	290	0.0
(11, 31)	291	0.0
(3, 30)	292	0.0
(3, 31)	293	0.0
(3, 32)	294	0.0
(4, 53)	295	0.0
(4, 54)	296	0.0
(5, 22)	297	0.0
(3, 33)	298	0.0
(3, 34)	299	0.0
(3, 35)	300	0.0
(16, 7)	301	0.0
(7, 33)	302	0.0
(7, 34)	303	0.0
(3, 36)	304	0.0
(3, 37)	305	0.0
(3, 38)	306	0.0
(11, 32)	307	0.0
(9, 12)	308	0.0
(8, 34)	309	0.0
(8, 35)	310	0.0
(4, 55)	311	0.0
(15, 15)	312	0.0
(3, 39)	313	0.0
(3, 40)	314	0.0
(8, 36)	315	0.0
(8, 37)	316	0.0
(7, 35)	317	0.0
(9, 13)	318	0.0
(19, 4)	319	0.0
(15, 16)	320	0.0
(7, 36)	321	0.0
(9, 14)	322	0.0
(4, 56)	323	0.0
(7, 37)	324	0.0
(9, 15)	325	0.0
(9, 16)	326	0.0
(19, 5)	327	0.0
(7, 38)	328	0.0
(4, 57)	329	0.0
(9, 17)	330	0.0
(9, 18)	331	0.0
(19, 6)	332	0.0
(4, 58)	333	0.0
(9, 19)	334	0.0
(4, 59)	335	0.0
(11, 33)	336	0.0
(9, 20)	337	0.0
(9, 21)	338	0.0
(9, 22)	339	0.0
(4, 60)	340	0.0
(4, 61)	341	0.0
(9, 23)	342	0.0
(9, 24)	343	0.0
(9, 25)	344	0.0
(7, 39)	345	0.0
(9, 26)	346	0.0
(9, 27)	347	0.0
(8, 38)	348	0.0
(11, 34)	349	0.0
(9, 28)	350	0.0
(9, 29)	351	0.0
(9, 30)	352	0.0
(8, 39)	353	0.0
(4, 62)	354	0.0
(7, 40)	355	0.0
(9, 31)	356	0.0
(8, 40)	357	0.0
(8, 41)	358	0.0
(11, 35)	359	0.0
(7, 41)	360	0.0
(7, 42)	361	0.0
(21, 1)	362	0.0
(5, 23)	363	0.0
(9, 32)	364	0.0
(9, 33)	365	0.0
(8, 42)	366	0.0
(8, 43)	367	0.0
(4, 63)	368	0.0
(10, 25)	369	0.0
(10, 26)	370	0.0
(22, 1)	371	0.0
(22, 2)	372	0.0
(16, 8)	373	0.0
(23, 1)	374	0.0
(12, 13)	375	0.0
(12, 14)	376	0.0
(13, 6)	377	0.0
(20, 2)	378	0.0
(7, 43)	379	0.0
(8, 44)	380	0.0
(11, 36)	381	0.0
(11, 37)	382	0.0
(11, 38)	383	0.0
(12, 15)	384	0.0
(8, 45)	385	0.0
(4, 64)	386	0.0
(5, 24)	387	0.0
(3, 41)	388	0.0
(11, 39)	389	0.0
(11, 40)	390	0.0
(11, 41)	391	0.0
(3, 42)	392	0.0
(3, 43)	393	0.0
(11, 42)	394	0.0
(12, 16)	395	0.0
(9, 34)	396	0.0
(8, 46)	397	0.0
(4, 65)	398	0.0
(4, 66)	399	0.0
(4, 67)	400	0.0
(11, 43)	401	0.0
(3, 44)	402	0.0
(4, 68)	403	0.0
(3, 45)	404	0.0
(11, 44)	405	0.0
(4, 69)	406	0.0
(4, 70)	407	0.0
(5, 25)	408	0.0
(4, 71)	409	0.0
(10, 27)	410	0.0
(8, 47)	411	0.0
(16, 9)	412	0.0
(11, 45)	413	0.0
(12, 17)	414	0.0
(12, 18)	415	0.0
(12, 19)	416	0.0
(7, 44)	417	0.0
(10, 28)	418	0.0
(10, 29)	419	0.0
(8, 48)	420	0.0
(8, 49)	421	0.0
(16, 10)	422	0.0
(16, 11)	423	0.0
(16, 12)	424	0.0
(23, 2)	425	0.0
(23, 3)	426	0.0
(23, 4)	427	0.0
(23, 5)	428	0.0
(12, 20)	429	0.0
(8, 50)	430	0.0
(12, 21)	431	0.0
(18, 3)	432	0.0
(10, 30)	433	0.0
(23, 6)	434	0.0
(10, 31)	435	0.0
(16, 13)	436	0.0
(23, 7)	437	0.0
(12, 22)	438	0.0
(12, 23)	439	0.0
(8, 51)	440	0.0
(8, 52)	441	0.0
(16, 14)	442	0.0
(16, 15)	443	0.0
(4, 72)	444	0.0
(11, 46)	445	0.0
(11, 47)	446	0.0
(12, 24)	447	0.0
(3, 46)	448	0.0
(3, 47)	449	0.0
(3, 48)	450	0.0
(5, 26)	451	0.0
(5, 27)	452	0.0
(3, 49)	453	0.0
(3, 50)	454	0.0
(8, 53)	455	0.0
(3, 51)	456	0.0
(6, 7)	457	0.0
(3, 52)	458	0.0
(16, 16)	459	0.0
(3, 53)	460	0.0
(3, 54)	461	0.0
(3, 55)	462	0.0
(10, 32)	463	0.0
(10, 33)	464	0.0
(8, 54)	465	0.0
(12, 25)	466	0.0
(8, 55)	467	0.0
(8, 56)	468	0.0
(16, 17)	469	0.0
(8, 57)	470	0.0
(8, 58)	471	0.0
(16, 18)	472	0.0
(11, 48)	473	0.0
(8, 59)	474	0.0
(23, 8)	475	0.0
(23, 9)	476	0.0
(18, 4)	477	0.0
(8, 60)	478	0.0
(8, 61)	479	0.0
(8, 62)	480	0.0
(8, 63)	481	0.0
(16, 19)	482	0.0
(16, 20)	483	0.0
(12, 26)	484	0.0
(16, 21)	485	0.0
(8, 64)	486	0.0
(8, 65)	487	0.0
(16, 22)	488	0.0
(11, 49)	489	0.0
(10, 34)	490	0.0
(10, 35)	491	0.0
(8, 66)	492	0.0
(8, 67)	493	0.0
(16, 23)	494	0.0
(16, 24)	495	0.0
(11, 50)	496	0.0
(7, 45)	497	0.0
(8, 68)	498	0.0
(8, 69)	499	0.0
(11, 51)	500	0.0
(10, 36)	501	0.0
(22, 3)	502	0.0
(22, 4)	503	0.0
(22, 5)	504	0.0
(24, 1)	505	0.0
(23, 10)	506	0.0
(8, 70)	507	0.0
(7, 46)	508	0.0
(10, 37)	509	0.0
(8, 71)	510	0.0
(4, 73)	511	0.0
(4, 74)	512	0.0
(10, 38)	513	0.0
(10, 39)	514	0.0
(8, 72)	515	0.0
(8, 73)	516	0.0
(8, 74)	517	0.0
(12, 27)	518	0.0
(11, 52)	519	0.0
(12, 28)	520	0.0
(12, 29)	521	0.0
(7, 47)	522	0.0
(16, 25)	523	0.0
(10, 40)	524	0.0
(3, 56)	525	0.0
(3, 57)	526	0.0
(22, 6)	527	0.0
(22, 7)	528	0.0
(23, 11)	529	0.0
(12, 30)	530	0.0
(7, 48)	531	0.0
(8, 75)	532	0.0
(16, 26)	533	0.0
(16, 27)	534	0.0
(8, 76)	535	0.0
(11, 53)	536	0.0
(7, 49)	537	0.0
(8, 77)	538	0.0
(8, 78)	539	0.0
(8, 79)	540	0.0
(3, 58)	541	0.0
(3, 59)	542	0.0
(16, 28)	543	0.0
(16, 29)	544	0.0
(9, 35)	545	0.0
(9, 36)	546	0.0
(4, 75)	547	0.0
(4, 76)	548	0.0
(4, 77)	549	0.0
(11, 54)	550	0.0
(12, 31)	551	0.0
(7, 50)	552	0.0
(3, 60)	553	0.0
(9, 37)	554	0.0
(9, 38)	555	0.0
(5, 28)	556	0.0
(15, 17)	557	0.0
(7, 51)	558	0.0
(9, 39)	559	0.0
(9, 40)	560	0.0
(19, 7)	561	0.0
(19, 8)	562	0.0
(9, 41)	563	0.0
(16, 30)	564	0.0
(19, 9)	565	0.0
(4, 78)	566	0.0
(5, 29)	567	0.0
(5, 30)	568	0.0
(16, 31)	569	0.0
(9, 42)	570	0.0
(3, 61)	571	0.0
(3, 62)	572	0.0
(4, 79)	573	0.0
(7, 52)	574	0.0
(7, 53)	575	0.0
(7, 54)	576	0.0
(9, 43)	577	0.0
(19, 10)	578	0.0
(19, 11)	579	0.0
(4, 80)	580	0.0
(7, 55)	581	0.0
(9, 44)	582	0.0
(21, 2)	583	0.0
(7, 56)	584	0.0
(7, 57)	585	0.0
(7, 58)	586	0.0
(7, 59)	587	0.0
(9, 45)	588	0.0
(19, 12)	589	0.0
(7, 60)	590	0.0
(7, 61)	591	0.0
(7, 62)	592	0.0
(7, 63)	593	0.0
(9, 46)	594	0.0
(4, 81)	595	0.0
(4, 82)	596	0.0
(7, 64)	597	0.0
(19, 13)	598	0.0
(19, 14)	599	0.0
(19, 15)	600	0.0
(19, 16)	601	0.0
(7, 65)	602	0.0
(9, 47)	603	0.0
(9, 48)	604	0.0
(19, 17)	605	0.0
(19, 18)	606	0.0
(19, 19)	607	0.0
(25, 1)	608	0.0
(25, 2)	609	0.0
(5, 31)	610	0.0
(9, 49)	611	0.0
(9, 50)	612	0.0
(4, 83)	613	0.0
(4, 84)	614	0.0
(5, 32)	615	0.0
(7, 66)	616	0.0
(7, 67)	617	0.0
(9, 51)	618	0.0
(8, 80)	619	0.0
(4, 85)	620	0.0
(4, 86)	621	0.0
(11, 55)	622	0.0
(19, 20)	623	0.0
(25, 3)	624	0.0
(25, 4)	625	0.0
(26, 1)	626	0.0
(9, 52)	627	0.0
(19, 21)	628	0.0
(19, 22)	629	0.0
(25, 5)	630	0.0
(5, 33)	631	0.0
(7, 68)	632	0.0
(7, 69)	633	0.0
(7, 70)	634	0.0
(8, 81)	635	0.0
(7, 71)	636	0.0
(9, 53)	637	0.0
(19, 23)	638	0.0
(19, 24)	639	0.0
(4, 87)	640	0.0
(11, 56)	641	0.0
(9, 54)	642	0.0
(9, 55)	643	0.0
(8, 82)	644	0.0
(4, 88)	645	0.0
(7, 72)	646	0.0
(4, 89)	647	0.0
(4, 90)	648	0.0
(7, 73)	649	0.0
(4, 91)	650	0.0
(9, 56)	651	0.0
(19, 25)	652	0.0
(4, 92)	653	0.0
(11, 57)	654	0.0
(7, 74)	655	0.0
(7, 75)	656	0.0
(7, 76)	657	0.0
(4, 93)	658	0.0
(4, 94)	659	0.0
(7, 77)	660	0.0
(7, 78)	661	0.0
(7, 79)	662	0.0
(9, 57)	663	0.0
(8, 83)	664	0.0
(4, 95)	665	0.0
(7, 80)	666	0.0
(7, 81)	667	0.0
(9, 58)	668	0.0
(8, 84)	669	0.0
(4, 96)	670	0.0
(4, 97)	671	0.0
(19, 26)	672	0.0
(19, 27)	673	0.0
(7, 82)	674	0.0
(7, 83)	675	0.0
(10, 41)	676	0.0
(10, 42)	677	0.0
(3, 63)	678	0.0
(16, 32)	679	0.0
(7, 84)	680	0.0
(9, 59)	681	0.0
(8, 85)	682	0.0
(21, 3)	683	0.0
(7, 85)	684	0.0
(9, 60)	685	0.0
(9, 61)	686	0.0
(8, 86)	687	0.0
(8, 87)	688	0.0
(16, 33)	689	0.0
(23, 12)	690	0.0
(12, 32)	691	0.0
(7, 86)	692	0.0
(7, 87)	693	0.0
(10, 43)	694	0.0
(10, 44)	695	0.0
(8, 88)	696	0.0
(16, 34)	697	0.0
(8, 89)	698	0.0
(8, 90)	699	0.0
(7, 88)	700	0.0
(7, 89)	701	0.0
(9, 62)	702	0.0
(8, 91)	703	0.0
(7, 90)	704	0.0
(7, 91)	705	0.0
(7, 92)	706	0.0
(8, 92)	707	0.0
(16, 35)	708	0.0
(7, 93)	709	0.0
(8, 93)	710	0.0
(7, 94)	711	0.0
(7, 95)	712	0.0
(9, 63)	713	0.0
(9, 64)	714	0.0
(9, 65)	715	0.0
(7, 96)	716	0.0
(9, 66)	717	0.0
(9, 67)	718	0.0
(9, 68)	719	0.0
(4, 98)	720	0.0
(9, 69)	721	0.0
(5, 34)	722	0.0
(7, 97)	723	0.0
(9, 70)	724	0.0
(19, 28)	725	0.0
(25, 6)	726	0.0
(7, 98)	727	0.0
(9, 71)	728	0.0
(9, 72)	729	0.0
(4, 99)	730	0.0
(11, 58)	731	0.0
(7, 99)	732	0.0
(9, 73)	733	0.0
(9, 74)	734	0.0
(4, 100)	735	0.0
(7, 100)	736	0.0
(9, 75)	737	0.0
(8, 94)	738	0.0
(3, 64)	739	0.0
(9, 76)	740	0.0
(9, 77)	741	0.0
(19, 29)	742	0.0
(5, 35)	743	0.0
(9, 78)	744	0.0
(3, 65)	745	0.0
(15, 18)	746	0.0
(9, 79)	747	0.0
(4, 101)	748	0.0
(4, 102)	749	0.0
(9, 80)	750	0.0
(3, 66)	751	0.0
(3, 67)	752	0.0
(3, 68)	753	0.0
(7, 101)	754	0.0
(7, 102)	755	0.0
(7, 103)	756	0.0
(9, 81)	757	0.0
(19, 30)	758	0.0
(4, 103)	759	0.0
(5, 36)	760	0.0
(7, 104)	761	0.0
(9, 82)	762	0.0
(21, 4)	763	0.0
(21, 5)	764	0.0
(21, 6)	765	0.0
(15, 19)	766	0.0
(15, 20)	767	0.0
(9, 83)	768	0.0
(19, 31)	769	0.0
(4, 104)	770	0.0
(4, 105)	771	0.0
(5, 37)	772	0.0
(6, 8)	773	0.0
(9, 84)	774	0.0
(3, 69)	775	0.0
(4, 106)	776	0.0
(11, 59)	777	0.0
(9, 85)	778	0.0
(4, 107)	779	0.0
(4, 108)	780	0.0
(4, 109)	781	0.0
(11, 60)	782	0.0
(7, 105)	783	0.0
(19, 32)	784	0.0
(4, 110)	785	0.0
(8, 95)	786	0.0
(4, 111)	787	0.0
(9, 86)	788	0.0
(4, 112)	789	0.0
(5, 38)	790	0.0
(5, 39)	791	0.0
(17, 4)	792	0.0
(7, 106)	793	0.0
(7, 107)	794	0.0
(19, 33)	795	0.0
(19, 34)	796	0.0
(19, 35)	797	0.0
(25, 7)	798	0.0
(5, 40)	799	0.0
(7, 108)	800	0.0
(9, 87)	801	0.0
(9, 88)	802	0.0
(19, 36)	803	0.0
(4, 113)	804	0.0
(7, 109)	805	0.0
(9, 89)	806	0.0
(4, 114)	807	0.0
(5, 41)	808	0.0
(25, 8)	809	0.0
(7, 110)	810	0.0
(7, 111)	811	0.0
(4, 115)	812	0.0
(5, 42)	813	0.0
(15, 21)	814	0.0
(19, 37)	815	0.0
(19, 38)	816	0.0
(19, 39)	817	0.0
(19, 40)	818	0.0
(25, 9)	819	0.0
(5, 43)	820	0.0
(6, 9)	821	0.0
(5, 44)	822	0.0
(25, 10)	823	0.0
(5, 45)	824	0.0
(19, 41)	825	0.0
(7, 112)	826	0.0
(7, 113)	827	0.0
(7, 114)	828	0.0
(8, 96)	829	0.0
(4, 116)	830	0.0
(7, 115)	831	0.0
(7, 116)	832	0.0
(7, 117)	833	0.0
(8, 97)	834	0.0
(8, 98)	835	0.0
(8, 99)	836	0.0
(4, 117)	837	0.0
(4, 118)	838	0.0
(4, 119)	839	0.0
(4, 120)	840	0.0
(27, 1)	841	0.0
(7, 118)	842	0.0
(7, 119)	843	0.0
(9, 90)	844	0.0
(8, 100)	845	0.0
(5, 46)	846	0.0
(7, 120)	847	0.0
(7, 121)	848	0.0
(10, 45)	849	0.0
(3, 70)	850	0.0
(11, 61)	851	0.0
(12, 33)	852	0.0
(7, 122)	853	0.0
(9, 91)	854	0.0
(19, 42)	855	0.0
(4, 121)	856	0.0
(4, 122)	857	0.0
(4, 123)	858	0.0
(5, 47)	859	0.0
(15, 22)	860	0.0
(4, 124)	861	0.0
(5, 48)	862	0.0
(19, 43)	863	0.0
(5, 49)	864	0.0
(7, 123)	865	0.0
(3, 71)	866	0.0
(4, 125)	867	0.0
(7, 124)	868	0.0
(4, 126)	869	0.0
(3, 72)	870	0.0
(4, 127)	871	0.0
(4, 128)	872	0.0
(4, 129)	873	0.0
(5, 50)	874	0.0
(15, 23)	875	0.0
(3, 73)	876	0.0
(3, 74)	877	0.0
(4, 130)	878	0.0
(3, 75)	879	0.0
(4, 131)	880	0.0
(3, 76)	881	0.0
(3, 77)	882	0.0
(4, 132)	883	0.0
(9, 92)	884	0.0
(3, 78)	885	0.0
(4, 133)	886	0.0
(4, 134)	887	0.0
(9, 93)	888	0.0
(3, 79)	889	0.0
(5, 51)	890	0.0
(3, 80)	891	0.0
(7, 125)	892	0.0
(8, 101)	893	0.0
(8, 102)	894	0.0
(4, 135)	895	0.0
(11, 62)	896	0.0
(7, 126)	897	0.0
(10, 46)	898	0.0
(16, 36)	899	0.0
(9, 94)	900	0.0
(8, 103)	901	0.0
(8, 104)	902	0.0
(4, 136)	903	0.0
(11, 63)	904	0.0
(7, 127)	905	0.0
(10, 47)	906	0.0
(8, 105)	907	0.0
(16, 37)	908	0.0
(16, 38)	909	0.0
(7, 128)	910	0.0
(7, 129)	911	0.0
(7, 130)	912	0.0
(10, 48)	913	0.0
(4, 137)	914	0.0
(4, 138)	915	0.0
(7, 131)	916	0.0
(7, 132)	917	0.0
(10, 49)	918	0.0
(8, 106)	919	0.0
(16, 39)	920	0.0
(16, 40)	921	0.0
(11, 64)	922	0.0
(12, 34)	923	0.0
(7, 133)	924	0.0
(7, 134)	925	0.0
(10, 50)	926	0.0
(3, 81)	927	0.0
(7, 135)	928	0.0
(7, 136)	929	0.0
(7, 137)	930	0.0
(9, 95)	931	0.0
(3, 82)	932	0.0
(4, 139)	933	0.0
(7, 138)	934	0.0
(7, 139)	935	0.0
(10, 51)	936	0.0
(8, 107)	937	0.0
(8, 108)	938	0.0
(4, 140)	939	0.0
(11, 65)	940	0.0
(9, 96)	941	0.0
(21, 7)	942	0.0
(4, 141)	943	0.0
(4, 142)	944	0.0
(9, 97)	945	0.0
(9, 98)	946	0.0
(19, 44)	947	0.0
(4, 143)	948	0.0
(7, 140)	949	0.0
(7, 141)	950	0.0
(9, 99)	951	0.0
(19, 45)	952	0.0
(4, 144)	953	0.0
(9, 100)	954	0.0
(19, 46)	955	0.0
(15, 24)	956	0.0
(17, 5)	957	0.0
(7, 142)	958	0.0
(9, 101)	959	0.0
(9, 102)	960	0.0
(19, 47)	961	0.0
(4, 145)	962	0.0
(4, 146)	963	0.0
(7, 143)	964	0.0
(7, 144)	965	0.0
(9, 103)	966	0.0
(5, 52)	967	0.0
(15, 25)	968	0.0
(9, 104)	969	0.0
(3, 83)	970	0.0
(3, 84)	971	0.0
(16, 41)	972	0.0
(8, 109)	973	0.0
(8, 110)	974	0.0
(9, 105)	975	0.0
(9, 106)	976	0.0
(16, 42)	977	0.0
(16, 43)	978	0.0
(8, 111)	979	0.0
(12, 35)	980	0.0
(8, 112)	981	0.0
(4, 147)	982	0.0
(16, 44)	983	0.0
(9, 107)	984	0.0
(8, 113)	985	0.0
(16, 45)	986	0.0
(7, 145)	987	0.0
(10, 52)	988	0.0
(4, 148)	989	0.0
(11, 66)	990	0.0
(7, 146)	991	0.0
(10, 53)	992	0.0
(8, 114)	993	0.0
(4, 149)	994	0.0
(8, 115)	995	0.0
(4, 150)	996	0.0
(10, 54)	997	0.0
(3, 85)	998	0.0
(4, 151)	999	0.0
(7, 147)	1000	0.0
(9, 108)	1001	0.0
(9, 109)	1002	0.0
(3, 86)	1003	0.0
(7, 148)	1004	0.0
(7, 149)	1005	0.0
(10, 55)	1006	0.0
(10, 56)	1007	0.0
(11, 67)	1008	0.0
(7, 150)	1009	0.0
(10, 57)	1010	0.0
(10, 58)	1011	0.0
(11, 68)	1012	0.0
(7, 151)	1013	0.0
(10, 59)	1014	0.0
(11, 69)	1015	0.0
(11, 70)	1016	0.0
(12, 36)	1017	0.0
(12, 37)	1018	0.0
(18, 5)	1019	0.0
(10, 60)	1020	0.0
(11, 71)	1021	0.0
(7, 152)	1022	0.0
(10, 61)	1023	0.0
(21, 8)	1024	0.0
(11, 72)	1025	0.0
(11, 73)	1026	0.0
(10, 62)	1027	0.0
(4, 152)	1028	0.0
(11, 74)	1029	0.0
(11, 75)	1030	0.0
(11, 76)	1031	0.0
(7, 153)	1032	0.0
(4, 153)	1033	0.0
(21, 9)	1034	0.0
(8, 116)	1035	0.0
(4, 154)	1036	0.0
(8, 117)	1037	0.0
(4, 155)	1038	0.0
(4, 156)	1039	0.0
(7, 154)	1040	0.0
(8, 118)	1041	0.0
(12, 38)	1042	0.0
(10, 63)	1043	0.0
(15, 26)	1044	0.0
(10, 64)	1045	0.0
(8, 119)	1046	0.0
(4, 157)	1047	0.0
(11, 77)	1048	0.0
(12, 39)	1049	0.0
(8, 120)	1050	0.0
(21, 10)	1051	0.0
(9, 110)	1052	0.0
(8, 121)	1053	0.0
(12, 40)	1054	0.0
(9, 111)	1055	0.0
(8, 122)	1056	0.0
(7, 155)	1057	0.0
(9, 112)	1058	0.0
(16, 46)	1059	0.0
(9, 113)	1060	0.0
(9, 114)	1061	0.0
(9, 115)	1062	0.0
(3, 87)	1063	0.0
(3, 88)	1064	0.0
(8, 123)	1065	0.0
(16, 47)	1066	0.0
(9, 116)	1067	0.0
(9, 117)	1068	0.0
(10, 65)	1069	0.0
(8, 124)	1070	0.0
(10, 66)	1071	0.0
(10, 67)	1072	0.0
(23, 13)	1073	0.0
(10, 68)	1074	0.0
(10, 69)	1075	0.0
(10, 70)	1076	0.0
(4, 158)	1077	0.0
(11, 78)	1078	0.0
(10, 71)	1079	0.0
(8, 125)	1080	0.0
(16, 48)	1081	0.0
(23, 14)	1082	0.0
(23, 15)	1083	0.0
(8, 126)	1084	0.0
(4, 159)	1085	0.0
(8, 127)	1086	0.0
(11, 79)	1087	0.0
(7, 156)	1088	0.0
(10, 72)	1089	0.0
(15, 27)	1090	0.0
(8, 128)	1091	0.0
(4, 160)	1092	0.0
(22, 8)	1093	0.0
(22, 9)	1094	0.0
(24, 2)	1095	0.0
(23, 16)	1096	0.0
(23, 17)	1097	0.0
(21, 11)	1098	0.0
(8, 129)	1099	0.0
(4, 161)	1100	0.0
(10, 73)	1101	0.0
(10, 74)	1102	0.0
(7, 157)	1103	0.0
(8, 130)	1104	0.0
(21, 12)	1105	0.0
(5, 53)	1106	0.0
(10, 75)	1107	0.0
(3, 89)	1108	0.0
(11, 80)	1109	0.0
(8, 131)	1110	0.0
(5, 54)	1111	0.0
(9, 118)	1112	0.0
(8, 132)	1113	0.0
(4, 162)	1114	0.0
(7, 158)	1115	0.0
(3, 90)	1116	0.0
(16, 49)	1117	0.0
(9, 119)	1118	0.0
(8, 133)	1119	0.0
(9, 120)	1120	0.0
(9, 121)	1121	0.0
(4, 163)	1122	0.0
(8, 134)	1123	0.0
(8, 135)	1124	0.0
(8, 136)	1125	0.0
(8, 137)	1126	0.0
(11, 81)	1127	0.0
(4, 164)	1128	0.0
(11, 82)	1129	0.0
(10, 76)	1130	0.0
(10, 77)	1131	0.0
(16, 50)	1132	0.0
(12, 41)	1133	0.0
(8, 138)	1134	0.0
(16, 51)	1135	0.0
(3, 91)	1136	0.0
(4, 165)	1137	0.0
(4, 166)	1138	0.0
(12, 42)	1139	0.0
(10, 78)	1140	0.0
(16, 52)	1141	0.0
(10, 79)	1142	0.0
(10, 80)	1143	0.0
(10, 81)	1144	0.0
(8, 139)	1145	0.0
(8, 140)	1146	0.0
(9, 122)	1147	0.0
(9, 123)	1148	0.0
(9, 124)	1149	0.0
(3, 92)	1150	0.0
(7, 159)	1151	0.0
(8, 141)	1152	0.0
(3, 93)	1153	0.0
(3, 94)	1154	0.0
(3, 95)	1155	0.0
(5, 55)	1156	0.0
(7, 160)	1157	0.0
(9, 125)	1158	0.0
(19, 48)	1159	0.0
(5, 56)	1160	0.0
(7, 161)	1161	0.0
(3, 96)	1162	0.0
(7, 162)	1163	0.0
(9, 126)	1164	0.0
(9, 127)	1165	0.0
(3, 97)	1166	0.0
(4, 167)	1167	0.0
(5, 57)	1168	0.0
(9, 128)	1169	0.0
(3, 98)	1170	0.0
(16, 53)	1171	0.0
(21, 13)	1172	0.0
(7, 163)	1173	0.0
(9, 129)	1174	0.0
(12, 43)	1175	0.0
(8, 142)	1176	0.0
(3, 99)	1177	0.0
(3, 100)	1178	0.0
(9, 130)	1179	0.0
(3, 101)	1180	0.0
(3, 102)	1181	0.0
(3, 103)	1182	0.0
(3, 104)	1183	0.0
(3, 105)	1184	0.0
(3, 106)	1185	0.0
(12, 44)	1186	0.0
(8, 143)	1187	0.0
(11, 83)	1188	0.0
(16, 54)	1189	0.0
(7, 164)	1190	0.0
(7, 165)	1191	0.0
(8, 144)	1192	0.0
(7, 166)	1193	0.0
(3, 107)	1194	0.0
(4, 168)	1195	0.0
(9, 131)	1196	0.0
(4, 169)	1197	0.0
(9, 132)	1198	0.0
(7, 167)	1199	0.0
(10, 82)	1200	0.0
(7, 168)	1201	0.0
(9, 133)	1202	0.0
(4, 170)	1203	0.0
(4, 171)	1204	0.0
(4, 172)	1205	0.0
(7, 169)	1206	0.0
(4, 173)	1207	0.0
(4, 174)	1208	0.0
(11, 84)	1209	0.0
(8, 145)	1210	0.0
(7, 170)	1211	0.0
(7, 171)	1212	0.0
(19, 49)	1213	0.0
(6, 10)	1214	0.0
(7, 172)	1215	0.0
(9, 134)	1216	0.0
(9, 135)	1217	0.0
(3, 108)	1218	0.0
(7, 173)	1219	0.0
(7, 174)	1220	0.0
(9, 136)	1221	0.0
(7, 175)	1222	0.0
(4, 175)	1223	0.0
(19, 50)	1224	0.0
(4, 176)	1225	0.0
(19, 51)	1226	0.0
(19, 52)	1227	0.0
(5, 58)	1228	0.0
(6, 11)	1229	0.0
(9, 137)	1230	0.0
(4, 177)	1231	0.0
(4, 178)	1232	0.0
(19, 53)	1233	0.0
(5, 59)	1234	0.0
(3, 109)	1235	0.0
(4, 179)	1236	0.0
(19, 54)	1237	0.0
(4, 180)	1238	0.0
(4, 181)	1239	0.0
(5, 60)	1240	0.0
(9, 138)	1241	0.0
(3, 110)	1242	0.0
(4, 182)	1243	0.0
(4, 183)	1244	0.0
(4, 184)	1245	0.0
(7, 176)	1246	0.0
(7, 177)	1247	0.0
(9, 139)	1248	0.0
(8, 146)	1249	0.0
(4, 185)	1250	0.0
(9, 140)	1251	0.0
(9, 141)	1252	0.0
(9, 142)	1253	0.0
(9, 143)	1254	0.0
(9, 144)	1255	0.0
(8, 147)	1256	0.0
(4, 186)	1257	0.0
(5, 61)	1258	0.0
(5, 62)	1259	0.0
(4, 187)	1260	0.0
(9, 145)	1261	0.0
(9, 146)	1262	0.0
(9, 147)	1263	0.0
(8, 148)	1264	0.0
(15, 28)	1265	0.0
(3, 111)	1266	0.0
(7, 178)	1267	0.0
(7, 179)	1268	0.0
(9, 148)	1269	0.0
(19, 55)	1270	0.0
(25, 11)	1271	0.0
(4, 188)	1272	0.0
(4, 189)	1273	0.0
(3, 112)	1274	0.0
(4, 190)	1275	0.0
(4, 191)	1276	0.0
(4, 192)	1277	0.0
(11, 85)	1278	0.0
(4, 193)	1279	0.0
(4, 194)	1280	0.0
(4, 195)	1281	0.0
(4, 196)	1282	0.0
(4, 197)	1283	0.0
(10, 83)	1284	0.0
(10, 84)	1285	0.0
(4, 198)	1286	0.0
(3, 113)	1287	0.0
(4, 199)	1288	0.0
(4, 200)	1289	0.0
(7, 180)	1290	0.0
(10, 85)	1291	0.0
(3, 114)	1292	0.0
(4, 201)	1293	0.0
(4, 202)	1294	0.0
(9, 149)	1295	0.0
(19, 56)	1296	0.0
(4, 203)	1297	0.0
(7, 181)	1298	0.0
(9, 150)	1299	0.0
(19, 57)	1300	0.0
(7, 182)	1301	0.0
(9, 151)	1302	0.0
(9, 152)	1303	0.0
(9, 153)	1304	0.0
(19, 58)	1305	0.0
(9, 154)	1306	0.0
(19, 59)	1307	0.0
(19, 60)	1308	0.0
(19, 61)	1309	0.0
(19, 62)	1310	0.0
(9, 155)	1311	0.0
(25, 12)	1312	0.0
(7, 183)	1313	0.0
(7, 184)	1314	0.0
(19, 63)	1315	0.0
(19, 64)	1316	0.0
(19, 65)	1317	0.0
(25, 13)	1318	0.0
(25, 14)	1319	0.0
(7, 185)	1320	0.0
(7, 186)	1321	0.0
(9, 156)	1322	0.0
(9, 157)	1323	0.0
(8, 149)	1324	0.0
(8, 150)	1325	0.0
(16, 55)	1326	0.0
(9, 158)	1327	0.0
(9, 159)	1328	0.0
(19, 66)	1329	0.0
(19, 67)	1330	0.0
(9, 160)	1331	0.0
(19, 68)	1332	0.0
(11, 86)	1333	0.0
(24, 3)	1334	0.0
(10, 86)	1335	0.0
(22, 10)	1336	0.0
(22, 11)	1337	0.0
(22, 12)	1338	0.0
(16, 56)	1339	0.0
(9, 161)	1340	0.0
(11, 87)	1341	0.0
(11, 88)	1342	0.0
(28, 1)	1343	0.0
(9, 162)	1344	0.0
(9, 163)	1345	0.0
(21, 14)	1346	0.0
(5, 63)	1347	0.0
(15, 29)	1348	0.0
(28, 2)	1349	0.0
(8, 151)	1350	0.0
(15, 30)	1351	0.0
(7, 187)	1352	0.0
(9, 164)	1353	0.0
(8, 152)	1354	0.0
(4, 204)	1355	0.0
(4, 205)	1356	0.0
(5, 64)	1357	0.0
(10, 87)	1358	0.0
(8, 153)	1359	0.0
(16, 57)	1360	0.0
(7, 188)	1361	0.0
(7, 189)	1362	0.0
(8, 154)	1363	0.0
(8, 155)	1364	0.0
(8, 156)	1365	0.0
(11, 89)	1366	0.0
(29, 1)	1367	0.0
(30, 1)	1368	0.0
(7, 190)	1369	0.0
(16, 58)	1370	0.0
(11, 90)	1371	0.0
(31, 1)	1372	0.0
(32, 1)	1373	0.0
(8, 157)	1374	0.0
(16, 59)	1375	0.0
(33, 1)	1376	0.0
(4, 206)	1377	0.0
(7, 191)	1378	0.0
(7, 192)	1379	0.0
(9, 165)	1380	0.0
(3, 115)	1381	0.0
(8, 158)	1382	0.0
(7, 193)	1383	0.0
(10, 88)	1384	0.0
(4, 207)	1385	0.0
(33, 2)	1386	0.0
(34, 1)	1387	0.0
(28, 3)	1388	0.0
(3, 116)	1389	0.0
(3, 117)	1390	0.0
(31, 2)	1391	0.0
(31, 3)	1392	0.0
(31, 4)	1393	0.0
(32, 2)	1394	0.0
(32, 3)	1395	0.0
(32, 4)	1396	0.0
(7, 194)	1397	0.0
(7, 195)	1398	0.0
(10, 89)	1399	0.0
(10, 90)	1400	0.0
(22, 13)	1401	0.0
(32, 5)	1402	0.0
(12, 45)	1403	0.0
(32, 6)	1404	0.0
(35, 1)	1405	0.0
(8, 159)	1406	0.0
(10, 91)	1407	0.0
(23, 18)	1408	0.0
(36, 1)	1409	0.0
(36, 2)	1410	0.0
(36, 3)	1411	0.0
(37, 1)	1412	0.0
(37, 2)	1413	0.0
(38, 1)	1414	0.0
(38, 2)	1415	0.0
(38, 3)	1416	0.0
(17, 6)	1417	0.0
(10, 92)	1418	0.0
(16, 60)	1419	0.0
(16, 61)	1420	0.0
(8, 160)	1421	0.0
(16, 62)	1422	0.0
(8, 161)	1423	0.0
(8, 162)	1424	0.0
(36, 4)	1425	0.0
(39, 1)	1426	0.0
(39, 2)	1427	0.0
(36, 5)	1428	0.0
(36, 6)	1429	0.0
(16, 63)	1430	0.0
(10, 93)	1431	0.0
(22, 14)	1432	0.0
(23, 19)	1433	0.0
(31, 5)	1434	0.0
(40, 1)	1435	0.0
(7, 196)	1436	0.0
(9, 166)	1437	0.0
(27, 2)	1438	0.0
(27, 3)	1439	0.0
(27, 4)	1440	0.0
(27, 5)	1441	0.0
(41, 1)	1442	0.0
(41, 2)	1443	0.0
(41, 3)	1444	0.0
(41, 4)	1445	0.0
(10, 94)	1446	0.0
(10, 95)	1447	0.0
(31, 6)	1448	0.0
(28, 4)	1449	0.0
(10, 96)	1450	0.0
(22, 15)	1451	0.0
(23, 20)	1452	0.0
(23, 21)	1453	0.0
(39, 3)	1454	0.0
(42, 1)	1455	0.0
(42, 2)	1456	0.0
(42, 3)	1457	0.0
(42, 4)	1458	0.0
(43, 1)	1459	0.0
(43, 2)	1460	0.0
(43, 3)	1461	0.0
(11, 91)	1462	0.0
(27, 6)	1463	0.0
(10, 97)	1464	0.0
(16, 64)	1465	0.0
(8, 163)	1466	0.0
(27, 7)	1467	0.0
(27, 8)	1468	0.0
(44, 1)	1469	0.0
(12, 46)	1470	0.0
(28, 5)	1471	0.0
(31, 7)	1472	0.0
(3, 118)	1473	0.0
(31, 8)	1474	0.0
(31, 9)	1475	0.0
(8, 164)	1476	0.0
(8, 165)	1477	0.0
(16, 65)	1478	0.0
(8, 166)	1479	0.0
(40, 2)	1480	0.0
(11, 92)	1481	0.0
(28, 6)	1482	0.0
(27, 9)	1483	0.0
(28, 7)	1484	0.0
(11, 93)	1485	0.0
(21, 15)	1486	0.0
(28, 8)	1487	0.0
(10, 98)	1488	0.0
(10, 99)	1489	0.0
(45, 1)	1490	0.0
(45, 2)	1491	0.0
(4, 208)	1492	0.0
(11, 94)	1493	0.0
(31, 10)	1494	0.0
(31, 11)	1495	0.0
(32, 7)	1496	0.0
(32, 8)	1497	0.0
(35, 2)	1498	0.0
(35, 3)	1499	0.0
(9, 167)	1500	0.0
(27, 10)	1501	0.0
(41, 5)	1502	0.0
(44, 2)	1503	0.0
(7, 197)	1504	0.0
(9, 168)	1505	0.0
(9, 169)	1506	0.0
(46, 1)	1507	0.0
(47, 1)	1508	0.0
(7, 198)	1509	0.0
(8, 167)	1510	0.0
(21, 16)	1511	0.0
(48, 1)	1512	0.0
(8, 168)	1513	0.0
(27, 11)	1514	0.0
(44, 3)	1515	0.0
(46, 2)	1516	0.0
(46, 3)	1517	0.0
(47, 2)	1518	0.0
(8, 169)	1519	0.0
(8, 170)	1520	0.0
(46, 4)	1521	0.0
(9, 170)	1522	0.0
(47, 3)	1523	0.0
(9, 171)	1524	0.0
(9, 172)	1525	0.0
(21, 17)	1526	0.0
(5, 65)	1527	0.0
(47, 4)	1528	0.0
(3, 119)	1529	0.0
(4, 209)	1530	0.0
(4, 210)	1531	0.0
(4, 211)	1532	0.0
(49, 1)	1533	0.0
(50, 1)	1534	0.0
(3, 120)	1535	0.0
(3, 121)	1536	0.0
(16, 66)	1537	0.0
(3, 122)	1538	0.0
(10, 100)	1539	0.0
(23, 22)	1540	0.0
(37, 3)	1541	0.0
(37, 4)	1542	0.0
(38, 4)	1543	0.0
(38, 5)	1544	0.0
(38, 6)	1545	0.0
(42, 5)	1546	0.0
(51, 1)	1547	0.0
(16, 67)	1548	0.0
(11, 95)	1549	0.0
(11, 96)	1550	0.0
(28, 9)	1551	0.0
(7, 199)	1552	0.0
(10, 101)	1553	0.0
(10, 102)	1554	0.0
(22, 16)	1555	0.0
(22, 17)	1556	0.0
(23, 23)	1557	0.0
(23, 24)	1558	0.0
(36, 7)	1559	0.0
(36, 8)	1560	0.0
(36, 9)	1561	0.0
(39, 4)	1562	0.0
(39, 5)	1563	0.0
(39, 6)	1564	0.0
(42, 6)	1565	0.0
(42, 7)	1566	0.0
(42, 8)	1567	0.0
(42, 9)	1568	0.0
(42, 10)	1569	0.0
(43, 4)	1570	0.0
(43, 5)	1571	0.0
(43, 6)	1572	0.0
(43, 7)	1573	0.0
(32, 9)	1574	0.0
(35, 4)	1575	0.0
(10, 103)	1576	0.0
(10, 104)	1577	0.0
(37, 5)	1578	0.0
(37, 6)	1579	0.0
(37, 7)	1580	0.0
(38, 7)	1581	0.0
(38, 8)	1582	0.0
(51, 2)	1583	0.0
(12, 47)	1584	0.0
(7, 200)	1585	0.0
(7, 201)	1586	0.0
(9, 173)	1587	0.0
(3, 123)	1588	0.0
(3, 124)	1589	0.0
(3, 125)	1590	0.0
(8, 171)	1591	0.0
(10, 105)	1592	0.0
(3, 126)	1593	0.0
(5, 66)	1594	0.0
(9, 174)	1595	0.0
(9, 175)	1596	0.0
(4, 212)	1597	0.0
(4, 213)	1598	0.0
(11, 97)	1599	0.0
(15, 31)	1600	0.0
(10, 106)	1601	0.0
(15, 32)	1602	0.0
(9, 176)	1603	0.0
(5, 67)	1604	0.0
(6, 12)	1605	0.0
(3, 127)	1606	0.0
(3, 128)	1607	0.0
(3, 129)	1608	0.0
(4, 214)	1609	0.0
(7, 202)	1610	0.0
(10, 107)	1611	0.0
(10, 108)	1612	0.0
(21, 18)	1613	0.0
(11, 98)	1614	0.0
(21, 19)	1615	0.0
(21, 20)	1616	0.0
(10, 109)	1617	0.0
(4, 215)	1618	0.0
(10, 110)	1619	0.0
(3, 130)	1620	0.0
(9, 177)	1621	0.0
(9, 178)	1622	0.0
(3, 131)	1623	0.0
(9, 179)	1624	0.0
(9, 180)	1625	0.0
(19, 69)	1626	0.0
(19, 70)	1627	0.0
(9, 181)	1628	0.0
(19, 71)	1629	0.0
(4, 216)	1630	0.0
(19, 72)	1631	0.0
(8, 172)	1632	0.0
(8, 173)	1633	0.0
(4, 217)	1634	0.0
(15, 33)	1635	0.0
(10, 111)	1636	0.0
(10, 112)	1637	0.0
(22, 18)	1638	0.0
(22, 19)	1639	0.0
(24, 4)	1640	0.0
(23, 25)	1641	0.0
(23, 26)	1642	0.0
(23, 27)	1643	0.0
(7, 203)	1644	0.0
(10, 113)	1645	0.0
(11, 99)	1646	0.0
(7, 204)	1647	0.0
(10, 114)	1648	0.0
(7, 205)	1649	0.0
(7, 206)	1650	0.0
(9, 182)	1651	0.0
(8, 174)	1652	0.0
(8, 175)	1653	0.0
(8, 176)	1654	0.0
(8, 177)	1655	0.0
(7, 207)	1656	0.0
(9, 183)	1657	0.0
(7, 208)	1658	0.0
(9, 184)	1659	0.0
(8, 178)	1660	0.0
(8, 179)	1661	0.0
(8, 180)	1662	0.0
(8, 181)	1663	0.0
(22, 20)	1664	0.0
(16, 68)	1665	0.0
(16, 69)	1666	0.0
(23, 28)	1667	0.0
(39, 7)	1668	0.0
(39, 8)	1669	0.0
(7, 209)	1670	0.0
(9, 185)	1671	0.0
(9, 186)	1672	0.0
(3, 132)	1673	0.0
(16, 70)	1674	0.0
(23, 29)	1675	0.0
(7, 210)	1676	0.0
(7, 211)	1677	0.0
(10, 115)	1678	0.0
(16, 71)	1679	0.0
(7, 212)	1680	0.0
(21, 21)	1681	0.0
(21, 22)	1682	0.0
(21, 23)	1683	0.0
(7, 213)	1684	0.0
(7, 214)	1685	0.0
(10, 116)	1686	0.0
(3, 133)	1687	0.0
(3, 134)	1688	0.0
(9, 187)	1689	0.0
(8, 182)	1690	0.0
(10, 117)	1691	0.0
(1, 4)	1692	0.0
(1, 5)	1693	0.0
(1, 6)	1694	0.0
(3, 135)	1695	0.0
(3, 136)	1696	0.0
(7, 215)	1697	0.0
(21, 24)	1698	0.0
(22, 21)	1699	0.0
(22, 22)	1700	0.0
(22, 23)	1701	0.0
(52, 1)	1702	0.0
(4, 218)	1703	0.0
(4, 219)	1704	0.0
(4, 220)	1705	0.0
(7, 216)	1706	0.0
(7, 217)	1707	0.0
(10, 118)	1708	0.0
(8, 183)	1709	0.0
(16, 72)	1710	0.0
(39, 9)	1711	0.0
(39, 10)	1712	0.0
(39, 11)	1713	0.0
(7, 218)	1714	0.0
(10, 119)	1715	0.0
(22, 24)	1716	0.0
(16, 73)	1717	0.0
(16, 74)	1718	0.0
(39, 12)	1719	0.0
(39, 13)	1720	0.0
(39, 14)	1721	0.0
(9, 188)	1722	0.0
(8, 184)	1723	0.0
(9, 189)	1724	0.0
(8, 185)	1725	0.0
(19, 73)	1726	0.0
(7, 219)	1727	0.0
(9, 190)	1728	0.0
(7, 220)	1729	0.0
(7, 221)	1730	0.0
(9, 191)	1731	0.0
(16, 75)	1732	0.0
(9, 192)	1733	0.0
(7, 222)	1734	0.0
(9, 193)	1735	0.0
(4, 221)	1736	0.0
(9, 194)	1737	0.0
(8, 186)	1738	0.0
(9, 195)	1739	0.0
(7, 223)	1740	0.0
(7, 224)	1741	0.0
(7, 225)	1742	0.0
(9, 196)	1743	0.0
(7, 226)	1744	0.0
(7, 227)	1745	0.0
(9, 197)	1746	0.0
(19, 74)	1747	0.0
(4, 222)	1748	0.0
(7, 228)	1749	0.0
(7, 229)	1750	0.0
(7, 230)	1751	0.0
(7, 231)	1752	0.0
(3, 137)	1753	0.0
(9, 198)	1754	0.0
(4, 223)	1755	0.0
(9, 199)	1756	0.0
(9, 200)	1757	0.0
(19, 75)	1758	0.0
(7, 232)	1759	0.0
(7, 233)	1760	0.0
(9, 201)	1761	0.0
(7, 234)	1762	0.0
(7, 235)	1763	0.0
(10, 120)	1764	0.0
(8, 187)	1765	0.0
(16, 76)	1766	0.0
(9, 202)	1767	0.0
(16, 77)	1768	0.0
(12, 48)	1769	0.0
(18, 6)	1770	0.0
(7, 236)	1771	0.0
(7, 237)	1772	0.0
(8, 188)	1773	0.0
(23, 30)	1774	0.0
(9, 203)	1775	0.0
(16, 78)	1776	0.0
(4, 224)	1777	0.0
(9, 204)	1778	0.0
(3, 138)	1779	0.0
(11, 100)	1780	0.0
(8, 189)	1781	0.0
(8, 190)	1782	0.0
(22, 25)	1783	0.0
(52, 2)	1784	0.0
(7, 238)	1785	0.0
(21, 25)	1786	0.0
(11, 101)	1787	0.0
(7, 239)	1788	0.0
(7, 240)	1789	0.0
(9, 205)	1790	0.0
(8, 191)	1791	0.0
(7, 241)	1792	0.0
(4, 225)	1793	0.0
(11, 102)	1794	0.0
(7, 242)	1795	0.0
(10, 121)	1796	0.0
(10, 122)	1797	0.0
(16, 79)	1798	0.0
(16, 80)	1799	0.0
(23, 31)	1800	0.0
(23, 32)	1801	0.0
(52, 3)	1802	0.0
(7, 243)	1803	0.0
(8, 192)	1804	0.0
(16, 81)	1805	0.0
(11, 103)	1806	0.0
(4, 226)	1807	0.0
(7, 244)	1808	0.0
(7, 245)	1809	0.0
(22, 26)	1810	0.0
(16, 82)	1811	0.0
(8, 193)	1812	0.0
(7, 246)	1813	0.0
(8, 194)	1814	0.0
(9, 206)	1815	0.0
(7, 247)	1816	0.0
(7, 248)	1817	0.0
(19, 76)	1818	0.0
(12, 49)	1819	0.0
(19, 77)	1820	0.0
(21, 26)	1821	0.0
(21, 27)	1822	0.0
(19, 78)	1823	0.0
(19, 79)	1824	0.0
(9, 207)	1825	0.0
(19, 80)	1826	0.0
(7, 249)	1827	0.0
(3, 139)	1828	0.0
(4, 227)	1829	0.0
(9, 208)	1830	0.0
(4, 228)	1831	0.0
(32, 10)	1832	0.0
(8, 195)	1833	0.0
(31, 12)	1834	0.0
(31, 13)	1835	0.0
(32, 11)	1836	0.0
(32, 12)	1837	0.0
(35, 5)	1838	0.0
(35, 6)	1839	0.0
(7, 250)	1840	0.0
(19, 81)	1841	0.0
(2, 3)	1842	0.0
(2, 4)	1843	0.0
(7, 251)	1844	0.0
(9, 209)	1845	0.0
(9, 210)	1846	0.0
(3, 140)	1847	0.0
(16, 83)	1848	0.0
(31, 14)	1849	0.0
(35, 7)	1850	0.0
(7, 252)	1851	0.0
(9, 211)	1852	0.0
(9, 212)	1853	0.0
(19, 82)	1854	0.0
(3, 141)	1855	0.0
(11, 104)	1856	0.0
(9, 213)	1857	0.0
(9, 214)	1858	0.0
(8, 196)	1859	0.0
(16, 84)	1860	0.0
(39, 15)	1861	0.0
(39, 16)	1862	0.0
(42, 11)	1863	0.0
(42, 12)	1864	0.0
(43, 8)	1865	0.0
(43, 9)	1866	0.0
(43, 10)	1867	0.0
(21, 28)	1868	0.0
(4, 229)	1869	0.0
(10, 123)	1870	0.0
(11, 105)	1871	0.0
(8, 197)	1872	0.0
(8, 198)	1873	0.0
(3, 142)	1874	0.0
(3, 143)	1875	0.0
(3, 144)	1876	0.0
(3, 145)	1877	0.0
(3, 146)	1878	0.0
(3, 147)	1879	0.0
(10, 124)	1880	0.0
(10, 125)	1881	0.0
(10, 126)	1882	0.0
(3, 148)	1883	0.0
(3, 149)	1884	0.0
(3, 150)	1885	0.0
(3, 151)	1886	0.0
(3, 152)	1887	0.0
(23, 33)	1888	0.0
(10, 127)	1889	0.0
(9, 215)	1890	0.0
(19, 83)	1891	0.0
(4, 230)	1892	0.0
(10, 128)	1893	0.0
(10, 129)	1894	0.0
(8, 199)	1895	0.0
(8, 200)	1896	0.0
(9, 216)	1897	0.0
(7, 253)	1898	0.0
(3, 153)	1899	0.0
(3, 154)	1900	0.0
(3, 155)	1901	0.0
(8, 201)	1902	0.0
(8, 202)	1903	0.0
(9, 217)	1904	0.0
(22, 27)	1905	0.0
(11, 106)	1906	0.0
(4, 231)	1907	0.0
(11, 107)	1908	0.0
(10, 130)	1909	0.0
(10, 131)	1910	0.0
(8, 203)	1911	0.0
(8, 204)	1912	0.0
(5, 68)	1913	0.0
(10, 132)	1914	0.0
(10, 133)	1915	0.0
(10, 134)	1916	0.0
(10, 135)	1917	0.0
(22, 28)	1918	0.0
(16, 85)	1919	0.0
(11, 108)	1920	0.0
(11, 109)	1921	0.0
(10, 136)	1922	0.0
(10, 137)	1923	0.0
(10, 138)	1924	0.0
(23, 34)	1925	0.0
(23, 35)	1926	0.0
(23, 36)	1927	0.0
(10, 139)	1928	0.0
(3, 156)	1929	0.0
(3, 157)	1930	0.0
(16, 86)	1931	0.0
(16, 87)	1932	0.0
(16, 88)	1933	0.0
(23, 37)	1934	0.0
(23, 38)	1935	0.0
(23, 39)	1936	0.0
(10, 140)	1937	0.0
(3, 158)	1938	0.0
(3, 159)	1939	0.0
(3, 160)	1940	0.0
(16, 89)	1941	0.0
(10, 141)	1942	0.0
(10, 142)	1943	0.0
(10, 143)	1944	0.0
(16, 90)	1945	0.0
(23, 40)	1946	0.0
(23, 41)	1947	0.0
(10, 144)	1948	0.0
(10, 145)	1949	0.0
(18, 7)	1950	0.0
(10, 146)	1951	0.0
(16, 91)	1952	0.0
(3, 161)	1953	0.0
(10, 147)	1954	0.0
(8, 205)	1955	0.0
(16, 92)	1956	0.0
(23, 42)	1957	0.0
(10, 148)	1958	0.0
(3, 162)	1959	0.0
(4, 232)	1960	0.0
(4, 233)	1961	0.0
(10, 149)	1962	0.0
(10, 150)	1963	0.0
(10, 151)	1964	0.0
(10, 152)	1965	0.0
(16, 93)	1966	0.0
(10, 153)	1967	0.0
(10, 154)	1968	0.0
(22, 29)	1969	0.0
(8, 206)	1970	0.0
(16, 94)	1971	0.0
(8, 207)	1972	0.0
(8, 208)	1973	0.0
(3, 163)	1974	0.0
(3, 164)	1975	0.0
(8, 209)	1976	0.0
(8, 210)	1977	0.0
(10, 155)	1978	0.0
(10, 156)	1979	0.0
(10, 157)	1980	0.0
(10, 158)	1981	0.0
(10, 159)	1982	0.0
(10, 160)	1983	0.0
(8, 211)	1984	0.0
(16, 95)	1985	0.0
(10, 161)	1986	0.0
(12, 50)	1987	0.0
(8, 212)	1988	0.0
(8, 213)	1989	0.0
(8, 214)	1990	0.0
(8, 215)	1991	0.0
(8, 216)	1992	0.0
(8, 217)	1993	0.0
(23, 43)	1994	0.0
(10, 162)	1995	0.0
(8, 218)	1996	0.0
(16, 96)	1997	0.0
(8, 219)	1998	0.0
(10, 163)	1999	0.0
(8, 220)	2000	0.0
(8, 221)	2001	0.0
(8, 222)	2002	0.0
(8, 223)	2003	0.0
(10, 164)	2004	0.0
(22, 30)	2005	0.0
(10, 165)	2006	0.0
(52, 4)	2007	0.0
(4, 234)	2008	0.0
(16, 97)	2009	0.0
(10, 166)	2010	0.0
(10, 167)	2011	0.0
(10, 168)	2012	0.0
(10, 169)	2013	0.0
(24, 5)	2014	0.0
(10, 170)	2015	0.0
(10, 171)	2016	0.0
(10, 172)	2017	0.0
(16, 98)	2018	0.0
(10, 173)	2019	0.0
(18, 8)	2020	0.0
(16, 99)	2021	0.0
(16, 100)	2022	0.0
(16, 101)	2023	0.0
(23, 44)	2024	0.0
(23, 45)	2025	0.0
(52, 5)	2026	0.0
(22, 31)	2027	0.0
(22, 32)	2028	0.0
(24, 6)	2029	0.0
(24, 7)	2030	0.0
(23, 46)	2031	0.0
(23, 47)	2032	0.0
(23, 48)	2033	0.0
(52, 6)	2034	0.0
(16, 102)	2035	0.0
(16, 103)	2036	0.0
(11, 110)	2037	0.0
(16, 104)	2038	0.0
(16, 105)	2039	0.0
(10, 174)	2040	0.0
(22, 33)	2041	0.0
(24, 8)	2042	0.0
(23, 49)	2043	0.0
(22, 34)	2044	0.0
(11, 111)	2045	0.0
(22, 35)	2046	0.0
(22, 36)	2047	0.0
(22, 37)	2048	0.0
(23, 50)	2049	0.0
(52, 7)	2050	0.0
(22, 38)	2051	0.0
(24, 9)	2052	0.0
(23, 51)	2053	0.0
(16, 106)	2054	0.0
(12, 51)	2055	0.0
(22, 39)	2056	0.0
(16, 107)	2057	0.0
(23, 52)	2058	0.0
(22, 40)	2059	0.0
(12, 52)	2060	0.0
(10, 175)	2061	0.0
(10, 176)	2062	0.0
(22, 41)	2063	0.0
(16, 108)	2064	0.0
(16, 109)	2065	0.0
(16, 110)	2066	0.0
(3, 165)	2067	0.0
(10, 177)	2068	0.0
(8, 224)	2069	0.0
(10, 178)	2070	0.0
(10, 179)	2071	0.0
(10, 180)	2072	0.0
(23, 53)	2073	0.0
(23, 54)	2074	0.0
(23, 55)	2075	0.0
(23, 56)	2076	0.0
(10, 181)	2077	0.0
(10, 182)	2078	0.0
(8, 225)	2079	0.0
(10, 183)	2080	0.0
(8, 226)	2081	0.0
(16, 111)	2082	0.0
(12, 53)	2083	0.0
(10, 184)	2084	0.0
(10, 185)	2085	0.0
(10, 186)	2086	0.0
(22, 42)	2087	0.0
(16, 112)	2088	0.0
(22, 43)	2089	0.0
(24, 10)	2090	0.0
(24, 11)	2091	0.0
(23, 57)	2092	0.0
(22, 44)	2093	0.0
(24, 12)	2094	0.0
(8, 227)	2095	0.0
(8, 228)	2096	0.0
(16, 113)	2097	0.0
(10, 187)	2098	0.0
(3, 166)	2099	0.0
(4, 235)	2100	0.0
(4, 236)	2101	0.0
(11, 112)	2102	0.0
(4, 237)	2103	0.0
(4, 238)	2104	0.0
(10, 188)	2105	0.0
(3, 167)	2106	0.0
(3, 168)	2107	0.0
(10, 189)	2108	0.0
(10, 190)	2109	0.0
(3, 169)	2110	0.0
(3, 170)	2111	0.0
(10, 191)	2112	0.0
(22, 45)	2113	0.0
(39, 17)	2114	0.0
(8, 229)	2115	0.0
(8, 230)	2116	0.0
(16, 114)	2117	0.0
(23, 58)	2118	0.0
(39, 18)	2119	0.0
(39, 19)	2120	0.0
(3, 171)	2121	0.0
(16, 115)	2122	0.0
(10, 192)	2123	0.0
(16, 116)	2124	0.0
(11, 113)	2125	0.0
(11, 114)	2126	0.0
(8, 231)	2127	0.0
(8, 232)	2128	0.0
(10, 193)	2129	0.0
(10, 194)	2130	0.0
(10, 195)	2131	0.0
(22, 46)	2132	0.0
(10, 196)	2133	0.0
(10, 197)	2134	0.0
(10, 198)	2135	0.0
(10, 199)	2136	0.0
(10, 200)	2137	0.0
(10, 201)	2138	0.0
(12, 54)	2139	0.0
(8, 233)	2140	0.0
(8, 234)	2141	0.0
(8, 235)	2142	0.0
(8, 236)	2143	0.0
(10, 202)	2144	0.0
(10, 203)	2145	0.0
(10, 204)	2146	0.0
(24, 13)	2147	0.0
(12, 55)	2148	0.0
(12, 56)	2149	0.0
(8, 237)	2150	0.0
(16, 117)	2151	0.0
(23, 59)	2152	0.0
(3, 172)	2153	0.0
(10, 205)	2154	0.0
(10, 206)	2155	0.0
(22, 47)	2156	0.0
(10, 207)	2157	0.0
(8, 238)	2158	0.0
(10, 208)	2159	0.0
(3, 173)	2160	0.0
(8, 239)	2161	0.0
(16, 118)	2162	0.0
(10, 209)	2163	0.0
(11, 115)	2164	0.0
(16, 119)	2165	0.0
(12, 57)	2166	0.0
(10, 210)	2167	0.0
(10, 211)	2168	0.0
(10, 212)	2169	0.0
(10, 213)	2170	0.0
(10, 214)	2171	0.0
(3, 174)	2172	0.0
(3, 175)	2173	0.0
(16, 120)	2174	0.0
(7, 254)	2175	0.0
(3, 176)	2176	0.0
(8, 240)	2177	0.0
(16, 121)	2178	0.0
(39, 20)	2179	0.0
(3, 177)	2180	0.0
(3, 178)	2181	0.0
(16, 122)	2182	0.0
(10, 215)	2183	0.0
(10, 216)	2184	0.0
(10, 217)	2185	0.0
(22, 48)	2186	0.0
(12, 58)	2187	0.0
(18, 9)	2188	0.0
(16, 123)	2189	0.0
(16, 124)	2190	0.0
(23, 60)	2191	0.0
(23, 61)	2192	0.0
(52, 8)	2193	0.0
(11, 116)	2194	0.0
(12, 59)	2195	0.0
(12, 60)	2196	0.0
(12, 61)	2197	0.0
(7, 255)	2198	0.0
(7, 256)	2199	0.0
(7, 257)	2200	0.0
(10, 218)	2201	0.0
(3, 179)	2202	0.0
(7, 258)	2203	0.0
(4, 239)	2204	0.0
(8, 241)	2205	0.0
(11, 117)	2206	0.0
(18, 10)	2207	0.0
(24, 14)	2208	0.0
(23, 62)	2209	0.0
(3, 180)	2210	0.0
(3, 181)	2211	0.0
(3, 182)	2212	0.0
(7, 259)	2213	0.0
(10, 219)	2214	0.0
(3, 183)	2215	0.0
(3, 184)	2216	0.0
(3, 185)	2217	0.0
(8, 242)	2218	0.0
(8, 243)	2219	0.0
(8, 244)	2220	0.0
(8, 245)	2221	0.0
(8, 246)	2222	0.0
(8, 247)	2223	0.0
(8, 248)	2224	0.0
(10, 220)	2225	0.0
(8, 249)	2226	0.0
(8, 250)	2227	0.0
(8, 251)	2228	0.0
(23, 63)	2229	0.0
(8, 252)	2230	0.0
(10, 221)	2231	0.0
(22, 49)	2232	0.0
(24, 15)	2233	0.0
(10, 222)	2234	0.0
(10, 223)	2235	0.0
(3, 186)	2236	0.0
(3, 187)	2237	0.0
(8, 253)	2238	0.0
(8, 254)	2239	0.0
(16, 125)	2240	0.0
(7, 260)	2241	0.0
(10, 224)	2242	0.0
(8, 255)	2243	0.0
(10, 225)	2244	0.0
(8, 256)	2245	0.0
(8, 257)	2246	0.0
(8, 258)	2247	0.0
(8, 259)	2248	0.0
(4, 240)	2249	0.0
(10, 226)	2250	0.0
(4, 241)	2251	0.0
(10, 227)	2252	0.0
(10, 228)	2253	0.0
(10, 229)	2254	0.0
(3, 188)	2255	0.0
(3, 189)	2256	0.0
(10, 230)	2257	0.0
(10, 231)	2258	0.0
(4, 242)	2259	0.0
(4, 243)	2260	0.0
(10, 232)	2261	0.0
(4, 244)	2262	0.0
(10, 233)	2263	0.0
(10, 234)	2264	0.0
(4, 245)	2265	0.0
(4, 246)	2266	0.0
(7, 261)	2267	0.0
(4, 247)	2268	0.0
(16, 126)	2269	0.0
(23, 64)	2270	0.0
(23, 65)	2271	0.0
(3, 190)	2272	0.0
(3, 191)	2273	0.0
(3, 192)	2274	0.0
(3, 193)	2275	0.0
(3, 194)	2276	0.0
(4, 248)	2277	0.0
(7, 262)	2278	0.0
(3, 195)	2279	0.0
(3, 196)	2280	0.0
(11, 118)	2281	0.0
(7, 263)	2282	0.0
(10, 235)	2283	0.0
(3, 197)	2284	0.0
(3, 198)	2285	0.0
(10, 236)	2286	0.0
(3, 199)	2287	0.0
(11, 119)	2288	0.0
(7, 264)	2289	0.0
(7, 265)	2290	0.0
(7, 266)	2291	0.0
(7, 267)	2292	0.0
(7, 268)	2293	0.0
(10, 237)	2294	0.0
(3, 200)	2295	0.0
(11, 120)	2296	0.0
(7, 269)	2297	0.0
(4, 249)	2298	0.0
(5, 69)	2299	0.0
(23, 66)	2300	0.0
(16, 127)	2301	0.0
(23, 67)	2302	0.0
(16, 128)	2303	0.0
(16, 129)	2304	0.0
(23, 68)	2305	0.0
(23, 69)	2306	0.0
(10, 238)	2307	0.0
(10, 239)	2308	0.0
(9, 218)	2309	0.0
(3, 201)	2310	0.0
(9, 219)	2311	0.0
(3, 202)	2312	0.0
(5, 70)	2313	0.0
(5, 71)	2314	0.0
(6, 13)	2315	0.0
(3, 203)	2316	0.0
(7, 270)	2317	0.0
(9, 220)	2318	0.0
(4, 250)	2319	0.0
(4, 251)	2320	0.0
(9, 221)	2321	0.0
(3, 204)	2322	0.0
(7, 271)	2323	0.0
(7, 272)	2324	0.0
(10, 240)	2325	0.0
(3, 205)	2326	0.0
(8, 260)	2327	0.0
(9, 222)	2328	0.0
(9, 223)	2329	0.0
(3, 206)	2330	0.0
(22, 50)	2331	0.0
(10, 241)	2332	0.0
(8, 261)	2333	0.0
(4, 252)	2334	0.0
(4, 253)	2335	0.0
(8, 262)	2336	0.0
(12, 62)	2337	0.0
(16, 130)	2338	0.0
(23, 70)	2339	0.0
(10, 242)	2340	0.0
(10, 243)	2341	0.0
(22, 51)	2342	0.0
(22, 52)	2343	0.0
(16, 131)	2344	0.0
(10, 244)	2345	0.0
(4, 254)	2346	0.0
(3, 207)	2347	0.0
(8, 263)	2348	0.0
(3, 208)	2349	0.0
(16, 132)	2350	0.0
(23, 71)	2351	0.0
(23, 72)	2352	0.0
(8, 264)	2353	0.0
(3, 209)	2354	0.0
(10, 245)	2355	0.0
(9, 224)	2356	0.0
(8, 265)	2357	0.0
(16, 133)	2358	0.0
(8, 266)	2359	0.0
(21, 29)	2360	0.0
(3, 210)	2361	0.0
(8, 267)	2362	0.0
(11, 121)	2363	0.0
(8, 268)	2364	0.0
(8, 269)	2365	0.0
(16, 134)	2366	0.0
(3, 211)	2367	0.0
(16, 135)	2368	0.0
(3, 212)	2369	0.0
(10, 246)	2370	0.0
(10, 247)	2371	0.0
(10, 248)	2372	0.0
(10, 249)	2373	0.0
(3, 213)	2374	0.0
(8, 270)	2375	0.0
(4, 255)	2376	0.0
(8, 271)	2377	0.0
(3, 214)	2378	0.0
(3, 215)	2379	0.0
(3, 216)	2380	0.0
(5, 72)	2381	0.0
(3, 217)	2382	0.0
(4, 256)	2383	0.0
(8, 272)	2384	0.0
(3, 218)	2385	0.0
(3, 219)	2386	0.0
(4, 257)	2387	0.0
(8, 273)	2388	0.0
(3, 220)	2389	0.0
(9, 225)	2390	0.0
(9, 226)	2391	0.0
(9, 227)	2392	0.0
(9, 228)	2393	0.0
(9, 229)	2394	0.0
(7, 273)	2395	0.0
(7, 274)	2396	0.0
(7, 275)	2397	0.0
(9, 230)	2398	0.0
(8, 274)	2399	0.0
(7, 276)	2400	0.0
(7, 277)	2401	0.0
(9, 231)	2402	0.0
(3, 221)	2403	0.0
(3, 222)	2404	0.0
(4, 258)	2405	0.0
(8, 275)	2406	0.0
(8, 276)	2407	0.0
(4, 259)	2408	0.0
(9, 232)	2409	0.0
(9, 233)	2410	0.0
(8, 277)	2411	0.0
(4, 260)	2412	0.0
(9, 234)	2413	0.0
(9, 235)	2414	0.0
(8, 278)	2415	0.0
(3, 223)	2416	0.0
(3, 224)	2417	0.0
(4, 261)	2418	0.0
(3, 225)	2419	0.0
(3, 226)	2420	0.0
(7, 278)	2421	0.0
(3, 227)	2422	0.0
(3, 228)	2423	0.0
(8, 279)	2424	0.0
(3, 229)	2425	0.0
(4, 262)	2426	0.0
(7, 279)	2427	0.0
(9, 236)	2428	0.0
(3, 230)	2429	0.0
(3, 231)	2430	0.0
(10, 250)	2431	0.0
(10, 251)	2432	0.0
(9, 237)	2433	0.0
(8, 280)	2434	0.0
(4, 263)	2435	0.0
(7, 280)	2436	0.0
(7, 281)	2437	0.0
(3, 232)	2438	0.0
(3, 233)	2439	0.0
(3, 234)	2440	0.0
(7, 282)	2441	0.0
(16, 136)	2442	0.0
(5, 73)	2443	0.0
(10, 252)	2444	0.0
(3, 235)	2445	0.0
(16, 137)	2446	0.0
(7, 283)	2447	0.0
(9, 238)	2448	0.0
(19, 84)	2449	0.0
(9, 239)	2450	0.0
(9, 240)	2451	0.0
(5, 74)	2452	0.0
(8, 281)	2453	0.0
(9, 241)	2454	0.0
(9, 242)	2455	0.0
(9, 243)	2456	0.0
(9, 244)	2457	0.0
(8, 282)	2458	0.0
(7, 284)	2459	0.0
(8, 283)	2460	0.0
(23, 73)	2461	0.0
(23, 74)	2462	0.0
(12, 63)	2463	0.0
(8, 284)	2464	0.0
(10, 253)	2465	0.0
(10, 254)	2466	0.0
(23, 75)	2467	0.0
(3, 236)	2468	0.0
(3, 237)	2469	0.0
(23, 76)	2470	0.0
(23, 77)	2471	0.0
(10, 255)	2472	0.0
(10, 256)	2473	0.0
(10, 257)	2474	0.0
(4, 264)	2475	0.0
(10, 258)	2476	0.0
(8, 285)	2477	0.0
(4, 265)	2478	0.0
(3, 238)	2479	0.0
(3, 239)	2480	0.0
(8, 286)	2481	0.0
(8, 287)	2482	0.0
(16, 138)	2483	0.0
(23, 78)	2484	0.0
(23, 79)	2485	0.0
(23, 80)	2486	0.0
(16, 139)	2487	0.0
(11, 122)	2488	0.0
(10, 259)	2489	0.0
(16, 140)	2490	0.0
(8, 288)	2491	0.0
(8, 289)	2492	0.0
(3, 240)	2493	0.0
(3, 241)	2494	0.0
(3, 242)	2495	0.0
(4, 266)	2496	0.0
(3, 243)	2497	0.0
(3, 244)	2498	0.0
(3, 245)	2499	0.0
(4, 267)	2500	0.0
(3, 246)	2501	0.0
(4, 268)	2502	0.0
(5, 75)	2503	0.0
(5, 76)	2504	0.0
(6, 14)	2505	0.0
(3, 247)	2506	0.0
(4, 269)	2507	0.0
(9, 245)	2508	0.0
(8, 290)	2509	0.0
(3, 248)	2510	0.0
(4, 270)	2511	0.0
(7, 285)	2512	0.0
(9, 246)	2513	0.0
(3, 249)	2514	0.0
(3, 250)	2515	0.0
(16, 141)	2516	0.0
(3, 251)	2517	0.0
(3, 252)	2518	0.0
(3, 253)	2519	0.0
(4, 271)	2520	0.0
(4, 272)	2521	0.0
(5, 77)	2522	0.0
(8, 291)	2523	0.0
(3, 254)	2524	0.0
(3, 255)	2525	0.0
(22, 53)	2526	0.0
(22, 54)	2527	0.0
(24, 16)	2528	0.0
(24, 17)	2529	0.0
(23, 81)	2530	0.0
(22, 55)	2531	0.0
(16, 142)	2532	0.0
(10, 260)	2533	0.0
(16, 143)	2534	0.0
(11, 123)	2535	0.0
(8, 292)	2536	0.0
(23, 82)	2537	0.0
(8, 293)	2538	0.0
(8, 294)	2539	0.0
(3, 256)	2540	0.0
(8, 295)	2541	0.0
(4, 273)	2542	0.0
(16, 144)	2543	0.0
(16, 145)	2544	0.0
(16, 146)	2545	0.0
(8, 296)	2546	0.0
(23, 83)	2547	0.0
(23, 84)	2548	0.0
(8, 297)	2549	0.0
(4, 274)	2550	0.0
(4, 275)	2551	0.0
(3, 257)	2552	0.0
(3, 258)	2553	0.0
(10, 261)	2554	0.0
(4, 276)	2555	0.0
(8, 298)	2556	0.0
(8, 299)	2557	0.0
(8, 300)	2558	0.0
(8, 301)	2559	0.0
(10, 262)	2560	0.0
(8, 302)	2561	0.0
(4, 277)	2562	0.0
(8, 303)	2563	0.0
(10, 263)	2564	0.0
(10, 264)	2565	0.0
(10, 265)	2566	0.0
(8, 304)	2567	0.0
(8, 305)	2568	0.0
(4, 278)	2569	0.0
(8, 306)	2570	0.0
(16, 147)	2571	0.0
(16, 148)	2572	0.0
(16, 149)	2573	0.0
(16, 150)	2574	0.0
(16, 151)	2575	0.0
(8, 307)	2576	0.0
(8, 308)	2577	0.0
(16, 152)	2578	0.0
(16, 153)	2579	0.0
(23, 85)	2580	0.0
(10, 266)	2581	0.0
(3, 259)	2582	0.0
(12, 64)	2583	0.0
(23, 86)	2584	0.0
(18, 11)	2585	0.0
(12, 65)	2586	0.0
(23, 87)	2587	0.0
(52, 9)	2588	0.0
(4, 279)	2589	0.0
(12, 66)	2590	0.0
(10, 267)	2591	0.0
(4, 280)	2592	0.0
(10, 268)	2593	0.0
(10, 269)	2594	0.0
(10, 270)	2595	0.0
(10, 271)	2596	0.0
(10, 272)	2597	0.0
(10, 273)	2598	0.0
(16, 154)	2599	0.0
(16, 155)	2600	0.0
(10, 274)	2601	0.0
(8, 309)	2602	0.0
(8, 310)	2603	0.0
(8, 311)	2604	0.0
(4, 281)	2605	0.0
(22, 56)	2606	0.0
(10, 275)	2607	0.0
(23, 88)	2608	0.0
(22, 57)	2609	0.0
(22, 58)	2610	0.0
(22, 59)	2611	0.0
(12, 67)	2612	0.0
(10, 276)	2613	0.0
(22, 60)	2614	0.0
(12, 68)	2615	0.0
(11, 124)	2616	0.0
(8, 312)	2617	0.0
(16, 156)	2618	0.0
(10, 277)	2619	0.0
(4, 282)	2620	0.0
(3, 260)	2621	0.0
(23, 89)	2622	0.0
(10, 278)	2623	0.0
(23, 90)	2624	0.0
(9, 247)	2625	0.0
(8, 313)	2626	0.0
(8, 314)	2627	0.0
(3, 261)	2628	0.0
(16, 157)	2629	0.0
(7, 286)	2630	0.0
(7, 287)	2631	0.0
(7, 288)	2632	0.0
(19, 85)	2633	0.0
(19, 86)	2634	0.0
(7, 289)	2635	0.0
(8, 315)	2636	0.0
(7, 290)	2637	0.0
(7, 291)	2638	0.0
(4, 283)	2639	0.0
(11, 125)	2640	0.0
(10, 279)	2641	0.0
(10, 280)	2642	0.0
(3, 262)	2643	0.0
(3, 263)	2644	0.0
(3, 264)	2645	0.0
(16, 158)	2646	0.0
(10, 281)	2647	0.0
(22, 61)	2648	0.0
(22, 62)	2649	0.0
(22, 63)	2650	0.0
(10, 282)	2651	0.0
(3, 265)	2652	0.0
(3, 266)	2653	0.0
(23, 91)	2654	0.0
(16, 159)	2655	0.0
(11, 126)	2656	0.0
(10, 283)	2657	0.0
(16, 160)	2658	0.0
(23, 92)	2659	0.0
(10, 284)	2660	0.0
(16, 161)	2661	0.0
(16, 162)	2662	0.0
(10, 285)	2663	0.0
(22, 64)	2664	0.0
(10, 286)	2665	0.0
(3, 267)	2666	0.0
(3, 268)	2667	0.0
(8, 316)	2668	0.0
(10, 287)	2669	0.0
(8, 317)	2670	0.0
(8, 318)	2671	0.0
(23, 93)	2672	0.0
(52, 10)	2673	0.0
(10, 288)	2674	0.0
(8, 319)	2675	0.0
(10, 289)	2676	0.0
(8, 320)	2677	0.0
(8, 321)	2678	0.0
(16, 163)	2679	0.0
(8, 322)	2680	0.0
(10, 290)	2681	0.0
(10, 291)	2682	0.0
(8, 323)	2683	0.0
(11, 127)	2684	0.0
(8, 324)	2685	0.0
(8, 325)	2686	0.0
(8, 326)	2687	0.0
(3, 269)	2688	0.0
(22, 65)	2689	0.0
(16, 164)	2690	0.0
(23, 94)	2691	0.0
(3, 270)	2692	0.0
(16, 165)	2693	0.0
(16, 166)	2694	0.0
(23, 95)	2695	0.0
(23, 96)	2696	0.0
(23, 97)	2697	0.0
(8, 327)	2698	0.0
(10, 292)	2699	0.0
(8, 328)	2700	0.0
(10, 293)	2701	0.0
(10, 294)	2702	0.0
(10, 295)	2703	0.0
(3, 271)	2704	0.0
(3, 272)	2705	0.0
(3, 273)	2706	0.0
(3, 274)	2707	0.0
(10, 296)	2708	0.0
(11, 128)	2709	0.0
(11, 129)	2710	0.0
(3, 275)	2711	0.0
(10, 297)	2712	0.0
(11, 130)	2713	0.0
(9, 248)	2714	0.0
(8, 329)	2715	0.0
(9, 249)	2716	0.0
(8, 330)	2717	0.0
(8, 331)	2718	0.0
(8, 332)	2719	0.0
(8, 333)	2720	0.0
(8, 334)	2721	0.0
(9, 250)	2722	0.0
(8, 335)	2723	0.0
(8, 336)	2724	0.0
(8, 337)	2725	0.0
(4, 284)	2726	0.0
(11, 131)	2727	0.0
(22, 66)	2728	0.0
(22, 67)	2729	0.0
(11, 132)	2730	0.0
(16, 167)	2731	0.0
(11, 133)	2732	0.0
(10, 298)	2733	0.0
(16, 168)	2734	0.0
(16, 169)	2735	0.0
(8, 338)	2736	0.0
(23, 98)	2737	0.0
(3, 276)	2738	0.0
(10, 299)	2739	0.0
(23, 99)	2740	0.0
(10, 300)	2741	0.0
(23, 100)	2742	0.0
(10, 301)	2743	0.0
(16, 170)	2744	0.0
(16, 171)	2745	0.0
(23, 101)	2746	0.0
(16, 172)	2747	0.0
(22, 68)	2748	0.0
(16, 173)	2749	0.0
(16, 174)	2750	0.0
(23, 102)	2751	0.0
(8, 339)	2752	0.0
(8, 340)	2753	0.0
(10, 302)	2754	0.0
(22, 69)	2755	0.0
(8, 341)	2756	0.0
(10, 303)	2757	0.0
(22, 70)	2758	0.0
(10, 304)	2759	0.0
(22, 71)	2760	0.0
(22, 72)	2761	0.0
(22, 73)	2762	0.0
(24, 18)	2763	0.0
(24, 19)	2764	0.0
(23, 103)	2765	0.0
(22, 74)	2766	0.0
(22, 75)	2767	0.0
(10, 305)	2768	0.0
(22, 76)	2769	0.0
(10, 306)	2770	0.0
(22, 77)	2771	0.0
(8, 342)	2772	0.0
(8, 343)	2773	0.0
(3, 277)	2774	0.0
(23, 104)	2775	0.0
(16, 175)	2776	0.0
(23, 105)	2777	0.0
(22, 78)	2778	0.0
(22, 79)	2779	0.0
(16, 176)	2780	0.0
(10, 307)	2781	0.0
(22, 80)	2782	0.0
(16, 177)	2783	0.0
(24, 20)	2784	0.0
(23, 106)	2785	0.0
(5, 78)	2786	0.0
(21, 30)	2787	0.0
(12, 69)	2788	0.0
(8, 344)	2789	0.0
(16, 178)	2790	0.0
(4, 285)	2791	0.0
(8, 345)	2792	0.0
(22, 81)	2793	0.0
(10, 308)	2794	0.0
(8, 346)	2795	0.0
(16, 179)	2796	0.0
(8, 347)	2797	0.0
(4, 286)	2798	0.0
(22, 82)	2799	0.0
(22, 83)	2800	0.0
(11, 134)	2801	0.0
(10, 309)	2802	0.0
(11, 135)	2803	0.0
(11, 136)	2804	0.0
(10, 310)	2805	0.0
(10, 311)	2806	0.0
(3, 278)	2807	0.0
(3, 279)	2808	0.0
(12, 70)	2809	0.0
(10, 312)	2810	0.0
(3, 280)	2811	0.0
(3, 281)	2812	0.0
(10, 313)	2813	0.0
(10, 314)	2814	0.0
(10, 315)	2815	0.0
(3, 282)	2816	0.0
(16, 180)	2817	0.0
(23, 107)	2818	0.0
(10, 316)	2819	0.0
(3, 283)	2820	0.0
(10, 317)	2821	0.0
(8, 348)	2822	0.0
(8, 349)	2823	0.0
(3, 284)	2824	0.0
(3, 285)	2825	0.0
(16, 181)	2826	0.0
(3, 286)	2827	0.0
(3, 287)	2828	0.0
(3, 288)	2829	0.0
(23, 108)	2830	0.0
(8, 350)	2831	0.0
(16, 182)	2832	0.0
(4, 287)	2833	0.0
(4, 288)	2834	0.0
(23, 109)	2835	0.0
(21, 31)	2836	0.0
(8, 351)	2837	0.0
(16, 183)	2838	0.0
(11, 137)	2839	0.0
(24, 21)	2840	0.0
(10, 318)	2841	0.0
(23, 110)	2842	0.0
(8, 352)	2843	0.0
(10, 319)	2844	0.0
(10, 320)	2845	0.0
(10, 321)	2846	0.0
(8, 353)	2847	0.0
(8, 354)	2848	0.0
(16, 184)	2849	0.0
(11, 138)	2850	0.0
(8, 355)	2851	0.0
(22, 84)	2852	0.0
(10, 322)	2853	0.0
(8, 356)	2854	0.0
(10, 323)	2855	0.0
(12, 71)	2856	0.0
(22, 85)	2857	0.0
(16, 185)	2858	0.0
(23, 111)	2859	0.0
(8, 357)	2860	0.0
(3, 289)	2861	0.0
(7, 292)	2862	0.0
(10, 324)	2863	0.0
(7, 293)	2864	0.0
(7, 294)	2865	0.0
(10, 325)	2866	0.0
(10, 326)	2867	0.0
(3, 290)	2868	0.0
(8, 358)	2869	0.0
(3, 291)	2870	0.0
(3, 292)	2871	0.0
(8, 359)	2872	0.0
(7, 295)	2873	0.0
(8, 360)	2874	0.0
(7, 296)	2875	0.0
(10, 327)	2876	0.0
(10, 328)	2877	0.0
(23, 112)	2878	0.0
(8, 361)	2879	0.0
(16, 186)	2880	0.0
(3, 293)	2881	0.0
(16, 187)	2882	0.0
(3, 294)	2883	0.0
(23, 113)	2884	0.0
(8, 362)	2885	0.0
(23, 114)	2886	0.0
(22, 86)	2887	0.0
(9, 251)	2888	0.0
(11, 139)	2889	0.0
(7, 297)	2890	0.0
(19, 87)	2891	0.0
(9, 252)	2892	0.0
(4, 289)	2893	0.0
(7, 298)	2894	0.0
(9, 253)	2895	0.0
(8, 363)	2896	0.0
(10, 329)	2897	0.0
(8, 364)	2898	0.0
(10, 330)	2899	0.0
(22, 87)	2900	0.0
(7, 299)	2901	0.0
(8, 365)	2902	0.0
(16, 188)	2903	0.0
(16, 189)	2904	0.0
(52, 11)	2905	0.0
(10, 331)	2906	0.0
(10, 332)	2907	0.0
(3, 295)	2908	0.0
(3, 296)	2909	0.0
(3, 297)	2910	0.0
(10, 333)	2911	0.0
(10, 334)	2912	0.0
(10, 335)	2913	0.0
(16, 190)	2914	0.0
(10, 336)	2915	0.0
(10, 337)	2916	0.0
(10, 338)	2917	0.0
(3, 298)	2918	0.0
(22, 88)	2919	0.0
(22, 89)	2920	0.0
(22, 90)	2921	0.0
(23, 115)	2922	0.0
(8, 366)	2923	0.0
(10, 339)	2924	0.0
(10, 340)	2925	0.0
(10, 341)	2926	0.0
(1, 7)	2927	0.0
(1, 8)	2928	0.0
(16, 191)	2929	0.0
(10, 342)	2930	0.0
(16, 192)	2931	0.0
(16, 193)	2932	0.0
(3, 299)	2933	0.0
(3, 300)	2934	0.0
(3, 301)	2935	0.0
(16, 194)	2936	0.0
(8, 367)	2937	0.0
(22, 91)	2938	0.0
(24, 22)	2939	0.0
(23, 116)	2940	0.0
(8, 368)	2941	0.0
(10, 343)	2942	0.0
(10, 344)	2943	0.0
(3, 302)	2944	0.0
(3, 303)	2945	0.0
(3, 304)	2946	0.0
(11, 140)	2947	0.0
(10, 345)	2948	0.0
(3, 305)	2949	0.0
(10, 346)	2950	0.0
(10, 347)	2951	0.0
(3, 306)	2952	0.0
(3, 307)	2953	0.0
(16, 195)	2954	0.0
(23, 117)	2955	0.0
(23, 118)	2956	0.0
(10, 348)	2957	0.0
(10, 349)	2958	0.0
(10, 350)	2959	0.0
(3, 308)	2960	0.0
(3, 309)	2961	0.0
(3, 310)	2962	0.0
(16, 196)	2963	0.0
(16, 197)	2964	0.0
(16, 198)	2965	0.0
(23, 119)	2966	0.0
(23, 120)	2967	0.0
(23, 121)	2968	0.0
(3, 311)	2969	0.0
(23, 122)	2970	0.0
(10, 351)	2971	0.0
(16, 199)	2972	0.0
(22, 92)	2973	0.0
(3, 312)	2974	0.0
(3, 313)	2975	0.0
(3, 314)	2976	0.0
(22, 93)	2977	0.0
(18, 12)	2978	0.0
(22, 94)	2979	0.0
(3, 315)	2980	0.0
(16, 200)	2981	0.0
(10, 352)	2982	0.0
(3, 316)	2983	0.0
(22, 95)	2984	0.0
(23, 123)	2985	0.0
(23, 124)	2986	0.0
(9, 254)	2987	0.0
(9, 255)	2988	0.0
(8, 369)	2989	0.0
(10, 353)	2990	0.0
(12, 72)	2991	0.0
(22, 96)	2992	0.0
(23, 125)	2993	0.0
(10, 354)	2994	0.0
(10, 355)	2995	0.0
(11, 141)	2996	0.0
(16, 201)	2997	0.0
(23, 126)	2998	0.0
(16, 202)	2999	0.0
(10, 356)	3000	0.0
(10, 357)	3001	0.0
(22, 97)	3002	0.0
(24, 23)	3003	0.0
(16, 203)	3004	0.0
(22, 98)	3005	0.0
(8, 370)	3006	0.0
(8, 371)	3007	0.0
(10, 358)	3008	0.0
(10, 359)	3009	0.0
(22, 99)	3010	0.0
(24, 24)	3011	0.0
(23, 127)	3012	0.0
(16, 204)	3013	0.0
(24, 25)	3014	0.0
(24, 26)	3015	0.0
(16, 205)	3016	0.0
(16, 206)	3017	0.0
(10, 360)	3018	0.0
(10, 361)	3019	0.0
(8, 372)	3020	0.0
(8, 373)	3021	0.0
(16, 207)	3022	0.0
(8, 374)	3023	0.0
(11, 142)	3024	0.0
(7, 300)	3025	0.0
(8, 375)	3026	0.0
(8, 376)	3027	0.0
(10, 362)	3028	0.0
(22, 100)	3029	0.0
(23, 128)	3030	0.0
(10, 363)	3031	0.0
(10, 364)	3032	0.0
(10, 365)	3033	0.0
(10, 366)	3034	0.0
(23, 129)	3035	0.0
(12, 73)	3036	0.0
(10, 367)	3037	0.0
(4, 290)	3038	0.0
(3, 317)	3039	0.0
(7, 301)	3040	0.0
(10, 368)	3041	0.0
(22, 101)	3042	0.0
(7, 302)	3043	0.0
(7, 303)	3044	0.0
(7, 304)	3045	0.0
(11, 143)	3046	0.0
(24, 27)	3047	0.0
(23, 130)	3048	0.0
(8, 377)	3049	0.0
(8, 378)	3050	0.0
(16, 208)	3051	0.0
(16, 209)	3052	0.0
(10, 369)	3053	0.0
(8, 379)	3054	0.0
(8, 380)	3055	0.0
(23, 131)	3056	0.0
(22, 102)	3057	0.0
(16, 210)	3058	0.0
(22, 103)	3059	0.0
(16, 211)	3060	0.0
(8, 381)	3061	0.0
(8, 382)	3062	0.0
(3, 318)	3063	0.0
(16, 212)	3064	0.0
(10, 370)	3065	0.0
(10, 371)	3066	0.0
(10, 372)	3067	0.0
(8, 383)	3068	0.0
(8, 384)	3069	0.0
(11, 144)	3070	0.0
(11, 145)	3071	0.0
(3, 319)	3072	0.0
(8, 385)	3073	0.0
(52, 12)	3074	0.0
(24, 28)	3075	0.0
(10, 373)	3076	0.0
(23, 132)	3077	0.0
(52, 13)	3078	0.0
(10, 374)	3079	0.0
(8, 386)	3080	0.0
(8, 387)	3081	0.0
(8, 388)	3082	0.0
(11, 146)	3083	0.0
(10, 375)	3084	0.0
(10, 376)	3085	0.0
(22, 104)	3086	0.0
(23, 133)	3087	0.0
(52, 14)	3088	0.0
(24, 29)	3089	0.0
(22, 105)	3090	0.0
(18, 13)	3091	0.0
(10, 377)	3092	0.0
(8, 389)	3093	0.0
(22, 106)	3094	0.0
(23, 134)	3095	0.0
(16, 213)	3096	0.0
(22, 107)	3097	0.0
(3, 320)	3098	0.0
(10, 378)	3099	0.0
(22, 108)	3100	0.0
(22, 109)	3101	0.0
(16, 214)	3102	0.0
(4, 291)	3103	0.0
(3, 321)	3104	0.0
(3, 322)	3105	0.0
(8, 390)	3106	0.0
(23, 135)	3107	0.0
(10, 379)	3108	0.0
(8, 391)	3109	0.0
(10, 380)	3110	0.0
(10, 381)	3111	0.0
(10, 382)	3112	0.0
(3, 323)	3113	0.0
(3, 324)	3114	0.0
(16, 215)	3115	0.0
(23, 136)	3116	0.0
(23, 137)	3117	0.0
(16, 216)	3118	0.0
(23, 138)	3119	0.0
(23, 139)	3120	0.0
(3, 325)	3121	0.0
(3, 326)	3122	0.0
(10, 383)	3123	0.0
(23, 140)	3124	0.0
(52, 15)	3125	0.0
(16, 217)	3126	0.0
(16, 218)	3127	0.0
(8, 392)	3128	0.0
(10, 384)	3129	0.0
(10, 385)	3130	0.0
(10, 386)	3131	0.0
(10, 387)	3132	0.0
(10, 388)	3133	0.0
(22, 110)	3134	0.0
(23, 141)	3135	0.0
(23, 142)	3136	0.0
(8, 393)	3137	0.0
(8, 394)	3138	0.0
(12, 74)	3139	0.0
(16, 219)	3140	0.0
(16, 220)	3141	0.0
(16, 221)	3142	0.0
(8, 395)	3143	0.0
(8, 396)	3144	0.0
(10, 389)	3145	0.0
(8, 397)	3146	0.0
(7, 305)	3147	0.0
(23, 143)	3148	0.0
(16, 222)	3149	0.0
(10, 390)	3150	0.0
(10, 391)	3151	0.0
(22, 111)	3152	0.0
(10, 392)	3153	0.0
(8, 398)	3154	0.0
(10, 393)	3155	0.0
(16, 223)	3156	0.0
(23, 144)	3157	0.0
(10, 394)	3158	0.0
(10, 395)	3159	0.0
(10, 396)	3160	0.0
(11, 147)	3161	0.0
(10, 397)	3162	0.0
(10, 398)	3163	0.0
(22, 112)	3164	0.0
(31, 15)	3165	0.0
(10, 399)	3166	0.0
(10, 400)	3167	0.0
(10, 401)	3168	0.0
(3, 327)	3169	0.0
(11, 148)	3170	0.0
(10, 402)	3171	0.0
(11, 149)	3172	0.0
(10, 403)	3173	0.0
(16, 224)	3174	0.0
(10, 404)	3175	0.0
(10, 405)	3176	0.0
(10, 406)	3177	0.0
(10, 407)	3178	0.0
(10, 408)	3179	0.0
(3, 328)	3180	0.0
(10, 409)	3181	0.0
(10, 410)	3182	0.0
(16, 225)	3183	0.0
(23, 145)	3184	0.0
(10, 411)	3185	0.0
(22, 113)	3186	0.0
(10, 412)	3187	0.0
(8, 399)	3188	0.0
(10, 413)	3189	0.0
(10, 414)	3190	0.0
(22, 114)	3191	0.0
(3, 329)	3192	0.0
(4, 292)	3193	0.0
(12, 75)	3194	0.0
(4, 293)	3195	0.0
(8, 400)	3196	0.0
(11, 150)	3197	0.0
(11, 151)	3198	0.0
(11, 152)	3199	0.0
(10, 415)	3200	0.0
(3, 330)	3201	0.0
(3, 331)	3202	0.0
(16, 226)	3203	0.0
(16, 227)	3204	0.0
(8, 401)	3205	0.0
(8, 402)	3206	0.0
(8, 403)	3207	0.0
(4, 294)	3208	0.0
(7, 306)	3209	0.0
(9, 256)	3210	0.0
(9, 257)	3211	0.0
(8, 404)	3212	0.0
(10, 416)	3213	0.0
(8, 405)	3214	0.0
(10, 417)	3215	0.0
(16, 228)	3216	0.0
(23, 146)	3217	0.0
(23, 147)	3218	0.0
(10, 418)	3219	0.0
(7, 307)	3220	0.0
(10, 419)	3221	0.0
(7, 308)	3222	0.0
(16, 229)	3223	0.0
(7, 309)	3224	0.0
(10, 420)	3225	0.0
(10, 421)	3226	0.0
(10, 422)	3227	0.0
(4, 295)	3228	0.0
(11, 153)	3229	0.0
(11, 154)	3230	0.0
(10, 423)	3231	0.0
(10, 424)	3232	0.0
(10, 425)	3233	0.0
(22, 115)	3234	0.0
(3, 332)	3235	0.0
(10, 426)	3236	0.0
(10, 427)	3237	0.0
(10, 428)	3238	0.0
(3, 333)	3239	0.0
(16, 230)	3240	0.0
(16, 231)	3241	0.0
(23, 148)	3242	0.0
(11, 155)	3243	0.0
(3, 334)	3244	0.0
(3, 335)	3245	0.0
(10, 429)	3246	0.0
(10, 430)	3247	0.0
(4, 296)	3248	0.0
(16, 232)	3249	0.0
(16, 233)	3250	0.0
(23, 149)	3251	0.0
(10, 431)	3252	0.0
(8, 406)	3253	0.0
(4, 297)	3254	0.0
(10, 432)	3255	0.0
(8, 407)	3256	0.0
(8, 408)	3257	0.0
(24, 30)	3258	0.0
(10, 433)	3259	0.0
(22, 116)	3260	0.0
(22, 117)	3261	0.0
(16, 234)	3262	0.0
(16, 235)	3263	0.0
(23, 150)	3264	0.0
(52, 16)	3265	0.0
(8, 409)	3266	0.0
(11, 156)	3267	0.0
(16, 236)	3268	0.0
(8, 410)	3269	0.0
(15, 34)	3270	0.0
(8, 411)	3271	0.0
(8, 412)	3272	0.0
(16, 237)	3273	0.0
(10, 434)	3274	0.0
(16, 238)	3275	0.0
(22, 118)	3276	0.0
(10, 435)	3277	0.0
(16, 239)	3278	0.0
(16, 240)	3279	0.0
(16, 241)	3280	0.0
(16, 242)	3281	0.0
(16, 243)	3282	0.0
(22, 119)	3283	0.0
(3, 336)	3284	0.0
(3, 337)	3285	0.0
(3, 338)	3286	0.0
(8, 413)	3287	0.0
(16, 244)	3288	0.0
(16, 245)	3289	0.0
(8, 414)	3290	0.0
(16, 246)	3291	0.0
(16, 247)	3292	0.0
(24, 31)	3293	0.0
(23, 151)	3294	0.0
(23, 152)	3295	0.0
(23, 153)	3296	0.0
(3, 339)	3297	0.0
(24, 32)	3298	0.0
(9, 258)	3299	0.0
(8, 415)	3300	0.0
(4, 298)	3301	0.0
(5, 79)	3302	0.0
(6, 15)	3303	0.0
(9, 259)	3304	0.0
(9, 260)	3305	0.0
(5, 80)	3306	0.0
(7, 310)	3307	0.0
(25, 15)	3308	0.0
(9, 261)	3309	0.0
(23, 154)	3310	0.0
(31, 16)	3311	0.0
(31, 17)	3312	0.0
(12, 76)	3313	0.0
(10, 436)	3314	0.0
(12, 77)	3315	0.0
(8, 416)	3316	0.0
(10, 437)	3317	0.0
(16, 248)	3318	0.0
(23, 155)	3319	0.0
(10, 438)	3320	0.0
(16, 249)	3321	0.0
(10, 439)	3322	0.0
(23, 156)	3323	0.0
(23, 157)	3324	0.0
(16, 250)	3325	0.0
(23, 158)	3326	0.0
(7, 311)	3327	0.0
(10, 440)	3328	0.0
(10, 441)	3329	0.0
(10, 442)	3330	0.0
(16, 251)	3331	0.0
(11, 157)	3332	0.0
(3, 340)	3333	0.0
(3, 341)	3334	0.0
(3, 342)	3335	0.0
(10, 443)	3336	0.0
(8, 417)	3337	0.0
(10, 444)	3338	0.0
(8, 418)	3339	0.0
(24, 33)	3340	0.0
(10, 445)	3341	0.0
(5, 81)	3342	0.0
(8, 419)	3343	0.0
(12, 78)	3344	0.0
(23, 159)	3345	0.0
(22, 120)	3346	0.0
(23, 160)	3347	0.0
(24, 34)	3348	0.0
(8, 420)	3349	0.0
(23, 161)	3350	0.0
(23, 162)	3351	0.0
(10, 446)	3352	0.0
(7, 312)	3353	0.0
(22, 121)	3354	0.0
(8, 421)	3355	0.0
(8, 422)	3356	0.0
(8, 423)	3357	0.0
(8, 424)	3358	0.0
(10, 447)	3359	0.0
(8, 425)	3360	0.0
(10, 448)	3361	0.0
(10, 449)	3362	0.0
(22, 122)	3363	0.0
(10, 450)	3364	0.0
(23, 163)	3365	0.0
(3, 343)	3366	0.0
(3, 344)	3367	0.0
(8, 426)	3368	0.0
(10, 451)	3369	0.0
(8, 427)	3370	0.0
(8, 428)	3371	0.0
(3, 345)	3372	0.0
(8, 429)	3373	0.0
(10, 452)	3374	0.0
(4, 299)	3375	0.0
(10, 453)	3376	0.0
(10, 454)	3377	0.0
(16, 252)	3378	0.0
(10, 455)	3379	0.0
(10, 456)	3380	0.0
(22, 123)	3381	0.0
(22, 124)	3382	0.0
(8, 430)	3383	0.0
(4, 300)	3384	0.0
(4, 301)	3385	0.0
(8, 431)	3386	0.0
(8, 432)	3387	0.0
(11, 158)	3388	0.0
(3, 346)	3389	0.0
(3, 347)	3390	0.0
(16, 253)	3391	0.0
(21, 32)	3392	0.0
(21, 33)	3393	0.0
(23, 164)	3394	0.0
(3, 348)	3395	0.0
(21, 34)	3396	0.0
(21, 35)	3397	0.0
(11, 159)	3398	0.0
(21, 36)	3399	0.0
(21, 37)	3400	0.0
(16, 254)	3401	0.0
(23, 165)	3402	0.0
(22, 125)	3403	0.0
(8, 433)	3404	0.0
(10, 457)	3405	0.0
(22, 126)	3406	0.0
(23, 166)	3407	0.0
(8, 434)	3408	0.0
(23, 167)	3409	0.0
(10, 458)	3410	0.0
(16, 255)	3411	0.0
(8, 435)	3412	0.0
(23, 168)	3413	0.0
(10, 459)	3414	0.0
(8, 436)	3415	0.0
(8, 437)	3416	0.0
(10, 460)	3417	0.0
(16, 256)	3418	0.0
(3, 349)	3419	0.0
(11, 160)	3420	0.0
(16, 257)	3421	0.0
(10, 461)	3422	0.0
(22, 127)	3423	0.0
(9, 262)	3424	0.0
(4, 302)	3425	0.0
(4, 303)	3426	0.0
(4, 304)	3427	0.0
(9, 263)	3428	0.0
(8, 438)	3429	0.0
(8, 439)	3430	0.0
(11, 161)	3431	0.0
(3, 350)	3432	0.0
(8, 440)	3433	0.0
(8, 441)	3434	0.0
(10, 462)	3435	0.0
(10, 463)	3436	0.0
(10, 464)	3437	0.0
(8, 442)	3438	0.0
(16, 258)	3439	0.0
(10, 465)	3440	0.0
(3, 351)	3441	0.0
(3, 352)	3442	0.0
(3, 353)	3443	0.0
(10, 466)	3444	0.0
(8, 443)	3445	0.0
(23, 169)	3446	0.0
(24, 35)	3447	0.0
(16, 259)	3448	0.0
(16, 260)	3449	0.0
(10, 467)	3450	0.0
(11, 162)	3451	0.0
(11, 163)	3452	0.0
(11, 164)	3453	0.0
(22, 128)	3454	0.0
(3, 354)	3455	0.0
(16, 261)	3456	0.0
(10, 468)	3457	0.0
(8, 444)	3458	0.0
(23, 170)	3459	0.0
(1, 9)	3460	0.0
(53, 1)	3461	0.0
(53, 2)	3462	0.0
(16, 262)	3463	0.0
(10, 469)	3464	0.0
(23, 171)	3465	0.0
(22, 129)	3466	0.0
(10, 470)	3467	0.0
(3, 355)	3468	0.0
(21, 38)	3469	0.0
(22, 130)	3470	0.0
(22, 131)	3471	0.0
(10, 471)	3472	0.0
(10, 472)	3473	0.0
(10, 473)	3474	0.0
(8, 445)	3475	0.0
(8, 446)	3476	0.0
(10, 474)	3477	0.0
(10, 475)	3478	0.0
(10, 476)	3479	0.0
(8, 447)	3480	0.0
(8, 448)	3481	0.0
(3, 356)	3482	0.0
(11, 165)	3483	0.0
(8, 449)	3484	0.0
(8, 450)	3485	0.0
(8, 451)	3486	0.0
(8, 452)	3487	0.0
(16, 263)	3488	0.0
(10, 477)	3489	0.0
(8, 453)	3490	0.0
(23, 172)	3491	0.0
(10, 478)	3492	0.0
(10, 479)	3493	0.0
(10, 480)	3494	0.0
(52, 17)	3495	0.0
(11, 166)	3496	0.0
(8, 454)	3497	0.0
(8, 455)	3498	0.0
(8, 456)	3499	0.0
(8, 457)	3500	0.0
(10, 481)	3501	0.0
(16, 264)	3502	0.0
(8, 458)	3503	0.0
(8, 459)	3504	0.0
(15, 35)	3505	0.0
(10, 482)	3506	0.0
(16, 265)	3507	0.0
(23, 173)	3508	0.0
(8, 460)	3509	0.0
(10, 483)	3510	0.0
(3, 357)	3511	0.0
(16, 266)	3512	0.0
(10, 484)	3513	0.0
(22, 132)	3514	0.0
(22, 133)	3515	0.0
(10, 485)	3516	0.0
(10, 486)	3517	0.0
(8, 461)	3518	0.0
(8, 462)	3519	0.0
(8, 463)	3520	0.0
(8, 464)	3521	0.0
(7, 313)	3522	0.0
(10, 487)	3523	0.0
(11, 167)	3524	0.0
(7, 314)	3525	0.0
(7, 315)	3526	0.0
(10, 488)	3527	0.0
(39, 21)	3528	0.0
(39, 22)	3529	0.0
(39, 23)	3530	0.0
(11, 168)	3531	0.0
(22, 134)	3532	0.0
(8, 465)	3533	0.0
(8, 466)	3534	0.0
(10, 489)	3535	0.0
(8, 467)	3536	0.0
(16, 267)	3537	0.0
(10, 490)	3538	0.0
(8, 468)	3539	0.0
(16, 268)	3540	0.0
(52, 18)	3541	0.0
(11, 169)	3542	0.0
(23, 174)	3543	0.0
(3, 358)	3544	0.0
(4, 305)	3545	0.0
(22, 135)	3546	0.0
(4, 306)	3547	0.0
(10, 491)	3548	0.0
(16, 269)	3549	0.0
(16, 270)	3550	0.0
(11, 170)	3551	0.0
(11, 171)	3552	0.0
(9, 264)	3553	0.0
(7, 316)	3554	0.0
(7, 317)	3555	0.0
(8, 469)	3556	0.0
(4, 307)	3557	0.0
(7, 318)	3558	0.0
(7, 319)	3559	0.0
(23, 175)	3560	0.0
(8, 470)	3561	0.0
(8, 471)	3562	0.0
(8, 472)	3563	0.0
(16, 271)	3564	0.0
(3, 359)	3565	0.0
(22, 136)	3566	0.0
(24, 36)	3567	0.0
(24, 37)	3568	0.0
(23, 176)	3569	0.0
(23, 177)	3570	0.0
(36, 10)	3571	0.0
(23, 178)	3572	0.0
(36, 11)	3573	0.0
(36, 12)	3574	0.0
(31, 18)	3575	0.0
(31, 19)	3576	0.0
(27, 12)	3577	0.0
(27, 13)	3578	0.0
(27, 14)	3579	0.0
(27, 15)	3580	0.0
(23, 179)	3581	0.0
(16, 272)	3582	0.0
(11, 172)	3583	0.0
(10, 492)	3584	0.0
(11, 173)	3585	0.0
(12, 79)	3586	0.0
(11, 174)	3587	0.0
(22, 137)	3588	0.0
(16, 273)	3589	0.0
(16, 274)	3590	0.0
(3, 360)	3591	0.0
(39, 24)	3592	0.0
(39, 25)	3593	0.0
(8, 473)	3594	0.0
(12, 80)	3595	0.0
(8, 474)	3596	0.0
(8, 475)	3597	0.0
(22, 138)	3598	0.0
(7, 320)	3599	0.0
(9, 265)	3600	0.0
(7, 321)	3601	0.0
(23, 180)	3602	0.0
(7, 322)	3603	0.0
(7, 323)	3604	0.0
(23, 181)	3605	0.0
(23, 182)	3606	0.0
(23, 183)	3607	0.0
(36, 13)	3608	0.0
(31, 20)	3609	0.0
(31, 21)	3610	0.0
(31, 22)	3611	0.0
(36, 14)	3612	0.0
(36, 15)	3613	0.0
(23, 184)	3614	0.0
(23, 185)	3615	0.0
(39, 26)	3616	0.0
(24, 38)	3617	0.0
(3, 361)	3618	0.0
(23, 186)	3619	0.0
(10, 493)	3620	0.0
(22, 139)	3621	0.0
(22, 140)	3622	0.0
(11, 175)	3623	0.0
(12, 81)	3624	0.0
(23, 187)	3625	0.0
(16, 275)	3626	0.0
(10, 494)	3627	0.0
(4, 308)	3628	0.0
(4, 309)	3629	0.0
(3, 362)	3630	0.0
(7, 324)	3631	0.0
(23, 188)	3632	0.0
(16, 276)	3633	0.0
(11, 176)	3634	0.0
(11, 177)	3635	0.0
(23, 189)	3636	0.0
(23, 190)	3637	0.0
(52, 19)	3638	0.0
(23, 191)	3639	0.0
(31, 23)	3640	0.0
(42, 13)	3641	0.0
(42, 14)	3642	0.0
(9, 266)	3643	0.0
(9, 267)	3644	0.0
(42, 15)	3645	0.0
(9, 268)	3646	0.0
(9, 269)	3647	0.0
(23, 192)	3648	0.0
(36, 16)	3649	0.0
(39, 27)	3650	0.0
(42, 16)	3651	0.0
(12, 82)	3652	0.0
(8, 476)	3653	0.0
(8, 477)	3654	0.0
(16, 277)	3655	0.0
(8, 478)	3656	0.0
(8, 479)	3657	0.0
(4, 310)	3658	0.0
(3, 363)	3659	0.0
(3, 364)	3660	0.0
(10, 495)	3661	0.0
(16, 278)	3662	0.0
(22, 141)	3663	0.0
(10, 496)	3664	0.0
(3, 365)	3665	0.0
(16, 279)	3666	0.0
(4, 311)	3667	0.0
(10, 497)	3668	0.0
(10, 498)	3669	0.0
(4, 312)	3670	0.0
(4, 313)	3671	0.0
(8, 480)	3672	0.0
(16, 280)	3673	0.0
(23, 193)	3674	0.0
(10, 499)	3675	0.0
(10, 500)	3676	0.0
(3, 366)	3677	0.0
(10, 501)	3678	0.0
(23, 194)	3679	0.0
(24, 39)	3680	0.0
(23, 195)	3681	0.0
(10, 502)	3682	0.0
(16, 281)	3683	0.0
(16, 282)	3684	0.0
(4, 314)	3685	0.0
(3, 367)	3686	0.0
(8, 481)	3687	0.0
(9, 270)	3688	0.0
(8, 482)	3689	0.0
(7, 325)	3690	0.0
(7, 326)	3691	0.0
(31, 24)	3692	0.0
(31, 25)	3693	0.0
(23, 196)	3694	0.0
(36, 17)	3695	0.0
(36, 18)	3696	0.0
(36, 19)	3697	0.0
(36, 20)	3698	0.0
(54, 1)	3699	0.0
(24, 40)	3700	0.0
(24, 41)	3701	0.0
(23, 197)	3702	0.0
(16, 283)	3703	0.0
(24, 42)	3704	0.0
(8, 483)	3705	0.0
(3, 368)	3706	0.0
(23, 198)	3707	0.0
(16, 284)	3708	0.0
(3, 369)	3709	0.0
(10, 503)	3710	0.0
(8, 484)	3711	0.0
(16, 285)	3712	0.0
(10, 504)	3713	0.0
(23, 199)	3714	0.0
(16, 286)	3715	0.0
(22, 142)	3716	0.0
(16, 287)	3717	0.0
(4, 315)	3718	0.0
(16, 288)	3719	0.0
(23, 200)	3720	0.0
(4, 316)	3721	0.0
(5, 82)	3722	0.0
(10, 505)	3723	0.0
(23, 201)	3724	0.0
(23, 202)	3725	0.0
(23, 203)	3726	0.0
(11, 178)	3727	0.0
(10, 506)	3728	0.0
(4, 317)	3729	0.0
(4, 318)	3730	0.0
(10, 507)	3731	0.0
(8, 485)	3732	0.0
(24, 43)	3733	0.0
(3, 370)	3734	0.0
(23, 204)	3735	0.0
(52, 20)	3736	0.0
(23, 205)	3737	0.0
(21, 39)	3738	0.0
(21, 40)	3739	0.0
(22, 143)	3740	0.0
(16, 289)	3741	0.0
(21, 41)	3742	0.0
(21, 42)	3743	0.0
(16, 290)	3744	0.0
(8, 486)	3745	0.0
(3, 371)	3746	0.0
(16, 291)	3747	0.0
(3, 372)	3748	0.0
(3, 373)	3749	0.0
(7, 327)	3750	0.0
(10, 508)	3751	0.0
(8, 487)	3752	0.0
(3, 374)	3753	0.0
(3, 375)	3754	0.0
(16, 292)	3755	0.0
(10, 509)	3756	0.0
(3, 376)	3757	0.0
(3, 377)	3758	0.0
(3, 378)	3759	0.0
(23, 206)	3760	0.0
(22, 144)	3761	0.0
(22, 145)	3762	0.0
(24, 44)	3763	0.0
(16, 293)	3764	0.0
(9, 271)	3765	0.0
(3, 379)	3766	0.0
(9, 272)	3767	0.0
(3, 380)	3768	0.0
(3, 381)	3769	0.0
(7, 328)	3770	0.0
(19, 88)	3771	0.0
(9, 273)	3772	0.0
(9, 274)	3773	0.0
(3, 382)	3774	0.0
(9, 275)	3775	0.0
(9, 276)	3776	0.0
(22, 146)	3777	0.0
(23, 207)	3778	0.0
(8, 488)	3779	0.0
(3, 383)	3780	0.0
(3, 384)	3781	0.0
(3, 385)	3782	0.0
(8, 489)	3783	0.0
(4, 319)	3784	0.0
(10, 510)	3785	0.0
(22, 147)	3786	0.0
(4, 320)	3787	0.0
(22, 148)	3788	0.0
(24, 45)	3789	0.0
(23, 208)	3790	0.0
(23, 209)	3791	0.0
(8, 490)	3792	0.0
(22, 149)	3793	0.0
(4, 321)	3794	0.0
(22, 150)	3795	0.0
(22, 151)	3796	0.0
(23, 210)	3797	0.0
(10, 511)	3798	0.0
(12, 83)	3799	0.0
(23, 211)	3800	0.0
(23, 212)	3801	0.0
(10, 512)	3802	0.0
(3, 386)	3803	0.0
(3, 387)	3804	0.0
(22, 152)	3805	0.0
(8, 491)	3806	0.0
(1, 10)	3807	0.0
(53, 3)	3808	0.0
(3, 388)	3809	0.0
(16, 294)	3810	0.0
(23, 213)	3811	0.0
(22, 153)	3812	0.0
(16, 295)	3813	0.0
(18, 14)	3814	0.0
(22, 154)	3815	0.0
(24, 46)	3816	0.0
(12, 84)	3817	0.0
(3, 389)	3818	0.0
(10, 513)	3819	0.0
(3, 390)	3820	0.0
(23, 214)	3821	0.0
(7, 329)	3822	0.0
(4, 322)	3823	0.0
(23, 215)	3824	0.0
(10, 514)	3825	0.0
(23, 216)	3826	0.0
(23, 217)	3827	0.0
(23, 218)	3828	0.0
(10, 515)	3829	0.0
(10, 516)	3830	0.0
(10, 517)	3831	0.0
(10, 518)	3832	0.0
(52, 21)	3833	0.0
(8, 492)	3834	0.0
(8, 493)	3835	0.0
(10, 519)	3836	0.0
(10, 520)	3837	0.0
(10, 521)	3838	0.0
(10, 522)	3839	0.0
(16, 296)	3840	0.0
(16, 297)	3841	0.0
(10, 523)	3842	0.0
(10, 524)	3843	0.0
(8, 494)	3844	0.0
(10, 525)	3845	0.0
(4, 323)	3846	0.0
(10, 526)	3847	0.0
(8, 495)	3848	0.0
(10, 527)	3849	0.0
(10, 528)	3850	0.0
(8, 496)	3851	0.0
(8, 497)	3852	0.0
(22, 155)	3853	0.0
(52, 22)	3854	0.0
(23, 219)	3855	0.0
(24, 47)	3856	0.0
(10, 529)	3857	0.0
(5, 83)	3858	0.0
(10, 530)	3859	0.0
(23, 220)	3860	0.0
(24, 48)	3861	0.0
(10, 531)	3862	0.0
(23, 221)	3863	0.0
(23, 222)	3864	0.0
(23, 223)	3865	0.0
(23, 224)	3866	0.0
(24, 49)	3867	0.0
(23, 225)	3868	0.0
(39, 28)	3869	0.0
(39, 29)	3870	0.0
(22, 156)	3871	0.0
(22, 157)	3872	0.0
(16, 298)	3873	0.0
(23, 226)	3874	0.0
(24, 50)	3875	0.0
(24, 51)	3876	0.0
(3, 391)	3877	0.0
(8, 498)	3878	0.0
(8, 499)	3879	0.0
(16, 299)	3880	0.0
(23, 227)	3881	0.0
(10, 532)	3882	0.0
(23, 228)	3883	0.0
(3, 392)	3884	0.0
(3, 393)	3885	0.0
(3, 394)	3886	0.0
(23, 229)	3887	0.0
(22, 158)	3888	0.0
(10, 533)	3889	0.0
(10, 534)	3890	0.0
(10, 535)	3891	0.0
(3, 395)	3892	0.0
(3, 396)	3893	0.0
(9, 277)	3894	0.0
(8, 500)	3895	0.0
(8, 501)	3896	0.0
(8, 502)	3897	0.0
(4, 324)	3898	0.0
(9, 278)	3899	0.0
(8, 503)	3900	0.0
(8, 504)	3901	0.0
(8, 505)	3902	0.0
(11, 179)	3903	0.0
(11, 180)	3904	0.0
(16, 300)	3905	0.0
(10, 536)	3906	0.0
(12, 85)	3907	0.0
(39, 30)	3908	0.0
(39, 31)	3909	0.0
(4, 325)	3910	0.0
(4, 326)	3911	0.0
(10, 537)	3912	0.0
(12, 86)	3913	0.0
(4, 327)	3914	0.0
(8, 506)	3915	0.0
(16, 301)	3916	0.0
(10, 538)	3917	0.0
(4, 328)	3918	0.0
(8, 507)	3919	0.0
(7, 330)	3920	0.0
(10, 539)	3921	0.0
(22, 159)	3922	0.0
(8, 508)	3923	0.0
(8, 509)	3924	0.0
(8, 510)	3925	0.0
(23, 230)	3926	0.0
(9, 279)	3927	0.0
(9, 280)	3928	0.0
(7, 331)	3929	0.0
(8, 511)	3930	0.0
(7, 332)	3931	0.0
(9, 281)	3932	0.0
(9, 282)	3933	0.0
(9, 283)	3934	0.0
(9, 284)	3935	0.0
(9, 285)	3936	0.0
(8, 512)	3937	0.0
(7, 333)	3938	0.0
(7, 334)	3939	0.0
(9, 286)	3940	0.0
(7, 335)	3941	0.0
(9, 287)	3942	0.0
(25, 16)	3943	0.0
(25, 17)	3944	0.0
(26, 2)	3945	0.0
(4, 329)	3946	0.0
(10, 540)	3947	0.0
(22, 160)	3948	0.0
(24, 52)	3949	0.0
(24, 53)	3950	0.0
(23, 231)	3951	0.0
(23, 232)	3952	0.0
(16, 302)	3953	0.0
(8, 513)	3954	0.0
(8, 514)	3955	0.0
(8, 515)	3956	0.0
(21, 43)	3957	0.0
(16, 303)	3958	0.0
(19, 89)	3959	0.0
(21, 44)	3960	0.0
(4, 330)	3961	0.0
(9, 288)	3962	0.0
(9, 289)	3963	0.0
(7, 336)	3964	0.0
(9, 290)	3965	0.0
(8, 516)	3966	0.0
(4, 331)	3967	0.0
(7, 337)	3968	0.0
(21, 45)	3969	0.0
(3, 397)	3970	0.0
(24, 54)	3971	0.0
(11, 181)	3972	0.0
(23, 233)	3973	0.0
(24, 55)	3974	0.0
(52, 23)	3975	0.0
(1, 11)	3976	0.0
(22, 161)	3977	0.0
(22, 162)	3978	0.0
(24, 56)	3979	0.0
(22, 163)	3980	0.0
(24, 57)	3981	0.0
(8, 517)	3982	0.0
(10, 541)	3983	0.0
(52, 24)	3984	0.0
(24, 58)	3985	0.0
(52, 25)	3986	0.0
(22, 164)	3987	0.0
(24, 59)	3988	0.0
(10, 542)	3989	0.0
(10, 543)	3990	0.0
(10, 544)	3991	0.0
(10, 545)	3992	0.0
(10, 546)	3993	0.0
(22, 165)	3994	0.0
(22, 166)	3995	0.0
(10, 547)	3996	0.0
(31, 26)	3997	0.0
(10, 548)	3998	0.0
(31, 27)	3999	0.0
(10, 549)	4000	0.0
(10, 550)	4001	0.0
(23, 234)	4002	0.0
(8, 518)	4003	0.0
(10, 551)	4004	0.0
(10, 552)	4005	0.0
(4, 332)	4006	0.0
(3, 398)	4007	0.0
(10, 553)	4008	0.0
(10, 554)	4009	0.0
(4, 333)	4010	0.0
(10, 555)	4011	0.0
(23, 235)	4012	0.0
(24, 60)	4013	0.0
(22, 167)	4014	0.0
(23, 236)	4015	0.0
(23, 237)	4016	0.0
(3, 399)	4017	0.0
(3, 400)	4018	0.0
(10, 556)	4019	0.0
(10, 557)	4020	0.0
(22, 168)	4021	0.0
(10, 558)	4022	0.0
(22, 169)	4023	0.0
(23, 238)	4024	0.0
(10, 559)	4025	0.0
(8, 519)	4026	0.0
(16, 304)	4027	0.0
(22, 170)	4028	0.0
(3, 401)	4029	0.0
(8, 520)	4030	0.0
(4, 334)	4031	0.0
(11, 182)	4032	0.0
(23, 239)	4033	0.0
(10, 560)	4034	0.0
(22, 171)	4035	0.0
(4, 335)	4036	0.0
(3, 402)	4037	0.0
(3, 403)	4038	0.0
(10, 561)	4039	0.0
(3, 404)	4040	0.0
(3, 405)	4041	0.0
(9, 291)	4042	0.0
(8, 521)	4043	0.0
(8, 522)	4044	0.0
(8, 523)	4045	0.0
(3, 406)	4046	0.0
(11, 183)	4047	0.0
(10, 562)	4048	0.0
(3, 407)	4049	0.0
(3, 408)	4050	0.0
(8, 524)	4051	0.0
(7, 338)	4052	0.0
(9, 292)	4053	0.0
(8, 525)	4054	0.0
(8, 526)	4055	0.0
(9, 293)	4056	0.0
(3, 409)	4057	0.0
(24, 61)	4058	0.0
(7, 339)	4059	0.0
(23, 240)	4060	0.0
(24, 62)	4061	0.0
(23, 241)	4062	0.0
(23, 242)	4063	0.0
(3, 410)	4064	0.0
(3, 411)	4065	0.0
(3, 412)	4066	0.0
(3, 413)	4067	0.0
(22, 172)	4068	0.0
(24, 63)	4069	0.0
(3, 414)	4070	0.0
(9, 294)	4071	0.0
(4, 336)	4072	0.0
(8, 527)	4073	0.0
(22, 173)	4074	0.0
(16, 305)	4075	0.0
(8, 528)	4076	0.0
(23, 243)	4077	0.0
(52, 26)	4078	0.0
(8, 529)	4079	0.0
(10, 563)	4080	0.0
(22, 174)	4081	0.0
(8, 530)	4082	0.0
(7, 340)	4083	0.0
(10, 564)	4084	0.0
(22, 175)	4085	0.0
(8, 531)	4086	0.0
(23, 244)	4087	0.0
(10, 565)	4088	0.0
(16, 306)	4089	0.0
(10, 566)	4090	0.0
(8, 532)	4091	0.0
(3, 415)	4092	0.0
(4, 337)	4093	0.0
(11, 184)	4094	0.0
(3, 416)	4095	0.0
(4, 338)	4096	0.0
(4, 339)	4097	0.0
(4, 340)	4098	0.0
(10, 567)	4099	0.0
(24, 64)	4100	0.0
(23, 245)	4101	0.0
(10, 568)	4102	0.0
(10, 569)	4103	0.0
(4, 341)	4104	0.0
(9, 295)	4105	0.0
(8, 533)	4106	0.0
(16, 307)	4107	0.0
(10, 570)	4108	0.0
(8, 534)	4109	0.0
(23, 246)	4110	0.0
(24, 65)	4111	0.0
(8, 535)	4112	0.0
(22, 176)	4113	0.0
(52, 27)	4114	0.0
(10, 571)	4115	0.0
(23, 247)	4116	0.0
(8, 536)	4117	0.0
(22, 177)	4118	0.0
(10, 572)	4119	0.0
(10, 573)	4120	0.0
(10, 574)	4121	0.0
(3, 417)	4122	0.0
(11, 185)	4123	0.0
(11, 186)	4124	0.0
(10, 575)	4125	0.0
(22, 178)	4126	0.0
(22, 179)	4127	0.0
(31, 28)	4128	0.0
(32, 13)	4129	0.0
(4, 342)	4130	0.0
(4, 343)	4131	0.0
(8, 537)	4132	0.0
(31, 29)	4133	0.0
(31, 30)	4134	0.0
(31, 31)	4135	0.0
(34, 2)	4136	0.0
(23, 248)	4137	0.0
(52, 28)	4138	0.0
(8, 538)	4139	0.0
(31, 32)	4140	0.0
(31, 33)	4141	0.0
(8, 539)	4142	0.0
(8, 540)	4143	0.0
(31, 34)	4144	0.0
(29, 2)	4145	0.0
(29, 3)	4146	0.0
(29, 4)	4147	0.0
(55, 1)	4148	0.0
(55, 2)	4149	0.0
(55, 3)	4150	0.0
(55, 4)	4151	0.0
(24, 66)	4152	0.0
(27, 16)	4153	0.0
(27, 17)	4154	0.0
(44, 4)	4155	0.0
(36, 21)	4156	0.0
(36, 22)	4157	0.0
(37, 8)	4158	0.0
(42, 17)	4159	0.0
(42, 18)	4160	0.0
(42, 19)	4161	0.0
(42, 20)	4162	0.0
(42, 21)	4163	0.0
(27, 18)	4164	0.0
(27, 19)	4165	0.0
(44, 5)	4166	0.0
(36, 23)	4167	0.0
(3, 418)	4168	0.0
(32, 14)	4169	0.0
(32, 15)	4170	0.0
(32, 16)	4171	0.0
(32, 17)	4172	0.0
(32, 18)	4173	0.0
(32, 19)	4174	0.0
(27, 20)	4175	0.0
(44, 6)	4176	0.0
(44, 7)	4177	0.0
(44, 8)	4178	0.0
(36, 24)	4179	0.0
(36, 25)	4180	0.0
(37, 9)	4181	0.0
(42, 22)	4182	0.0
(36, 26)	4183	0.0
(38, 9)	4184	0.0
(10, 576)	4185	0.0
(23, 249)	4186	0.0
(36, 27)	4187	0.0
(37, 10)	4188	0.0
(37, 11)	4189	0.0
(38, 10)	4190	0.0
(38, 11)	4191	0.0
(38, 12)	4192	0.0
(42, 23)	4193	0.0
(51, 3)	4194	0.0
(51, 4)	4195	0.0
(51, 5)	4196	0.0
(27, 21)	4197	0.0
(27, 22)	4198	0.0
(41, 6)	4199	0.0
(41, 7)	4200	0.0
(10, 577)	4201	0.0
(37, 12)	4202	0.0
(37, 13)	4203	0.0
(38, 13)	4204	0.0
(38, 14)	4205	0.0
(38, 15)	4206	0.0
(32, 20)	4207	0.0
(36, 28)	4208	0.0
(37, 14)	4209	0.0
(37, 15)	4210	0.0
(38, 16)	4211	0.0
(41, 8)	4212	0.0
(1, 12)	4213	0.0
(1, 13)	4214	0.0
(1, 14)	4215	0.0
(2, 5)	4216	0.0
(2, 6)	4217	0.0
(31, 35)	4218	0.0
(31, 36)	4219	0.0
(10, 578)	4220	0.0
(22, 180)	4221	0.0
(22, 181)	4222	0.0
(23, 250)	4223	0.0
(43, 11)	4224	0.0
(43, 12)	4225	0.0
(43, 13)	4226	0.0
(10, 579)	4227	0.0
(10, 580)	4228	0.0
(27, 23)	4229	0.0
(27, 24)	4230	0.0
(27, 25)	4231	0.0
(41, 9)	4232	0.0
(7, 341)	4233	0.0
(10, 581)	4234	0.0
(10, 582)	4235	0.0
(31, 37)	4236	0.0
(32, 21)	4237	0.0
(35, 8)	4238	0.0
(32, 22)	4239	0.0
(32, 23)	4240	0.0
(32, 24)	4241	0.0
(32, 25)	4242	0.0
(32, 26)	4243	0.0
(10, 583)	4244	0.0
(10, 584)	4245	0.0
(10, 585)	4246	0.0
(35, 9)	4247	0.0
(36, 29)	4248	0.0
(38, 17)	4249	0.0
(42, 24)	4250	0.0
(31, 38)	4251	0.0
(31, 39)	4252	0.0
(31, 40)	4253	0.0
(31, 41)	4254	0.0
(23, 251)	4255	0.0
(34, 3)	4256	0.0
(8, 541)	4257	0.0
(39, 32)	4258	0.0
(39, 33)	4259	0.0
(39, 34)	4260	0.0
(23, 252)	4261	0.0
(52, 29)	4262	0.0
(35, 10)	4263	0.0
(32, 27)	4264	0.0
(32, 28)	4265	0.0
(35, 11)	4266	0.0
(35, 12)	4267	0.0
(23, 253)	4268	0.0
(23, 254)	4269	0.0
(39, 35)	4270	0.0
(39, 36)	4271	0.0
(10, 586)	4272	0.0
(16, 308)	4273	0.0
(36, 30)	4274	0.0
(39, 37)	4275	0.0
(31, 42)	4276	0.0
(31, 43)	4277	0.0
(41, 10)	4278	0.0
(56, 1)	4279	0.0
(27, 26)	4280	0.0
(27, 27)	4281	0.0
(44, 9)	4282	0.0
(28, 10)	4283	0.0
(39, 38)	4284	0.0
(43, 14)	4285	0.0
(43, 15)	4286	0.0
(43, 16)	4287	0.0
(43, 17)	4288	0.0
(43, 18)	4289	0.0
(43, 19)	4290	0.0
(43, 20)	4291	0.0
(43, 21)	4292	0.0
(57, 1)	4293	0.0
(57, 2)	4294	0.0
(57, 3)	4295	0.0
(3, 419)	4296	0.0
(10, 587)	4297	0.0
(40, 3)	4298	0.0
(31, 44)	4299	0.0
(32, 29)	4300	0.0
(32, 30)	4301	0.0
(46, 5)	4302	0.0
(47, 5)	4303	0.0
(41, 11)	4304	0.0
(36, 31)	4305	0.0
(39, 39)	4306	0.0
(42, 25)	4307	0.0
(28, 11)	4308	0.0
(44, 10)	4309	0.0
(44, 11)	4310	0.0
(44, 12)	4311	0.0
(27, 28)	4312	0.0
(27, 29)	4313	0.0
(11, 187)	4314	0.0
(8, 542)	4315	0.0
(16, 309)	4316	0.0
(27, 30)	4317	0.0
(27, 31)	4318	0.0
(41, 12)	4319	0.0
(41, 13)	4320	0.0
(11, 188)	4321	0.0
(56, 2)	4322	0.0
(23, 255)	4323	0.0
(36, 32)	4324	0.0
(37, 16)	4325	0.0
(37, 17)	4326	0.0
(42, 26)	4327	0.0
(11, 189)	4328	0.0
(39, 40)	4329	0.0
(58, 1)	4330	0.0
(43, 22)	4331	0.0
(43, 23)	4332	0.0
(57, 4)	4333	0.0
(57, 5)	4334	0.0
(57, 6)	4335	0.0
(39, 41)	4336	0.0
(42, 27)	4337	0.0
(42, 28)	4338	0.0
(42, 29)	4339	0.0
(42, 30)	4340	0.0
(43, 24)	4341	0.0
(43, 25)	4342	0.0
(43, 26)	4343	0.0
(57, 7)	4344	0.0
(57, 8)	4345	0.0
(57, 9)	4346	0.0
(42, 31)	4347	0.0
(43, 27)	4348	0.0
(57, 10)	4349	0.0
(57, 11)	4350	0.0
(57, 12)	4351	0.0
(39, 42)	4352	0.0
(42, 32)	4353	0.0
(57, 13)	4354	0.0
(39, 43)	4355	0.0
(42, 33)	4356	0.0
(42, 34)	4357	0.0
(42, 35)	4358	0.0
(42, 36)	4359	0.0
(42, 37)	4360	0.0
(42, 38)	4361	0.0
(58, 2)	4362	0.0
(57, 14)	4363	0.0
(57, 15)	4364	0.0
(57, 16)	4365	0.0
(57, 17)	4366	0.0
(57, 18)	4367	0.0
(57, 19)	4368	0.0
(57, 20)	4369	0.0
(31, 45)	4370	0.0
(31, 46)	4371	0.0
(31, 47)	4372	0.0
(31, 48)	4373	0.0
(39, 44)	4374	0.0
(42, 39)	4375	0.0
(43, 28)	4376	0.0
(43, 29)	4377	0.0
(43, 30)	4378	0.0
(57, 21)	4379	0.0
(57, 22)	4380	0.0
(31, 49)	4381	0.0
(35, 13)	4382	0.0
(32, 31)	4383	0.0
(33, 3)	4384	0.0
(41, 14)	4385	0.0
(3, 420)	4386	0.0
(7, 342)	4387	0.0
(8, 543)	4388	0.0
(44, 13)	4389	0.0
(27, 32)	4390	0.0
(27, 33)	4391	0.0
(44, 14)	4392	0.0
(44, 15)	4393	0.0
(7, 343)	4394	0.0
(7, 344)	4395	0.0
(7, 345)	4396	0.0
(10, 588)	4397	0.0
(44, 16)	4398	0.0
(44, 17)	4399	0.0
(44, 18)	4400	0.0
(9, 296)	4401	0.0
(9, 297)	4402	0.0
(46, 6)	4403	0.0
(46, 7)	4404	0.0
(47, 6)	4405	0.0
(41, 15)	4406	0.0
(46, 8)	4407	0.0
(31, 50)	4408	0.0
(53, 4)	4409	0.0
(53, 5)	4410	0.0
(59, 1)	4411	0.0
(59, 2)	4412	0.0
(60, 1)	4413	0.0
(60, 2)	4414	0.0
(60, 3)	4415	0.0
(61, 1)	4416	0.0
(31, 51)	4417	0.0
(10, 589)	4418	0.0
(22, 182)	4419	0.0
(28, 12)	4420	0.0
(37, 18)	4421	0.0
(10, 590)	4422	0.0
(46, 9)	4423	0.0
(36, 33)	4424	0.0
(36, 34)	4425	0.0
(42, 40)	4426	0.0
(43, 31)	4427	0.0
(43, 32)	4428	0.0
(27, 34)	4429	0.0
(27, 35)	4430	0.0
(31, 52)	4431	0.0
(35, 14)	4432	0.0
(31, 53)	4433	0.0
(36, 35)	4434	0.0
(36, 36)	4435	0.0
(39, 45)	4436	0.0
(42, 41)	4437	0.0
(42, 42)	4438	0.0
(42, 43)	4439	0.0
(42, 44)	4440	0.0
(42, 45)	4441	0.0
(43, 33)	4442	0.0
(43, 34)	4443	0.0
(3, 421)	4444	0.0
(4, 344)	4445	0.0
(11, 190)	4446	0.0
(62, 1)	4447	0.0
(12, 87)	4448	0.0
(36, 37)	4449	0.0
(36, 38)	4450	0.0
(36, 39)	4451	0.0
(36, 40)	4452	0.0
(36, 41)	4453	0.0
(37, 19)	4454	0.0
(37, 20)	4455	0.0
(37, 21)	4456	0.0
(37, 22)	4457	0.0
(38, 18)	4458	0.0
(31, 54)	4459	0.0
(10, 591)	4460	0.0
(41, 16)	4461	0.0
(41, 17)	4462	0.0
(49, 2)	4463	0.0
(50, 2)	4464	0.0
(36, 42)	4465	0.0
(47, 7)	4466	0.0
(10, 592)	4467	0.0
(10, 593)	4468	0.0
(37, 23)	4469	0.0
(38, 19)	4470	0.0
(32, 32)	4471	0.0
(35, 15)	4472	0.0
(23, 256)	4473	0.0
(32, 33)	4474	0.0
(32, 34)	4475	0.0
(12, 88)	4476	0.0
(10, 594)	4477	0.0
(22, 183)	4478	0.0
(22, 184)	4479	0.0
(22, 185)	4480	0.0
(16, 310)	4481	0.0
(11, 191)	4482	0.0
(10, 595)	4483	0.0
(21, 46)	4484	0.0
(21, 47)	4485	0.0
(10, 596)	4486	0.0
(8, 544)	4487	0.0
(8, 545)	4488	0.0
(37, 24)	4489	0.0
(4, 345)	4490	0.0
(4, 346)	4491	0.0
(4, 347)	4492	0.0
(49, 3)	4493	0.0
(49, 4)	4494	0.0
(49, 5)	4495	0.0
(49, 6)	4496	0.0
(49, 7)	4497	0.0
(50, 3)	4498	0.0
(50, 4)	4499	0.0
(63, 1)	4500	0.0
(44, 19)	4501	0.0
(27, 36)	4502	0.0
(27, 37)	4503	0.0
(27, 38)	4504	0.0
(41, 18)	4505	0.0
(45, 3)	4506	0.0
(45, 4)	4507	0.0
(45, 5)	4508	0.0
(23, 257)	4509	0.0
(23, 258)	4510	0.0
(23, 259)	4511	0.0
(36, 43)	4512	0.0
(37, 25)	4513	0.0
(37, 26)	4514	0.0
(23, 260)	4515	0.0
(64, 1)	4516	0.0
(22, 186)	4517	0.0
(16, 311)	4518	0.0
(23, 261)	4519	0.0
(22, 187)	4520	0.0
(22, 188)	4521	0.0
(46, 10)	4522	0.0
(47, 8)	4523	0.0
(31, 55)	4524	0.0
(10, 597)	4525	0.0
(10, 598)	4526	0.0
(8, 546)	4527	0.0
(31, 56)	4528	0.0
(31, 57)	4529	0.0
(31, 58)	4530	0.0
(22, 189)	4531	0.0
(8, 547)	4532	0.0
(36, 44)	4533	0.0
(36, 45)	4534	0.0
(37, 27)	4535	0.0
(37, 28)	4536	0.0
(37, 29)	4537	0.0
(38, 20)	4538	0.0
(16, 312)	4539	0.0
(8, 548)	4540	0.0
(28, 13)	4541	0.0
(24, 67)	4542	0.0
(8, 549)	4543	0.0
(10, 599)	4544	0.0
(8, 550)	4545	0.0
(31, 59)	4546	0.0
(37, 30)	4547	0.0
(38, 21)	4548	0.0
(49, 8)	4549	0.0
(50, 5)	4550	0.0
(44, 20)	4551	0.0
(36, 46)	4552	0.0
(36, 47)	4553	0.0
(27, 39)	4554	0.0
(27, 40)	4555	0.0
(44, 21)	4556	0.0
(44, 22)	4557	0.0
(44, 23)	4558	0.0
(56, 3)	4559	0.0
(23, 262)	4560	0.0
(23, 263)	4561	0.0
(36, 48)	4562	0.0
(36, 49)	4563	0.0
(36, 50)	4564	0.0
(36, 51)	4565	0.0
(36, 52)	4566	0.0
(37, 31)	4567	0.0
(37, 32)	4568	0.0
(37, 33)	4569	0.0
(37, 34)	4570	0.0
(37, 35)	4571	0.0
(42, 46)	4572	0.0
(42, 47)	4573	0.0
(42, 48)	4574	0.0
(42, 49)	4575	0.0
(23, 264)	4576	0.0
(39, 46)	4577	0.0
(31, 60)	4578	0.0
(31, 61)	4579	0.0
(10, 600)	4580	0.0
(10, 601)	4581	0.0
(22, 190)	4582	0.0
(22, 191)	4583	0.0
(24, 68)	4584	0.0
(52, 30)	4585	0.0
(10, 602)	4586	0.0
(7, 346)	4587	0.0
(7, 347)	4588	0.0
(4, 348)	4589	0.0
(16, 313)	4590	0.0
(53, 6)	4591	0.0
(65, 1)	4592	0.0
(3, 422)	4593	0.0
(37, 36)	4594	0.0
(66, 1)	4595	0.0
(42, 50)	4596	0.0
(24, 69)	4597	0.0
(22, 192)	4598	0.0
(10, 603)	4599	0.0
(8, 551)	4600	0.0
(31, 62)	4601	0.0
(8, 552)	4602	0.0
(23, 265)	4603	0.0
(23, 266)	4604	0.0
(36, 53)	4605	0.0
(39, 47)	4606	0.0
(39, 48)	4607	0.0
(39, 49)	4608	0.0
(39, 50)	4609	0.0
(39, 51)	4610	0.0
(42, 51)	4611	0.0
(42, 52)	4612	0.0
(42, 53)	4613	0.0
(42, 54)	4614	0.0
(42, 55)	4615	0.0
(43, 35)	4616	0.0
(43, 36)	4617	0.0
(43, 37)	4618	0.0
(43, 38)	4619	0.0
(41, 19)	4620	0.0
(41, 20)	4621	0.0
(41, 21)	4622	0.0
(11, 192)	4623	0.0
(27, 41)	4624	0.0
(27, 42)	4625	0.0
(32, 35)	4626	0.0
(28, 14)	4627	0.0
(27, 43)	4628	0.0
(44, 24)	4629	0.0
(44, 25)	4630	0.0
(22, 193)	4631	0.0
(11, 193)	4632	0.0
(10, 604)	4633	0.0
(10, 605)	4634	0.0
(4, 349)	4635	0.0
(4, 350)	4636	0.0
(31, 63)	4637	0.0
(32, 36)	4638	0.0
(32, 37)	4639	0.0
(8, 553)	4640	0.0
(27, 44)	4641	0.0
(11, 194)	4642	0.0
(27, 45)	4643	0.0
(44, 26)	4644	0.0
(36, 54)	4645	0.0
(37, 37)	4646	0.0
(37, 38)	4647	0.0
(66, 2)	4648	0.0
(67, 1)	4649	0.0
(22, 194)	4650	0.0
(24, 70)	4651	0.0
(24, 71)	4652	0.0
(8, 554)	4653	0.0
(3, 423)	4654	0.0
(3, 424)	4655	0.0
(3, 425)	4656	0.0
(16, 314)	4657	0.0
(3, 426)	4658	0.0
(23, 267)	4659	0.0
(22, 195)	4660	0.0
(8, 555)	4661	0.0
(24, 72)	4662	0.0
(8, 556)	4663	0.0
(8, 557)	4664	0.0
(8, 558)	4665	0.0
(10, 606)	4666	0.0
(16, 315)	4667	0.0
(10, 607)	4668	0.0
(22, 196)	4669	0.0
(23, 268)	4670	0.0
(16, 316)	4671	0.0
(4, 351)	4672	0.0
(8, 559)	4673	0.0
(8, 560)	4674	0.0
(4, 352)	4675	0.0
(8, 561)	4676	0.0
(11, 195)	4677	0.0
(8, 562)	4678	0.0
(8, 563)	4679	0.0
(3, 427)	4680	0.0
(8, 564)	4681	0.0
(8, 565)	4682	0.0
(3, 428)	4683	0.0
(10, 608)	4684	0.0
(23, 269)	4685	0.0
(52, 31)	4686	0.0
(12, 89)	4687	0.0
(10, 609)	4688	0.0
(22, 197)	4689	0.0
(23, 270)	4690	0.0
(8, 566)	4691	0.0
(23, 271)	4692	0.0
(8, 567)	4693	0.0
(4, 353)	4694	0.0
(52, 32)	4695	0.0
(52, 33)	4696	0.0
(4, 354)	4697	0.0
(22, 198)	4698	0.0
(3, 429)	4699	0.0
(8, 568)	4700	0.0
(22, 199)	4701	0.0
(16, 317)	4702	0.0
(5, 84)	4703	0.0
(3, 430)	4704	0.0
(3, 431)	4705	0.0
(8, 569)	4706	0.0
(11, 196)	4707	0.0
(12, 90)	4708	0.0
(10, 610)	4709	0.0
(10, 611)	4710	0.0
(3, 432)	4711	0.0
(3, 433)	4712	0.0
(16, 318)	4713	0.0
(16, 319)	4714	0.0
(22, 200)	4715	0.0
(11, 197)	4716	0.0
(10, 612)	4717	0.0
(8, 570)	4718	0.0
(23, 272)	4719	0.0
(23, 273)	4720	0.0
(16, 320)	4721	0.0
(10, 613)	4722	0.0
(1, 15)	4723	0.0
(3, 434)	4724	0.0
(3, 435)	4725	0.0
(16, 321)	4726	0.0
(10, 614)	4727	0.0
(10, 615)	4728	0.0
(21, 48)	4729	0.0
(8, 571)	4730	0.0
(23, 274)	4731	0.0
(8, 572)	4732	0.0
(10, 616)	4733	0.0
(10, 617)	4734	0.0
(23, 275)	4735	0.0
(23, 276)	4736	0.0
(52, 34)	4737	0.0
(16, 322)	4738	0.0
(8, 573)	4739	0.0
(3, 436)	4740	0.0
(3, 437)	4741	0.0
(3, 438)	4742	0.0
(3, 439)	4743	0.0
(22, 201)	4744	0.0
(21, 49)	4745	0.0
(3, 440)	4746	0.0
(8, 574)	4747	0.0
(10, 618)	4748	0.0
(10, 619)	4749	0.0
(10, 620)	4750	0.0
(7, 348)	4751	0.0
(10, 621)	4752	0.0
(10, 622)	4753	0.0
(10, 623)	4754	0.0
(8, 575)	4755	0.0
(23, 277)	4756	0.0
(8, 576)	4757	0.0
(10, 624)	4758	0.0
(10, 625)	4759	0.0
(10, 626)	4760	0.0
(10, 627)	4761	0.0
(23, 278)	4762	0.0
(10, 628)	4763	0.0
(9, 298)	4764	0.0
(19, 90)	4765	0.0
(21, 50)	4766	0.0
(21, 51)	4767	0.0
(10, 629)	4768	0.0
(23, 279)	4769	0.0
(7, 349)	4770	0.0
(10, 630)	4771	0.0
(9, 299)	4772	0.0
(9, 300)	4773	0.0
(9, 301)	4774	0.0
(19, 91)	4775	0.0
(7, 350)	4776	0.0
(9, 302)	4777	0.0
(9, 303)	4778	0.0
(9, 304)	4779	0.0
(19, 92)	4780	0.0
(25, 18)	4781	0.0
(19, 93)	4782	0.0
(19, 94)	4783	0.0
(19, 95)	4784	0.0
(19, 96)	4785	0.0
(10, 631)	4786	0.0
(8, 577)	4787	0.0
(8, 578)	4788	0.0
(24, 73)	4789	0.0
(3, 441)	4790	0.0
(22, 202)	4791	0.0
(10, 632)	4792	0.0
(3, 442)	4793	0.0
(16, 323)	4794	0.0
(9, 305)	4795	0.0
(3, 443)	4796	0.0
(23, 280)	4797	0.0
(16, 324)	4798	0.0
(10, 633)	4799	0.0
(22, 203)	4800	0.0
(22, 204)	4801	0.0
(8, 579)	4802	0.0
(4, 355)	4803	0.0
(22, 205)	4804	0.0
(10, 634)	4805	0.0
(10, 635)	4806	0.0
(3, 444)	4807	0.0
(24, 74)	4808	0.0
(8, 580)	4809	0.0
(10, 636)	4810	0.0
(4, 356)	4811	0.0
(8, 581)	4812	0.0
(8, 582)	4813	0.0
(4, 357)	4814	0.0
(4, 358)	4815	0.0
(10, 637)	4816	0.0
(16, 325)	4817	0.0
(5, 85)	4818	0.0
(7, 351)	4819	0.0
(8, 583)	4820	0.0
(8, 584)	4821	0.0
(7, 352)	4822	0.0
(7, 353)	4823	0.0
(23, 281)	4824	0.0
(23, 282)	4825	0.0
(23, 283)	4826	0.0
(10, 638)	4827	0.0
(16, 326)	4828	0.0
(22, 206)	4829	0.0
(10, 639)	4830	0.0
(10, 640)	4831	0.0
(8, 585)	4832	0.0
(22, 207)	4833	0.0
(22, 208)	4834	0.0
(23, 284)	4835	0.0
(23, 285)	4836	0.0
(23, 286)	4837	0.0
(16, 327)	4838	0.0
(23, 287)	4839	0.0
(22, 209)	4840	0.0
(22, 210)	4841	0.0
(8, 586)	4842	0.0
(8, 587)	4843	0.0
(22, 211)	4844	0.0
(10, 641)	4845	0.0
(10, 642)	4846	0.0
(10, 643)	4847	0.0
(10, 644)	4848	0.0
(3, 445)	4849	0.0
(8, 588)	4850	0.0
(8, 589)	4851	0.0
(4, 359)	4852	0.0
(9, 306)	4853	0.0
(19, 97)	4854	0.0
(7, 354)	4855	0.0
(8, 590)	4856	0.0
(7, 355)	4857	0.0
(7, 356)	4858	0.0
(10, 645)	4859	0.0
(1, 16)	4860	0.0
(2, 7)	4861	0.0
(2, 8)	4862	0.0
(11, 198)	4863	0.0
(3, 446)	4864	0.0
(16, 328)	4865	0.0
(24, 75)	4866	0.0
(3, 447)	4867	0.0
(10, 646)	4868	0.0
(16, 329)	4869	0.0
(24, 76)	4870	0.0
(10, 647)	4871	0.0
(3, 448)	4872	0.0
(10, 648)	4873	0.0
(10, 649)	4874	0.0
(10, 650)	4875	0.0
(10, 651)	4876	0.0
(3, 449)	4877	0.0
(24, 77)	4878	0.0
(10, 652)	4879	0.0
(10, 653)	4880	0.0
(24, 78)	4881	0.0
(16, 330)	4882	0.0
(10, 654)	4883	0.0
(8, 591)	4884	0.0
(10, 655)	4885	0.0
(10, 656)	4886	0.0
(9, 307)	4887	0.0
(9, 308)	4888	0.0
(8, 592)	4889	0.0
(8, 593)	4890	0.0
(16, 331)	4891	0.0
(10, 657)	4892	0.0
(8, 594)	4893	0.0
(10, 658)	4894	0.0
(23, 288)	4895	0.0
(10, 659)	4896	0.0
(23, 289)	4897	0.0
(16, 332)	4898	0.0
(10, 660)	4899	0.0
(3, 450)	4900	0.0
(10, 661)	4901	0.0
(4, 360)	4902	0.0
(10, 662)	4903	0.0
(4, 361)	4904	0.0
(16, 333)	4905	0.0
(3, 451)	4906	0.0
(8, 595)	4907	0.0
(10, 663)	4908	0.0
(8, 596)	4909	0.0
(10, 664)	4910	0.0
(10, 665)	4911	0.0
(10, 666)	4912	0.0
(10, 667)	4913	0.0
(3, 452)	4914	0.0
(3, 453)	4915	0.0
(10, 668)	4916	0.0
(10, 669)	4917	0.0
(3, 454)	4918	0.0
(3, 455)	4919	0.0
(24, 79)	4920	0.0
(10, 670)	4921	0.0
(8, 597)	4922	0.0
(16, 334)	4923	0.0
(3, 456)	4924	0.0
(10, 671)	4925	0.0
(16, 335)	4926	0.0
(23, 290)	4927	0.0
(11, 199)	4928	0.0
(52, 35)	4929	0.0
(10, 672)	4930	0.0
(3, 457)	4931	0.0
(10, 673)	4932	0.0
(16, 336)	4933	0.0
(4, 362)	4934	0.0
(5, 86)	4935	0.0
(16, 337)	4936	0.0
(12, 91)	4937	0.0
(23, 291)	4938	0.0
(10, 674)	4939	0.0
(16, 338)	4940	0.0
(10, 675)	4941	0.0
(22, 212)	4942	0.0
(4, 363)	4943	0.0
(10, 676)	4944	0.0
(10, 677)	4945	0.0
(10, 678)	4946	0.0
(10, 679)	4947	0.0
(16, 339)	4948	0.0
(23, 292)	4949	0.0
(23, 293)	4950	0.0
(23, 294)	4951	0.0
(22, 213)	4952	0.0
(3, 458)	4953	0.0
(10, 680)	4954	0.0
(23, 295)	4955	0.0
(11, 200)	4956	0.0
(8, 598)	4957	0.0
(8, 599)	4958	0.0
(10, 681)	4959	0.0
(10, 682)	4960	0.0
(24, 80)	4961	0.0
(16, 340)	4962	0.0
(10, 683)	4963	0.0
(10, 684)	4964	0.0
(16, 341)	4965	0.0
(23, 296)	4966	0.0
(24, 81)	4967	0.0
(52, 36)	4968	0.0
(22, 214)	4969	0.0
(23, 297)	4970	0.0
(8, 600)	4971	0.0
(23, 298)	4972	0.0
(24, 82)	4973	0.0
(4, 364)	4974	0.0
(3, 459)	4975	0.0
(4, 365)	4976	0.0
(3, 460)	4977	0.0
(3, 461)	4978	0.0
(8, 601)	4979	0.0
(8, 602)	4980	0.0
(23, 299)	4981	0.0
(23, 300)	4982	0.0
(10, 685)	4983	0.0
(24, 83)	4984	0.0
(12, 92)	4985	0.0
(10, 686)	4986	0.0
(12, 93)	4987	0.0
(24, 84)	4988	0.0
(10, 687)	4989	0.0
(23, 301)	4990	0.0
(23, 302)	4991	0.0
(3, 462)	4992	0.0
(22, 215)	4993	0.0
(23, 303)	4994	0.0
(22, 216)	4995	0.0
(22, 217)	4996	0.0
(22, 218)	4997	0.0
(23, 304)	4998	0.0
(52, 37)	4999	0.0
(23, 305)	5000	0.0
(23, 306)	5001	0.0
(12, 94)	5002	0.0
(10, 688)	5003	0.0
(23, 307)	5004	0.0
(22, 219)	5005	0.0
(22, 220)	5006	0.0
(10, 689)	5007	0.0
(10, 690)	5008	0.0
(10, 691)	5009	0.0
(10, 692)	5010	0.0
(8, 603)	5011	0.0
(22, 221)	5012	0.0
(10, 693)	5013	0.0
(8, 604)	5014	0.0
(22, 222)	5015	0.0
(10, 694)	5016	0.0
(11, 201)	5017	0.0
(23, 308)	5018	0.0
(22, 223)	5019	0.0
(4, 366)	5020	0.0
(3, 463)	5021	0.0
(11, 202)	5022	0.0
(10, 695)	5023	0.0
(8, 605)	5024	0.0
(16, 342)	5025	0.0
(10, 696)	5026	0.0
(16, 343)	5027	0.0
(22, 224)	5028	0.0
(16, 344)	5029	0.0
(23, 309)	5030	0.0
(22, 225)	5031	0.0
(8, 606)	5032	0.0
(16, 345)	5033	0.0
(3, 464)	5034	0.0
(22, 226)	5035	0.0
(22, 227)	5036	0.0
(22, 228)	5037	0.0
(23, 310)	5038	0.0
(3, 465)	5039	0.0
(24, 85)	5040	0.0
(16, 346)	5041	0.0
(11, 203)	5042	0.0
(24, 86)	5043	0.0
(23, 311)	5044	0.0
(23, 312)	5045	0.0
(9, 309)	5046	0.0
(9, 310)	5047	0.0
(7, 357)	5048	0.0
(3, 466)	5049	0.0
(22, 229)	5050	0.0
(16, 347)	5051	0.0
(23, 313)	5052	0.0
(23, 314)	5053	0.0
(1, 17)	5054	0.0
(2, 9)	5055	0.0
(2, 10)	5056	0.0
(24, 87)	5057	0.0
(22, 230)	5058	0.0
(23, 315)	5059	0.0
(22, 231)	5060	0.0
(23, 316)	5061	0.0
(23, 317)	5062	0.0
(52, 38)	5063	0.0
(7, 358)	5064	0.0
(7, 359)	5065	0.0
(7, 360)	5066	0.0
(7, 361)	5067	0.0
(10, 697)	5068	0.0
(8, 607)	5069	0.0
(4, 367)	5070	0.0
(4, 368)	5071	0.0
(7, 362)	5072	0.0
(7, 363)	5073	0.0
(9, 311)	5074	0.0
(11, 204)	5075	0.0
(22, 232)	5076	0.0
(52, 39)	5077	0.0
(10, 698)	5078	0.0
(10, 699)	5079	0.0
(10, 700)	5080	0.0
(22, 233)	5081	0.0
(7, 364)	5082	0.0
(8, 608)	5083	0.0
(21, 52)	5084	0.0
(21, 53)	5085	0.0
(21, 54)	5086	0.0
(21, 55)	5087	0.0
(11, 205)	5088	0.0
(21, 56)	5089	0.0
(8, 609)	5090	0.0
(10, 701)	5091	0.0
(10, 702)	5092	0.0
(8, 610)	5093	0.0
(11, 206)	5094	0.0
(10, 703)	5095	0.0
(22, 234)	5096	0.0
(10, 704)	5097	0.0
(16, 348)	5098	0.0
(16, 349)	5099	0.0
(7, 365)	5100	0.0
(8, 611)	5101	0.0
(7, 366)	5102	0.0
(16, 350)	5103	0.0
(19, 98)	5104	0.0
(16, 351)	5105	0.0
(7, 367)	5106	0.0
(23, 318)	5107	0.0
(24, 88)	5108	0.0
(10, 705)	5109	0.0
(8, 612)	5110	0.0
(21, 57)	5111	0.0
(22, 235)	5112	0.0
(16, 352)	5113	0.0
(16, 353)	5114	0.0
(22, 236)	5115	0.0
(11, 207)	5116	0.0
(22, 237)	5117	0.0
(23, 319)	5118	0.0
(23, 320)	5119	0.0
(11, 208)	5120	0.0
(22, 238)	5121	0.0
(52, 40)	5122	0.0
(22, 239)	5123	0.0
(22, 240)	5124	0.0
(24, 89)	5125	0.0
(23, 321)	5126	0.0
(22, 241)	5127	0.0
(23, 322)	5128	0.0
(22, 242)	5129	0.0
(3, 467)	5130	0.0
(4, 369)	5131	0.0
(3, 468)	5132	0.0
(22, 243)	5133	0.0
(24, 90)	5134	0.0
(23, 323)	5135	0.0
(52, 41)	5136	0.0
(22, 244)	5137	0.0
(1, 18)	5138	0.0
(2, 11)	5139	0.0
(2, 12)	5140	0.0
(3, 469)	5141	0.0
(4, 370)	5142	0.0
(22, 245)	5143	0.0
(23, 324)	5144	0.0
(23, 325)	5145	0.0
(22, 246)	5146	0.0
(16, 354)	5147	0.0
(22, 247)	5148	0.0
(24, 91)	5149	0.0
(24, 92)	5150	0.0
(23, 326)	5151	0.0
(23, 327)	5152	0.0
(23, 328)	5153	0.0
(16, 355)	5154	0.0
(22, 248)	5155	0.0
(3, 470)	5156	0.0
(23, 329)	5157	0.0
(16, 356)	5158	0.0
(22, 249)	5159	0.0
(22, 250)	5160	0.0
(16, 357)	5161	0.0
(22, 251)	5162	0.0
(23, 330)	5163	0.0
(24, 93)	5164	0.0
(23, 331)	5165	0.0
(22, 252)	5166	0.0
(7, 368)	5167	0.0
(8, 613)	5168	0.0
(3, 471)	5169	0.0
(7, 369)	5170	0.0
(7, 370)	5171	0.0
(10, 706)	5172	0.0
(8, 614)	5173	0.0
(8, 615)	5174	0.0
(8, 616)	5175	0.0
(7, 371)	5176	0.0
(23, 332)	5177	0.0
(10, 707)	5178	0.0
(10, 708)	5179	0.0
(23, 333)	5180	0.0
(21, 58)	5181	0.0
(4, 371)	5182	0.0
(4, 372)	5183	0.0
(4, 373)	5184	0.0
(23, 334)	5185	0.0
(52, 42)	5186	0.0
(8, 617)	5187	0.0
(23, 335)	5188	0.0
(10, 709)	5189	0.0
(8, 618)	5190	0.0
(10, 710)	5191	0.0
(10, 711)	5192	0.0
(23, 336)	5193	0.0
(16, 358)	5194	0.0
(9, 312)	5195	0.0
(11, 209)	5196	0.0
(22, 253)	5197	0.0
(24, 94)	5198	0.0
(16, 359)	5199	0.0
(19, 99)	5200	0.0
(4, 374)	5201	0.0
(4, 375)	5202	0.0
(4, 376)	5203	0.0
(4, 377)	5204	0.0
(16, 360)	5205	0.0
(24, 95)	5206	0.0
(4, 378)	5207	0.0
(10, 712)	5208	0.0
(16, 361)	5209	0.0
(10, 713)	5210	0.0
(10, 714)	5211	0.0
(10, 715)	5212	0.0
(3, 472)	5213	0.0
(3, 473)	5214	0.0
(10, 716)	5215	0.0
(10, 717)	5216	0.0
(3, 474)	5217	0.0
(3, 475)	5218	0.0
(4, 379)	5219	0.0
(4, 380)	5220	0.0
(24, 96)	5221	0.0
(16, 362)	5222	0.0
(24, 97)	5223	0.0
(52, 43)	5224	0.0
(23, 337)	5225	0.0
(23, 338)	5226	0.0
(23, 339)	5227	0.0
(16, 363)	5228	0.0
(23, 340)	5229	0.0
(24, 98)	5230	0.0
(23, 341)	5231	0.0
(24, 99)	5232	0.0
(4, 381)	5233	0.0
(4, 382)	5234	0.0
(3, 476)	5235	0.0
(3, 477)	5236	0.0
(4, 383)	5237	0.0
(3, 478)	5238	0.0
(3, 479)	5239	0.0
(4, 384)	5240	0.0
(5, 87)	5241	0.0
(23, 342)	5242	0.0
(12, 95)	5243	0.0
(1, 19)	5244	0.0
(10, 718)	5245	0.0
(11, 210)	5246	0.0
(23, 343)	5247	0.0
(23, 344)	5248	0.0
(12, 96)	5249	0.0
(24, 100)	5250	0.0
(11, 211)	5251	0.0
(11, 212)	5252	0.0
(11, 213)	5253	0.0
(10, 719)	5254	0.0
(7, 372)	5255	0.0
(4, 385)	5256	0.0
(11, 214)	5257	0.0
(7, 373)	5258	0.0
(10, 720)	5259	0.0
(7, 374)	5260	0.0
(10, 721)	5261	0.0
(10, 722)	5262	0.0
(19, 100)	5263	0.0
(25, 19)	5264	0.0
(21, 59)	5265	0.0
(10, 723)	5266	0.0
(10, 724)	5267	0.0
(4, 386)	5268	0.0
(23, 345)	5269	0.0
(22, 254)	5270	0.0
(22, 255)	5271	0.0
(22, 256)	5272	0.0
(10, 725)	5273	0.0
(4, 387)	5274	0.0
(16, 364)	5275	0.0
(10, 726)	5276	0.0
(10, 727)	5277	0.0
(10, 728)	5278	0.0
(3, 480)	5279	0.0
(22, 257)	5280	0.0
(52, 44)	5281	0.0
(16, 365)	5282	0.0
(3, 481)	5283	0.0
(3, 482)	5284	0.0
(3, 483)	5285	0.0
(16, 366)	5286	0.0
(10, 729)	5287	0.0
(3, 484)	5288	0.0
(12, 97)	5289	0.0
(3, 485)	5290	0.0
(10, 730)	5291	0.0
(23, 346)	5292	0.0
(11, 215)	5293	0.0
(11, 216)	5294	0.0
(16, 367)	5295	0.0
(11, 217)	5296	0.0
(23, 347)	5297	0.0
(23, 348)	5298	0.0
(10, 731)	5299	0.0
(3, 486)	5300	0.0
(10, 732)	5301	0.0
(16, 368)	5302	0.0
(10, 733)	5303	0.0
(16, 369)	5304	0.0
(22, 258)	5305	0.0
(11, 218)	5306	0.0
(1, 20)	5307	0.0
(2, 13)	5308	0.0
(2, 14)	5309	0.0
(2, 15)	5310	0.0
(17, 7)	5311	0.0
(22, 259)	5312	0.0
(7, 375)	5313	0.0
(10, 734)	5314	0.0
(8, 619)	5315	0.0
(10, 735)	5316	0.0
(3, 487)	5317	0.0
(3, 488)	5318	0.0
(3, 489)	5319	0.0
(7, 376)	5320	0.0
(7, 377)	5321	0.0
(8, 620)	5322	0.0
(8, 621)	5323	0.0
(7, 378)	5324	0.0
(10, 736)	5325	0.0
(4, 388)	5326	0.0
(23, 349)	5327	0.0
(23, 350)	5328	0.0
(16, 370)	5329	0.0
(23, 351)	5330	0.0
(16, 371)	5331	0.0
(23, 352)	5332	0.0
(10, 737)	5333	0.0
(24, 101)	5334	0.0
(12, 98)	5335	0.0
(10, 738)	5336	0.0
(10, 739)	5337	0.0
(10, 740)	5338	0.0
(8, 622)	5339	0.0
(10, 741)	5340	0.0
(8, 623)	5341	0.0
(8, 624)	5342	0.0
(3, 490)	5343	0.0
(3, 491)	5344	0.0
(3, 492)	5345	0.0
(3, 493)	5346	0.0
(7, 379)	5347	0.0
(3, 494)	5348	0.0
(9, 313)	5349	0.0
(7, 380)	5350	0.0
(7, 381)	5351	0.0
(3, 495)	5352	0.0
(3, 496)	5353	0.0
(16, 372)	5354	0.0
(23, 353)	5355	0.0
(23, 354)	5356	0.0
(4, 389)	5357	0.0
(7, 382)	5358	0.0
(9, 314)	5359	0.0
(3, 497)	5360	0.0
(3, 498)	5361	0.0
(9, 315)	5362	0.0
(19, 101)	5363	0.0
(25, 20)	5364	0.0
(22, 260)	5365	0.0
(23, 355)	5366	0.0
(23, 356)	5367	0.0
(23, 357)	5368	0.0
(23, 358)	5369	0.0
(52, 45)	5370	0.0
(22, 261)	5371	0.0
(9, 316)	5372	0.0
(7, 383)	5373	0.0
(10, 742)	5374	0.0
(1, 21)	5375	0.0
(3, 499)	5376	0.0
(4, 390)	5377	0.0
(10, 743)	5378	0.0
(11, 219)	5379	0.0
(11, 220)	5380	0.0
(39, 52)	5381	0.0
(39, 53)	5382	0.0
(22, 262)	5383	0.0
(7, 384)	5384	0.0
(7, 385)	5385	0.0
(7, 386)	5386	0.0
(10, 744)	5387	0.0
(8, 625)	5388	0.0
(23, 359)	5389	0.0
(7, 387)	5390	0.0
(11, 221)	5391	0.0
(7, 388)	5392	0.0
(10, 745)	5393	0.0
(10, 746)	5394	0.0
(7, 389)	5395	0.0
(4, 391)	5396	0.0
(7, 390)	5397	0.0
(7, 391)	5398	0.0
(23, 360)	5399	0.0
(23, 361)	5400	0.0
(39, 54)	5401	0.0
(23, 362)	5402	0.0
(3, 500)	5403	0.0
(3, 501)	5404	0.0
(22, 263)	5405	0.0
(23, 363)	5406	0.0
(7, 392)	5407	0.0
(3, 502)	5408	0.0
(4, 392)	5409	0.0
(3, 503)	5410	0.0
(4, 393)	5411	0.0
(3, 504)	5412	0.0
(7, 393)	5413	0.0
(10, 747)	5414	0.0
(8, 626)	5415	0.0
(10, 748)	5416	0.0
(10, 749)	5417	0.0
(10, 750)	5418	0.0
(10, 751)	5419	0.0
(16, 373)	5420	0.0
(16, 374)	5421	0.0
(10, 752)	5422	0.0
(8, 627)	5423	0.0
(10, 753)	5424	0.0
(10, 754)	5425	0.0
(8, 628)	5426	0.0
(16, 375)	5427	0.0
(16, 376)	5428	0.0
(16, 377)	5429	0.0
(10, 755)	5430	0.0
(10, 756)	5431	0.0
(3, 505)	5432	0.0
(8, 629)	5433	0.0
(10, 757)	5434	0.0
(22, 264)	5435	0.0
(7, 394)	5436	0.0
(8, 630)	5437	0.0
(8, 631)	5438	0.0
(10, 758)	5439	0.0
(22, 265)	5440	0.0
