(1, 1)	0	0.0
(1, 2)	1	10.535247802712547
(1, 3)	2	3.603654384613037
(2, 1)	3	-3.19921875
(3, 1)	4	-3.52734375
(3, 2)	5	-8.800048828125
(4, 1)	6	-34.294921875
(4, 2)	7	-24.0
(4, 3)	8	-52.5
(5, 1)	9	-48.75
(1, 5)	10	-2.0954757928848267e-09
(1, 6)	11	-12.5859375
(1, 7)	12	-8.14524069467734
(3, 7)	13	-18.82339668156089
(3, 8)	14	-10.801550670352299
(6, 2)	15	-22.64794921875
(6, 3)	16	-30.1875
(6, 4)	17	-25.5
(7, 3)	18	-41.0478515625
(7, 4)	19	-63.0
(8, 2)	20	-56.3642578125
(9, 2)	21	6.833641573326032
(9, 3)	22	-15
(3, 10)	23	3.000000357614854
(6, 6)	24	-17.34375
(6, 7)	25	-3.0
(6, 8)	26	-15.0
(10, 6)	27	-16.80939245223999
(7, 5)	28	-17.435044982470572
(13, 1)	29	-21.272400431646055
(14, 1)	30	-23.608323778883427
(2, 2)	31	-45
(2, 3)	32	-45
(2, 4)	33	-51
(15, 1)	34	-51.0
(15, 2)	35	-60
(15, 3)	36	-72
(16, 1)	37	-84.0
(17, 1)	38	-90
(3, 3)	39	1.1218686257489026
(3, 11)	40	8.033702022268095
(18, 1)	41	14.450493913881383
(10, 1)	42	5.372193889748494
(10, 9)	43	5.2334974050477605
(10, 10)	44	2.4989067802671343
(10, 11)	45	-1.5135498046875
(1, 14)	46	-12.003662109375
(9, 4)	47	-12.0
(3, 9)	48	-9.253136023900446
(3, 12)	49	18.55715560913086
(18, 2)	50	9.351563694443833
(10, 12)	51	23.787230735577836
(10, 13)	52	9.260353088378906
(10, 14)	53	6.043204747911659
(11, 3)	54	26.997067183015737
(11, 4)	55	35.97430198642027
(12, 2)	56	43.86746868667477
(1, 16)	57	-2.9376624897122383
(9, 5)	58	9.448667816094735
(3, 14)	59	5.6033935546875
(3, 4)	60	-3.328125
(3, 15)	61	1.170709866013567
(18, 3)	62	3.776313447505566
(7, 7)	63	11.210966891902931
(13, 2)	64	11.918481007218276
(13, 3)	65	11.177136065849176
(13, 4)	66	7.924316793323252
(19, 1)	67	12.238994743987403
(1, 12)	68	-4.5
(1, 17)	69	5.25
(1, 18)	70	6
(3, 5)	71	-5.4375
(18, 4)	72	6.75
(10, 16)	73	-13.5
(7, 8)	74	-7.1368103027381355
(7, 1)	75	-24.316155789780055
(7, 2)	76	-31.108746856718348
(8, 1)	77	-36.64349345044374
(1, 20)	78	-12
(2, 8)	79	-18.0
(6, 9)	80	-20.0625
(6, 13)	81	-2.625
(10, 18)	82	-21.1640625
(10, 19)	83	-16.5
(7, 10)	84	-10.066705260425806
(7, 11)	85	-32.63585482067171
(1, 15)	86	-16.400795347988605
(2, 9)	87	-1.5
(2, 10)	88	1.5
(2, 12)	89	9
(2, 13)	90	-9
(6, 14)	91	-4.59375
(10, 4)	92	17.182708712978183
(7, 13)	93	-2.923828125
(2, 15)	94	-16.5
(2, 16)	95	-18.0
(3, 20)	96	-2.58984375
(3, 13)	97	-24
(6, 17)	98	-11.25
(6, 18)	99	-27
(6, 19)	100	-33
(8, 3)	101	-45.721829652786255
(9, 7)	102	14.839765746001287
(3, 21)	103	6.0
(18, 5)	104	21.080490686015423
(10, 24)	105	23.247686135813964
(10, 22)	106	28.227538346016555
(10, 25)	107	35.994080202457184
(11, 5)	108	38.80667707373684
(13, 5)	109	34.8749984191963
(3, 22)	110	9.735154134439782
(3, 23)	111	6.64521769809072
(6, 20)	112	2.390625
(10, 26)	113	-10.5
(10, 27)	114	-2.965373498329427
(11, 7)	115	8.96190834027933
(14, 2)	116	-7.898819663352746
(6, 21)	117	16.78125
(10, 3)	118	9.939794013259554
(10, 5)	119	11.270740561187267
(7, 12)	120	-11.971941708687154
(1, 13)	121	8.6103515625
(3, 27)	122	9.0
(3, 28)	123	4.5
(18, 12)	124	-3.0
(10, 29)	125	16.125
(11, 9)	126	32.993970550574815
(2, 20)	127	-7.5
(2, 21)	128	-9
(6, 23)	129	-12.0
(10, 30)	130	-13.730152130126953
(10, 17)	131	-9.941862134434274
(7, 15)	132	-13.546875
(7, 9)	133	-12.416928979042915
(1, 24)	134	-18.0
(1, 25)	135	0
(1, 26)	136	-24.0
(3, 31)	137	-30
(3, 32)	138	-18.75
(6, 25)	139	-6.5625
(6, 26)	140	-6.0
(4, 6)	141	-18.27687835204415
(4, 8)	142	-23.2265625
(5, 3)	143	-47.625
(1, 28)	144	3.0
(2, 22)	145	-9
(3, 34)	146	-14.71875
(6, 27)	147	-16.03125
(6, 1)	148	-13.4677734375
(4, 4)	149	-12.75
(1, 30)	150	6.2545166015625
(2, 26)	151	-18.0
(3, 35)	152	10.86101236877715
(1, 19)	153	2.2622015476226807
(2, 28)	154	3.0
(2, 29)	155	0.0
(2, 30)	156	-4.5
(4, 10)	157	-17.89453125
(3, 38)	158	-24
(3, 39)	159	-16.5
(6, 30)	160	-9.375
(4, 14)	161	-28.5
(7, 16)	162	-33.796875
(2, 5)	163	-4.125
(2, 34)	164	-39
(2, 35)	165	-27
(6, 29)	166	-39
(6, 33)	167	-30.0
(6, 34)	168	-39
(4, 15)	169	-31.5
(7, 17)	170	-45.0012601017952
(8, 4)	171	-60.375
(2, 37)	172	-24.0
(15, 12)	173	-39.0
(15, 13)	174	-48
(15, 14)	175	-48
(16, 2)	176	-57
(4, 17)	177	-60.0
(4, 16)	178	-72
(4, 18)	179	-78
(5, 5)	180	-87
(1, 36)	181	-18.0
(1, 34)	182	-48
(1, 37)	183	-36
(3, 41)	184	-33.0
(3, 42)	185	-21.0
(18, 13)	186	-21
(10, 33)	187	-24
(10, 34)	188	-12.896484375
(11, 10)	189	-18.375
(2, 41)	190	-15.375
(3, 43)	191	-0.75
(6, 5)	192	-8.475161075592041
(6, 37)	193	-25.5
(10, 35)	194	-12.75
(10, 36)	195	-29.25
(1, 4)	196	-2.7939677238464355e-09
(9, 12)	197	-15.0
(3, 44)	198	-17.25
(10, 2)	199	13.445300498685171
(11, 2)	200	8.968962191749522
(11, 1)	201	24.55929206499784
(12, 1)	202	26.734556912901837
(1, 41)	203	0.0
(1, 42)	204	-24.0
(1, 43)	205	-21.0
(9, 13)	206	-18.0
(9, 14)	207	-21
(3, 45)	208	-18
(6, 39)	209	-27
(7, 14)	210	-42.0
(2, 45)	211	0.0
(6, 41)	212	-6.0
(2, 17)	213	-0.75
(2, 46)	214	-4.875
(3, 47)	215	-14.25
(3, 48)	216	-9.94921875
(10, 37)	217	-24.0
(1, 45)	218	6.75
(3, 49)	219	-21.9375
(3, 50)	220	-2.25
(6, 43)	221	-24.0
(6, 44)	222	-16.5
(10, 8)	223	-25.125
(2, 47)	224	-15.0
(6, 46)	225	-22.5
(10, 38)	226	-23.25
(3, 17)	227	0.99755859375
(3, 6)	228	-4.5
(7, 20)	229	21.0
(2, 18)	230	-15
(2, 48)	231	-9
(6, 48)	232	-21.0
(4, 23)	233	-25.5
(7, 6)	234	-32.28428649902344
(3, 54)	235	-6.5625
(3, 46)	236	-2.63671875
(6, 49)	237	1.5
(10, 40)	238	12.0
(3, 57)	239	-2.8125
(6, 42)	240	-2.34375
(6, 51)	241	11.71875
(10, 41)	242	-9.141998291015625
(11, 13)	243	0.6562657356262207
(3, 16)	244	4.646404266357422
(3, 51)	245	13.875812373258668
(3, 52)	246	14.140422888100147
(3, 59)	247	13.5
(1, 50)	248	-2.07769775390625
(2, 6)	249	-3
(2, 53)	250	-3.0
(6, 54)	251	-18.0
(6, 55)	252	-27
(6, 56)	253	-39
(4, 7)	254	-18.752059936523438
(3, 53)	255	5.2529296875
(18, 18)	256	-21.0
(3, 62)	257	-12.046875
(6, 60)	258	-5.625
(2, 57)	259	-21
(3, 63)	260	-20.25
(6, 62)	261	-25.5
(4, 9)	262	-2.90625
(4, 24)	263	-31.316694259643555
(4, 21)	264	-42.0
(5, 2)	265	-42.1875
(1, 48)	266	1.5
(1, 49)	267	-0.1875
(3, 64)	268	-18
(10, 44)	269	-7.426627675769851
(11, 15)	270	3.0
(2, 58)	271	-9
(3, 33)	272	-18.0
(6, 47)	273	-33.375
(4, 26)	274	-17.7333984375
(4, 5)	275	-21.37646484375
(4, 27)	276	-42.0
(10, 45)	277	-24.609375
(7, 22)	278	-36.1289171706811
(2, 61)	279	3
(2, 62)	280	-9
(2, 63)	281	-9
(6, 63)	282	-15.0
(10, 20)	283	-4.875
(7, 18)	284	-27
(8, 5)	285	-30
(3, 65)	286	-17.999507904052734
(3, 66)	287	-19.5
(3, 67)	288	-42
(2, 64)	289	-12.0
(2, 39)	290	-33.0
(15, 25)	291	-37.5
(15, 26)	292	-39.0
(16, 4)	293	-60.0
(16, 5)	294	-69
(17, 3)	295	-84
(11, 6)	296	28.488278397353454
(12, 3)	297	49.499608698953
(3, 69)	298	-6
(6, 65)	299	-3
(6, 66)	300	-15
(11, 11)	301	33.654356011150725
(3, 72)	302	2.97802734375
(6, 68)	303	0.0
(4, 31)	304	-0.28125
(4, 32)	305	-15.0
(3, 75)	306	6
(6, 70)	307	0.0
(10, 47)	308	-6.0
(10, 48)	309	-16.5
(6, 75)	310	-6.0
(2, 66)	311	0.75
(3, 55)	312	6.3515625
(3, 36)	313	8.956050420883457
(6, 69)	314	-0.5859375
(4, 34)	315	-3.1875
(4, 35)	316	-17.90625
(3, 80)	317	-3.0
(6, 78)	318	-6.0
(7, 23)	319	-28.8369140625
(7, 24)	320	-52.6875
(1, 52)	321	18
(3, 81)	322	3.0
(10, 49)	323	-1.5
(7, 25)	324	-3.0
(8, 6)	325	-6
(2, 68)	326	-3
(2, 69)	327	0.0
(2, 70)	328	-15
(15, 28)	329	-30
(4, 36)	330	-42.75
(4, 37)	331	-54.0
(1, 54)	332	10.319091796875
(2, 24)	333	-3
(2, 72)	334	-6.0
(6, 79)	335	-6.375
(2, 60)	336	-15.0
(2, 73)	337	-15.0
(6, 52)	338	-14.625
(10, 51)	339	-36.0
(1, 22)	340	-4.437342591868191e-31
(1, 31)	341	3.984375
(1, 55)	342	0
(9, 15)	343	8.25
(18, 20)	344	-6.0
(18, 21)	345	15.360281238227893
(10, 28)	346	19.898995993128686
(7, 19)	347	-3.3462881936586206
(13, 6)	348	33.49675142628257
(2, 74)	349	0.0
(2, 75)	350	-11.25
(6, 81)	351	-10.5692138671875
(6, 82)	352	-25.5
(1, 56)	353	0.0
(2, 67)	354	-3
(6, 36)	355	-19.875
(2, 78)	356	-8.25
(3, 83)	357	6.4453125
(10, 53)	358	9.234375
(2, 79)	359	3.0
(11, 16)	360	35.89946928339844
(23, 1)	361	-24
(18, 23)	362	-9
(10, 54)	363	-1.5
(1, 57)	364	3.0
(2, 80)	365	-15
(2, 40)	366	-21
(4, 20)	367	-42
(4, 22)	368	-54.0
(4, 38)	369	-57.0
(5, 8)	370	-63
(2, 23)	371	-3.75
(2, 25)	372	-15.0
(6, 28)	373	-9.4013671875
(6, 84)	374	-22.5
(10, 55)	375	-18.0
(2, 81)	376	-21.0
(2, 55)	377	-39
(6, 38)	378	-15.2255859375
(10, 31)	379	-36.0
(9, 8)	380	10.151918015449619
(9, 17)	381	1.4882011385607257
(3, 25)	382	-10.402858237360785
(1, 29)	383	9.75
(3, 84)	384	0
(6, 24)	385	-15.75
(9, 19)	386	9.0
(9, 9)	387	15.75
(10, 56)	388	9.75
(9, 20)	389	16.5
(9, 18)	390	9.0
(3, 90)	391	6.13916015625
(18, 10)	392	9.00134229020853
(10, 39)	393	9.864600874275043
(1, 58)	394	24
(3, 37)	395	-3.0
(9, 10)	396	5.845518918964732
(3, 92)	397	7.125
(18, 26)	398	-6.0
(18, 27)	399	3
(9, 21)	400	9.0
(3, 91)	401	10.836181640625
(6, 87)	402	-6.0
(6, 86)	403	11.25
(11, 20)	404	9.0
(11, 18)	405	52.27180245732187
(9, 11)	406	9.375000000000682
(3, 24)	407	10.032715794300627
(18, 9)	408	19.792901161422833
(18, 16)	409	14.765624992011446
(11, 8)	410	15.351021485958965
(11, 21)	411	24.979058597603427
(11, 22)	412	54.56192641431919
(9, 6)	413	9.0
(10, 21)	414	22.11813836036804
(10, 23)	415	29.202402438977188
(11, 23)	416	23.5078125
(11, 24)	417	28.6961053757318
(18, 29)	418	26.999993202276485
(11, 25)	419	56.82783503689609
(19, 2)	420	37.457297745585905
(18, 30)	421	23.091605251070348
(18, 31)	422	32.99771223732387
(10, 59)	423	38.1123046875
(11, 28)	424	40.61737175957556
(12, 5)	425	53.77515837164892
(11, 26)	426	40.5
(11, 27)	427	56.99999998882413
(11, 29)	428	44.613679921719836
(12, 4)	429	61.81555407699963
(18, 22)	430	3.7290802001953125
(18, 14)	431	2.1348029433646643
(18, 32)	432	18.19128931332831
(9, 1)	433	0.7499248931926126
(10, 60)	434	6.0
(3, 96)	435	-7.125
(18, 33)	436	18.984770718031093
(3, 87)	437	15.612996569893085
(18, 15)	438	13.671047363430262
(18, 28)	439	23.395520926470276
(20, 3)	440	31.137093947734684
(11, 30)	441	21.00146484375
(3, 95)	442	11.009963102638721
(18, 34)	443	20.94811204005959
(20, 4)	444	27.985326524513155
(10, 62)	445	8.380728492240447
(13, 7)	446	-0.0760309720670465
(3, 94)	447	24.0197511613369
(9, 22)	448	-15
(9, 23)	449	4.6875
(9, 24)	450	4.5
(10, 63)	451	4.870163440704346
(1, 27)	452	10.5
(18, 25)	453	-11.8125
(18, 37)	454	-9.0
(1, 59)	455	2.25
(9, 26)	456	-3
(9, 27)	457	-3
(3, 98)	458	11.929528631148228
(3, 99)	459	14.246337890625
(6, 89)	460	-4.875
(3, 100)	461	20.4521484375
(18, 39)	462	14.53125
(18, 36)	463	9.375
(10, 64)	464	16.244019838870503
(18, 38)	465	23.8496180430761
(18, 41)	466	31.5
(10, 66)	467	30.35302734375
(10, 67)	468	26.1053466796875
(6, 90)	469	-30.0
(6, 91)	470	-26.25
(3, 19)	471	3.0
(3, 101)	472	0
(10, 58)	473	41.14746093749932
(3, 26)	474	3.1171875
(1, 60)	475	12.0
(1, 61)	476	0
(1, 62)	477	0
(3, 102)	478	-15.0
(3, 97)	479	13.59375
(3, 103)	480	10.700576688505135
(6, 83)	481	-16.874542236328125
(3, 105)	482	9.704421043395996
(3, 106)	483	-0.84375
(2, 82)	484	-21
(2, 83)	485	-9.0
(2, 84)	486	-9
(2, 85)	487	-33
(6, 92)	488	-24.0
(4, 29)	489	-24.0
(7, 26)	490	-42.0
(1, 63)	491	3.0
(1, 69)	492	-19.5
(1, 70)	493	-24
(2, 86)	494	-33
(3, 108)	495	-36
(6, 94)	496	-33
(7, 21)	497	-48.315673828125
(1, 71)	498	0.0
(2, 87)	499	1.5
(2, 88)	500	-3
(2, 89)	501	-9
(6, 59)	502	-7.5
(6, 93)	503	-3
(6, 95)	504	-11.14453125
(1, 72)	505	-7.0693359375
(3, 109)	506	-21.0
(6, 58)	507	-27
(11, 32)	508	-27
(18, 44)	509	18.334162652492523
(18, 45)	510	20.274913888424635
(6, 57)	511	-36.0
(6, 96)	512	-18.75
(6, 97)	513	-30.0
(3, 110)	514	15.75
(3, 111)	515	0.0
(18, 47)	516	9.0
(10, 68)	517	18.1875
(6, 98)	518	18.36328125
(18, 48)	519	23.659017764799255
(18, 49)	520	33
(11, 33)	521	9.0
(18, 52)	522	33.75009800263421
(3, 114)	523	23.249344045694215
(18, 50)	524	25.5
(9, 16)	525	9.001464845146984
(3, 117)	526	17.25
(11, 36)	527	33.0
(3, 118)	528	30
(3, 119)	529	12
(18, 53)	530	9.0
(18, 24)	531	22.121947624802896
(10, 70)	532	12.57421875
(6, 100)	533	8.314453125
(6, 101)	534	3
(18, 46)	535	26.10335430017847
(1, 51)	536	-7.5
(1, 47)	537	0.0
(2, 90)	538	-4.5
(3, 121)	539	0
(6, 102)	540	0.0
(11, 17)	541	-3.234375
(11, 14)	542	-5.625
(20, 6)	543	33.48668221599169
(11, 37)	544	31.451632549794528
(11, 31)	545	48.005859196184375
(11, 34)	546	15.75
(11, 38)	547	47.24990542056895
(3, 115)	548	3.920379638671875
(18, 11)	549	23.23905632244144
(18, 54)	550	6.0
(20, 5)	551	35.81256151843549
(3, 123)	552	3.0
(10, 42)	553	7.5
(18, 56)	554	28.5
(3, 125)	555	-36
(6, 105)	556	-36.0
(10, 71)	557	-39.0
(10, 15)	558	-28.5
(18, 40)	559	5.625
(3, 126)	560	-6
(3, 127)	561	1.30078125
(3, 122)	562	13.244994873530231
(18, 57)	563	16.875
(18, 58)	564	24.1875
(10, 65)	565	38.47924768924713
(10, 7)	566	-14.509918212890625
(10, 69)	567	22.040171541273594
(11, 39)	568	54.0
(18, 59)	569	34.37713175709709
(20, 1)	570	36.776053372675214
(11, 40)	571	52.97227047747701
(3, 128)	572	4.781239181756973
(11, 19)	573	15.000729069113731
(12, 6)	574	62.81488037109375
(23, 2)	575	24.7734375
(18, 60)	576	33.0
(23, 3)	577	26.06337840134625
(3, 88)	578	4.5
(9, 30)	579	-15
(9, 31)	580	-3
(7, 27)	581	-15.0
(9, 32)	582	9.0
(3, 132)	583	-1.921875
(18, 17)	584	-11.429196953773499
(18, 61)	585	0.3412513732910156
(10, 57)	586	1.6875
(3, 131)	587	11.968776226043701
(3, 133)	588	21.846691479158167
(6, 107)	589	-9.0
(20, 10)	590	35.96484375
(1, 73)	591	-6.75
(6, 53)	592	-19.5
(6, 108)	593	-15
(10, 72)	594	-12.0
(3, 89)	595	12.0
(3, 134)	596	10.546875
(6, 109)	597	12.375
(6, 110)	598	9.328125
(9, 25)	599	9.0
(6, 106)	600	10.97204993563355
(6, 111)	601	8.25
(1, 38)	602	6
(11, 41)	603	9.0
(18, 63)	604	29.30723593153824
(11, 42)	605	50.93659433490955
(10, 73)	606	12.0
(9, 33)	607	16.171875
(9, 34)	608	9.0
(18, 65)	609	6.75
(6, 31)	610	-28.5
(6, 112)	611	-33
(6, 113)	612	-39.0
(6, 114)	613	-51
(4, 40)	614	-63.0
(3, 136)	615	6
(10, 74)	616	11.945068359375
(1, 74)	617	18
(2, 91)	618	3
(2, 7)	619	3.0
(3, 137)	620	-6
(10, 75)	621	17.1240234375
(3, 76)	622	18.0
(3, 79)	623	9.0
(3, 139)	624	16.5
(3, 113)	625	0
(3, 138)	626	15.2991943359375
(6, 103)	627	27
(3, 112)	628	-15.375
(10, 76)	629	1.001953125
(9, 35)	630	3.75
(3, 78)	631	-12
(3, 143)	632	0
(3, 146)	633	-6.1875
(3, 147)	634	-5.998535133898258
(11, 44)	635	39.0
(12, 7)	636	54.013458251953125
(18, 68)	637	23.087797190499526
(3, 149)	638	-25.5
(6, 116)	639	-27.0
(6, 117)	640	-39
(6, 118)	641	-39
(6, 119)	642	-15
(3, 150)	643	-30
(3, 151)	644	-24
(18, 69)	645	36.7265625
(18, 66)	646	30.0
(3, 56)	647	-2.53125
(4, 41)	648	-5.47833251953125
(11, 43)	649	14.619598388671875
(9, 36)	650	-15.0
(6, 73)	651	-10.125
(6, 120)	652	-27
(10, 77)	653	15.20010637678206
(10, 78)	654	30.93501778790329
(10, 61)	655	5.25
(3, 154)	656	0
(10, 79)	657	0
(9, 28)	658	20.9999942779541
(1, 8)	659	-5.625
(9, 37)	660	-15
(9, 38)	661	-6.0
(3, 155)	662	-12
(10, 80)	663	6.0
(3, 86)	664	18
(1, 53)	665	3.796875
(2, 92)	666	-21
(2, 93)	667	-15
(18, 67)	668	9
(3, 152)	669	11.625
(6, 99)	670	-4.336669921875
(3, 157)	671	5.981950163841248
(3, 156)	672	-12.0
(6, 124)	673	-3
(10, 82)	674	-6.0
(10, 46)	675	1.125
(9, 39)	676	-15
(12, 9)	677	49.69445811953916
(18, 71)	678	4.358953344989856
(3, 116)	679	12.199716567993164
(18, 51)	680	33.00004577706568
(20, 12)	681	39.41278827935457
(3, 158)	682	-5.997070312838323
(6, 125)	683	4.125
(11, 46)	684	44.9978027259931
(2, 32)	685	-21.0
(2, 94)	686	-39
(3, 162)	687	-24
(3, 161)	688	8.01617995306316
(18, 72)	689	28.59375
(11, 47)	690	36.56964361021528
(3, 163)	691	0.0
(3, 124)	692	-0.7978767156600952
(20, 8)	693	35.8359375
(18, 73)	694	3.0
(6, 50)	695	-16.875
(3, 159)	696	6.0
(3, 164)	697	-12
(3, 165)	698	17.999844252366255
(10, 83)	699	12.75
(6, 127)	700	12.0
(3, 166)	701	2.1939479895447676
(3, 120)	702	-3.052734375
(10, 84)	703	15.0
(2, 95)	704	-27
(3, 167)	705	-18
(10, 43)	706	-21.0
(20, 9)	707	6
(11, 48)	708	45.0
(11, 12)	709	24.0
(3, 168)	710	-3.0
(3, 169)	711	-6.0
(18, 75)	712	2.0931354761123657
(3, 171)	713	16.985517144186176
(18, 76)	714	6.0
(3, 18)	715	-6
(3, 173)	716	3.5498637878336012
(3, 153)	717	18
(6, 16)	718	-9.0
(3, 176)	719	0
(3, 93)	720	4.65673828125
(1, 39)	721	-18.0
(2, 27)	722	2.625
(10, 86)	723	-11.109375
(3, 172)	724	5.80517578125
(11, 49)	725	44.50342845937794
(11, 51)	726	38.570420957222474
(10, 87)	727	28.5
(3, 178)	728	-0.3768310546875
(6, 80)	729	-28.5
(3, 179)	730	12
(10, 50)	731	14.867431640625
(11, 55)	732	42.0
(3, 180)	733	12
(2, 96)	734	3
(6, 132)	735	15
(10, 88)	736	23.926805466413498
(10, 89)	737	21.760024596762378
(3, 181)	738	0
(2, 97)	739	9
(15, 30)	740	0
(10, 90)	741	18.375
(18, 35)	742	27.1875
(18, 77)	743	30.75
(1, 75)	744	0
(9, 40)	745	-3
(3, 182)	746	-18.9375
(7, 28)	747	3.515625
(11, 52)	748	28.772467389397313
(6, 121)	749	-3.75
(6, 134)	750	-27
(6, 88)	751	-13.5
(4, 44)	752	-34.875
(4, 45)	753	-54
(5, 6)	754	-63
(2, 98)	755	3
(2, 99)	756	-1.5
(6, 135)	757	-4.5
(3, 184)	758	-13.125
(3, 104)	759	-24
(3, 185)	760	-9.6796875
(6, 136)	761	-24.0
(7, 29)	762	-27
(18, 64)	763	9.0
(6, 126)	764	6.75
(11, 56)	765	33.92048702269587
(3, 187)	766	-12
(18, 78)	767	-10.5
(18, 79)	768	5.383988857269287
(9, 41)	769	9.0
(20, 14)	770	48
(3, 142)	771	6.0
(6, 137)	772	-15
(6, 138)	773	-15.0
(4, 19)	774	-24
(3, 188)	775	-20.820831298828125
(6, 139)	776	-24.0
(4, 46)	777	-36
(4, 42)	778	-34.875
(3, 186)	779	-10.5
(2, 100)	780	3
(2, 101)	781	-6.0
(2, 102)	782	-15
(6, 140)	783	-15
(10, 93)	784	13.96875
(10, 91)	785	5.25
(10, 94)	786	6
(23, 4)	787	27.0
(3, 190)	788	-4.042167663574219
(3, 191)	789	-21.0
(3, 192)	790	-9.28125
(3, 193)	791	-33.0
(3, 183)	792	-24
(6, 133)	793	-3.0
(3, 194)	794	-0.9375
(6, 141)	795	-27
(5, 10)	796	-57
(3, 195)	797	-21.0
(6, 142)	798	-15
(12, 10)	799	36
(4, 25)	800	-38.999267578125
(3, 189)	801	-14.25
(9, 42)	802	-3
(3, 196)	803	-3.0
(3, 174)	804	6
(3, 197)	805	-36
(7, 30)	806	-63
(6, 143)	807	-15
(6, 144)	808	-15.0
(6, 145)	809	-27
(10, 95)	810	-24
(6, 76)	811	-9
(22, 7)	812	-42.0
(3, 199)	813	7.96875
(6, 146)	814	0.0
(6, 147)	815	-9
(4, 47)	816	-30
(3, 201)	817	0
(6, 148)	818	-3.0
(18, 6)	819	18.0
(18, 7)	820	21
(18, 84)	821	27
(18, 85)	822	27
(20, 15)	823	24
(20, 16)	824	30
(21, 4)	825	45
(10, 97)	826	6
(10, 98)	827	6
(3, 130)	828	6
(6, 149)	829	-15.375
(10, 52)	830	-9.0
(2, 51)	831	-9
(15, 31)	832	-15.0
(6, 150)	833	-27
(10, 99)	834	18
(3, 202)	835	6.0
(3, 203)	836	-12
(3, 200)	837	-18.0
(2, 103)	838	-21.0
(3, 204)	839	-3.0
(18, 74)	840	4.3828125
(3, 205)	841	12
(18, 70)	842	27
(11, 45)	843	45
(10, 92)	844	12
(11, 58)	845	21.0
(18, 87)	846	27.0
(9, 44)	847	15.0
(9, 43)	848	9.046874998603016
(23, 6)	849	12
(18, 88)	850	5.466988078486644
(18, 89)	851	33
(3, 207)	852	5.99981689453125
(4, 48)	853	-9.0
(10, 100)	854	12.65625
(10, 101)	855	24
(6, 154)	856	-33
(4, 49)	857	-54
(10, 102)	858	42
(9, 45)	859	3
(23, 7)	860	0
(18, 90)	861	21
(20, 17)	862	27.0
(20, 18)	863	48.0
(3, 208)	864	7.5
(3, 209)	865	12.0
(3, 74)	866	3.0
(3, 210)	867	18
(18, 86)	868	18.131844477262348
(12, 8)	869	48.0
(3, 211)	870	9.0
(6, 153)	871	3.0
(18, 92)	872	26.143566103810883
(3, 213)	873	18.0
(18, 96)	874	9
(6, 122)	875	-15.0
(6, 157)	876	-27.0
(1, 46)	877	0
(3, 214)	878	12
(6, 158)	879	-27.0
(1, 76)	880	-24
(9, 46)	881	-21
(9, 47)	882	-9
(23, 8)	883	-12
(2, 104)	884	-15
(3, 215)	885	-15.0
(2, 50)	886	3
(3, 216)	887	18
(11, 35)	888	21.0
(1, 77)	889	-12
(9, 48)	890	-9
(3, 77)	891	0
(6, 159)	892	-42.0
(10, 32)	893	-54
(20, 20)	894	12
(18, 91)	895	39.0
(2, 105)	896	-21
(6, 160)	897	-24.0
(4, 50)	898	-18.75
(6, 161)	899	3
(1, 78)	900	-18.0
(6, 162)	901	-30.0
(10, 81)	902	-37.5
(2, 106)	903	-9
(15, 32)	904	-24
(15, 33)	905	-24
(6, 163)	906	-21
(10, 103)	907	-30
(18, 97)	908	21
(3, 217)	909	-3.0
(10, 104)	910	-30
(10, 105)	911	6
(9, 49)	912	-3
(9, 50)	913	-9
(3, 218)	914	-18
(3, 219)	915	-18
(18, 98)	916	-18.0
(10, 96)	917	36
(3, 82)	918	12.0
(6, 164)	919	3
(10, 106)	920	25.6875
(1, 79)	921	-24
(1, 80)	922	-24.0
(3, 71)	923	-18
(3, 220)	924	-18
(6, 165)	925	-24.0
(2, 107)	926	6.0
(3, 107)	927	0
(6, 166)	928	-15
(6, 167)	929	-15
(18, 103)	930	21
(1, 81)	931	0
(9, 52)	932	-15
(3, 135)	933	-6
(6, 10)	934	-33
(6, 168)	935	-45
(6, 169)	936	-21
(5, 11)	937	-63
(10, 85)	938	-6
(3, 198)	939	-12
