Win	[240]	360	-330
Loss	[150]	240	-360
Loss	[170]	237	-360
Loss	[170]	255	-360
Loss	[190]	294	-360
Loss	[280]	357	-360
Loss	[150]	210	-360
Loss	[150]	213	-360
Loss	[180]	297	-360
Loss	[150]	174	-360
Loss	[160]	213	-360
Loss	[190]	276	-360
Loss	[140]	150	-360
Loss	[210]	306	-360
Loss	[250]	336	-360
Loss	[180]	261	-360
Loss	[180]	246	-360
Loss	[220]	309	-360
Loss	[180]	267	-360
Loss	[170]	261	-360
Loss	[240]	324	-360
Loss	[190]	297	-360
Loss	[220]	348	-360
Win	[220]	360	-348
Loss	[220]	300	-360
Loss	[190]	264	-360
Loss	[200]	285	-360
Loss	[210]	285	-360
Loss	[150]	273	-360
Loss	[160]	276	-360
Loss	[170]	282	-360
Win	[290]	360	-351
Loss	[180]	285	-360
Loss	[170]	258	-360
Loss	[130]	201	-360
Loss	[190]	273	-360
Loss	[140]	132	-360
Loss	[180]	246	-360
Loss	[200]	324	-360
Loss	[190]	297	-360
Loss	[180]	276	-360
Loss	[210]	324	-360
Loss	[190]	279	-360
Loss	[200]	318	-360
Loss	[230]	318	-360
Win	[230]	360	-333
Loss	[190]	267	-360
Loss	[230]	357	-360
Loss	[180]	261	-360
Loss	[160]	279	-360
Loss	[170]	282	-360
Loss	[180]	285	-360
Loss	[220]	330	-360
Loss	[180]	255	-360
Loss	[210]	333	-360
Loss	[280]	339	-360
Loss	[200]	333	-360
Loss	[210]	336	-360
Loss	[230]	336	-360
Loss	[210]	318	-360
Loss	[170]	267	-360
Loss	[180]	267	-360
Loss	[240]	324	-360
Loss	[190]	303	-360
Loss	[190]	327	-360
Loss	[190]	282	-360
Loss	[150]	240	-360
Loss	[220]	318	-360
Loss	[180]	270	-360
Loss	[180]	297	-360
Loss	[210]	297	-360
Loss	[180]	300	-360
Loss	[190]	297	-360
Loss	[200]	297	-360
Win	[220]	360	-342
Loss	[150]	291	-360
Loss	[190]	327	-360
Loss	[180]	297	-360
Loss	[160]	273	-360
Loss	[200]	333	-360
Loss	[170]	261	-360
Loss	[190]	273	-360
Loss	[200]	318	-360
Loss	[180]	294	-360
Loss	[160]	285	-360
Loss	[180]	285	-360
Loss	[160]	249	-360
Loss	[130]	249	-360
Loss	[160]	273	-360
Loss	[160]	243	-360
Win	[250]	360	-357
Loss	[180]	321	-360
Loss	[190]	291	-360
Loss	[220]	315	-360
Loss	[190]	282	-360
Loss	[170]	255	-360
Loss	[180]	288	-360
Win	[210]	360	-327
Loss	[210]	291	-360
Loss	[200]	300	-360
Loss	[210]	309	-360
Loss	[170]	264	-360
Loss	[160]	228	-360
Loss	[190]	309	-360
Loss	[210]	336	-360
Loss	[180]	240	-360
Loss	[170]	279	-360
Loss	[200]	291	-360
Loss	[150]	186	-360
Loss	[180]	294	-360
Loss	[160]	249	-360
Loss	[220]	330	-360
Loss	[170]	276	-360
Loss	[180]	273	-360
Loss	[190]	258	-360
Loss	[210]	291	-360
Loss	[180]	234	-360
Loss	[180]	309	-360
Loss	[170]	285	-360
Win	[220]	360	-333
Loss	[180]	282	-360
Loss	[200]	276	-360
Loss	[210]	261	-360
Loss	[170]	186	-360
Loss	[170]	261	-360
Loss	[220]	336	-360
Loss	[180]	300	-360
Loss	[220]	342	-360
Loss	[180]	261	-360
Loss	[180]	297	-360
Loss	[210]	321	-360
Loss	[170]	285	-360
Loss	[170]	213	-360
Loss	[180]	306	-360
Loss	[240]	330	-360
Loss	[180]	267	-360
Loss	[190]	309	-360
Loss	[200]	306	-360
Loss	[180]	258	-360
Loss	[160]	261	-360
Loss	[200]	315	-360
Loss	[190]	252	-360
Loss	[190]	270	-360
Loss	[170]	243	-360
Loss	[160]	225	-360
Loss	[170]	285	-360
Loss	[190]	288	-360
Loss	[170]	243	-360
Loss	[190]	264	-360
Win	[190]	360	-309
Loss	[200]	291	-360
Loss	[220]	336	-360
Loss	[210]	333	-360
Loss	[240]	312	-360
Loss	[200]	276	-360
Loss	[210]	279	-360
Loss	[190]	318	-360
Loss	[170]	297	-360
Loss	[200]	315	-360
Loss	[200]	327	-360
Loss	[180]	249	-360
Loss	[170]	237	-360
Loss	[170]	252	-360
Loss	[170]	285	-360
Loss	[230]	336	-360
Loss	[190]	309	-360
Loss	[200]	312	-360
Loss	[220]	324	-360
Loss	[170]	300	-360
Loss	[180]	240	-360
Loss	[160]	297	-360
Loss	[190]	282	-360
Loss	[160]	258	-360
Loss	[200]	324	-360
Loss	[170]	243	-360
Loss	[150]	231	-360
Loss	[210]	303	-360
Loss	[200]	318	-360
Loss	[160]	210	-360
Loss	[160]	249	-360
Loss	[200]	309	-360
Loss	[230]	306	-360
Loss	[160]	279	-360
Loss	[170]	276	-360
Loss	[170]	270	-360
Loss	[210]	330	-360
Loss	[170]	237	-360
Loss	[180]	300	-360
Loss	[170]	264	-360
Loss	[200]	285	-360
Loss	[200]	330	-360
Loss	[190]	282	-360
Loss	[260]	357	-360
Loss	[220]	318	-360
Loss	[170]	258	-360
Loss	[210]	294	-360
Loss	[170]	261	-360
Loss	[210]	336	-360
Loss	[190]	279	-360
Loss	[200]	315	-360
Loss	[180]	291	-360
Loss	[200]	297	-360
Loss	[150]	252	-360
Loss	[180]	255	-360
Win	[200]	360	-339
Loss	[170]	252	-360
Loss	[200]	336	-360
Loss	[200]	336	-360
Loss	[170]	270	-360
Loss	[220]	333	-360
Loss	[190]	264	-360
Loss	[200]	279	-360
Loss	[160]	255	-360
Loss	[220]	294	-360
Loss	[150]	237	-360
Loss	[200]	339	-360
Loss	[160]	291	-360
Loss	[220]	324	-360
Win	[200]	360	-324
Loss	[210]	348	-360
Loss	[190]	294	-360
Loss	[160]	267	-360
Loss	[140]	165	-360
Loss	[200]	339	-360
Loss	[190]	294	-360
Win	[200]	360	-315
Loss	[190]	270	-360
Loss	[220]	300	-360
Loss	[170]	273	-360
Loss	[250]	357	-360
Loss	[160]	279	-360
Loss	[150]	210	-360
Loss	[180]	273	-360
Loss	[190]	315	-360
Loss	[190]	252	-360
Loss	[200]	213	-360
Loss	[170]	267	-360
Loss	[190]	288	-360
Loss	[210]	324	-360
Win	[200]	360	-342
Loss	[180]	312	-360
Loss	[190]	282	-360
Loss	[210]	318	-360
Loss	[180]	291	-360
Loss	[150]	210	-360
Loss	[220]	348	-360
Loss	[170]	291	-360
Win	[220]	360	-354
Loss	[180]	276	-360
Loss	[160]	249	-360
Loss	[180]	261	-360
Loss	[220]	306	-360
Loss	[180]	276	-360
Win	[190]	360	-315
Loss	[180]	306	-360
Loss	[170]	255	-360
Loss	[200]	309	-360
Loss	[190]	303	-360
Loss	[230]	318	-360
Loss	[180]	267	-360
Loss	[190]	324	-360
Loss	[170]	222	-360
Loss	[190]	291	-360
Loss	[200]	330	-360
Loss	[180]	306	-360
Win	[210]	360	-324
Loss	[190]	282	-360
Loss	[190]	291	-360
Loss	[150]	225	-360
Loss	[220]	336	-360
Loss	[190]	285	-360
Loss	[200]	321	-360
Loss	[190]	297	-360
Loss	[180]	252	-360
Loss	[160]	237	-360
Loss	[190]	282	-360
Win	[220]	360	-315
Loss	[230]	324	-360
Win	[230]	360	-312
Loss	[190]	291	-360
Loss	[190]	285	-360
Loss	[220]	330	-360
Loss	[220]	303	-360
Loss	[230]	330	-360
Win	[230]	360	-324
Loss	[240]	357	-360
Loss	[180]	285	-360
Loss	[250]	357	-360
Loss	[160]	261	-360
Win	[230]	360	-357
Loss	[170]	264	-360
Win	[220]	360	-348
Loss	[190]	300	-360
Win	[240]	360	-336
Win	[270]	360	-351
Loss	[200]	264	-360
Loss	[190]	303	-360
Loss	[190]	288	-360
Loss	[220]	324	-360
Loss	[240]	357	-360
Loss	[210]	309	-360
Loss	[190]	279	-360
Loss	[200]	327	-360
Loss	[220]	348	-360
Loss	[200]	303	-360
Win	[220]	360	-333
Loss	[190]	348	-360
Win	[200]	360	-339
Loss	[220]	309	-360
Loss	[180]	282	-360
Loss	[220]	294	-360
Loss	[190]	273	-360
Loss	[240]	336	-360
Loss	[170]	276	-360
Win	[200]	360	-312
Loss	[160]	294	-360
Loss	[160]	273	-360
Loss	[230]	324	-360
Loss	[210]	309	-360
Loss	[160]	258	-360
Loss	[170]	294	-360
Loss	[230]	336	-360
Loss	[210]	297	-360
Loss	[200]	282	-360
Loss	[220]	297	-360
Loss	[220]	330	-360
Loss	[180]	261	-360
Loss	[160]	264	-360
Loss	[230]	321	-360
Loss	[180]	285	-360
Loss	[200]	234	-360
Loss	[180]	258	-360
Win	[190]	360	-297
Loss	[200]	294	-360
Loss	[190]	267	-360
Loss	[160]	225	-360
Loss	[180]	258	-360
Loss	[200]	234	-360
Loss	[190]	300	-360
Loss	[190]	324	-360
Loss	[150]	252	-360
Loss	[140]	183	-360
Loss	[230]	333	-360
Loss	[170]	261	-360
Loss	[200]	315	-360
Loss	[210]	291	-360
Loss	[180]	261	-360
Loss	[180]	243	-360
Loss	[170]	246	-360
Loss	[160]	237	-360
Loss	[160]	228	-360
Loss	[230]	294	-360
Loss	[190]	315	-360
Loss	[170]	282	-360
Win	[240]	360	-357
Loss	[210]	315	-360
Loss	[200]	309	-360
Loss	[190]	306	-360
Loss	[210]	309	-360
Loss	[180]	258	-360
Win	[230]	360	-348
Loss	[190]	273	-360
Loss	[230]	348	-360
Loss	[180]	279	-360
Loss	[170]	291	-360
Loss	[190]	300	-360
Loss	[210]	315	-360
Loss	[170]	249	-360
Win	[200]	360	-315
Loss	[190]	306	-360
Loss	[180]	276	-360
Loss	[210]	300	-360
Win	[280]	360	-351
Loss	[160]	261	-360
Loss	[220]	327	-360
Loss	[150]	171	-360
Loss	[210]	309	-360
Loss	[200]	312	-360
Win	[220]	360	-342
Loss	[160]	216	-360
Win	[250]	360	-357
Loss	[230]	333	-360
Loss	[230]	336	-360
Loss	[210]	303	-360
Loss	[180]	249	-360
Loss	[190]	291	-360
Loss	[210]	285	-360
Loss	[210]	306	-360
Loss	[190]	258	-360
Loss	[190]	300	-360
Loss	[220]	321	-360
Loss	[270]	351	-360
Loss	[180]	282	-360
Loss	[190]	288	-360
Win	[280]	360	-357
Loss	[210]	309	-360
Loss	[240]	357	-360
Loss	[200]	303	-360
Loss	[150]	219	-360
Loss	[180]	252	-360
Loss	[250]	333	-360
Loss	[190]	291	-360
Win	[200]	360	-333
Loss	[220]	339	-360
Loss	[210]	315	-360
Win	[270]	360	-348
Win	[230]	360	-333
Loss	[210]	294	-360
Loss	[190]	282	-360
Loss	[190]	258	-360
Loss	[230]	351	-360
Loss	[240]	357	-360
Loss	[220]	330	-360
Loss	[180]	186	-360
Loss	[220]	303	-360
Loss	[220]	288	-360
Win	[230]	360	-357
Loss	[200]	291	-360
Loss	[190]	273	-360
Loss	[230]	336	-360
Win	[250]	360	-348
Loss	[180]	258	-360
Loss	[200]	276	-360
Loss	[210]	285	-360
Loss	[190]	294	-360
Loss	[170]	243	-360
Win	[230]	360	-321
Loss	[210]	327	-360
Loss	[250]	330	-360
Win	[250]	360	-357
Win	[280]	360	-357
Loss	[190]	294	-360
Loss	[210]	288	-360
Win	[180]	360	-318
Loss	[190]	297	-360
Loss	[170]	264	-360
Loss	[220]	318	-360
Loss	[200]	303	-360
Loss	[190]	270	-360
Win	[230]	360	-324
Win	[230]	360	-339
Loss	[220]	354	-360
Loss	[180]	231	-360
Loss	[200]	273	-360
Loss	[220]	306	-360
Loss	[210]	339	-360
Loss	[200]	309	-360
Loss	[220]	309	-360
Win	[230]	360	-357
Loss	[170]	249	-360
Loss	[210]	303	-360
Loss	[190]	291	-360
Loss	[210]	273	-360
Loss	[170]	303	-360
Win	[440]	360	-354
Win	[260]	360	-357
Loss	[170]	261	-360
Loss	[210]	330	-360
Loss	[220]	336	-360
Win	[240]	360	-333
Loss	[200]	279	-360
Loss	[210]	324	-360
Win	[230]	360	-345
Loss	[170]	261	-360
Loss	[210]	312	-360
Win	[220]	360	-342
Loss	[190]	276	-360
Loss	[180]	297	-360
Loss	[230]	333	-360
Loss	[190]	300	-360
Loss	[170]	303	-360
Win	[190]	360	-309
Loss	[210]	330	-360
Loss	[180]	273	-360
Loss	[210]	324	-360
Loss	[210]	336	-360
Loss	[220]	309	-360
Loss	[230]	336	-360
Loss	[200]	315	-360
Loss	[190]	294	-360
Loss	[180]	261	-360
Loss	[180]	276	-360
Loss	[190]	276	-360
Loss	[180]	276	-360
Loss	[190]	264	-360
Loss	[200]	303	-360
Loss	[180]	234	-360
Loss	[220]	315	-360
Win	[230]	360	-351
Loss	[170]	255	-360
Loss	[190]	285	-360
Win	[240]	360	-351
Loss	[180]	294	-360
Loss	[180]	291	-360
Loss	[180]	273	-360
Loss	[180]	312	-360
Loss	[190]	258	-360
Loss	[210]	336	-360
Loss	[250]	345	-360
Win	[180]	360	-294
Loss	[190]	288	-360
Loss	[210]	303	-360
Loss	[190]	315	-360
Loss	[240]	339	-360
Loss	[220]	342	-360
Loss	[220]	300	-360
Loss	[160]	249	-360
Loss	[200]	297	-360
Loss	[230]	300	-360
Loss	[200]	312	-360
Loss	[170]	240	-360
Loss	[220]	318	-360
Loss	[190]	297	-360
Loss	[190]	279	-360
Loss	[200]	297	-360
Loss	[230]	318	-360
Loss	[160]	228	-360
Loss	[200]	300	-360
Loss	[200]	318	-360
Loss	[220]	330	-360
Win	[210]	360	-345
Loss	[250]	357	-360
Loss	[200]	306	-360
Loss	[210]	303	-360
Loss	[210]	303	-360
Loss	[220]	318	-360
Win	[240]	360	-342
Loss	[210]	312	-360
Win	[210]	360	-306
Loss	[160]	237	-360
Loss	[190]	312	-360
Win	[220]	360	-315
Loss	[190]	312	-360
Loss	[200]	291	-360
Loss	[190]	294	-360
Loss	[200]	330	-360
Loss	[220]	321	-360
Loss	[200]	267	-360
Loss	[200]	297	-360
Win	[230]	360	-336
Loss	[230]	318	-360
Loss	[190]	270	-360
Loss	[240]	327	-360
Loss	[220]	324	-360
Loss	[210]	309	-360
Loss	[220]	327	-360
Loss	[200]	315	-360
Loss	[190]	270	-360
Loss	[250]	330	-360
Loss	[200]	279	-360
Loss	[190]	288	-360
Loss	[170]	210	-360
Loss	[180]	237	-360
Loss	[200]	297	-360
Loss	[220]	318	-360
Loss	[210]	309	-360
Loss	[270]	351	-360
Loss	[190]	282	-360
Win	[230]	360	-357
Loss	[170]	249	-360
Loss	[240]	351	-360
Loss	[200]	267	-360
Win	[230]	360	-324
Loss	[180]	324	-360
Loss	[190]	306	-360
Loss	[210]	285	-360
Loss	[210]	279	-360
Loss	[190]	258	-360
Win	[210]	360	-330
Loss	[160]	270	-360
Loss	[210]	321	-360
Loss	[190]	240	-360
Loss	[180]	312	-360
Loss	[170]	294	-360
Loss	[180]	300	-360
Loss	[180]	312	-360
Loss	[130]	132	-360
Loss	[150]	288	-360
Loss	[190]	252	-360
Loss	[170]	288	-360
Loss	[180]	303	-360
Loss	[190]	252	-360
Loss	[170]	225	-360
Loss	[170]	267	-360
Loss	[190]	258	-360
Loss	[170]	300	-360
Loss	[180]	282	-360
Loss	[180]	231	-360
Loss	[210]	303	-360
Loss	[180]	252	-360
Loss	[190]	327	-360
Loss	[190]	264	-360
Loss	[210]	330	-360
Loss	[160]	261	-360
Loss	[190]	270	-360
Loss	[170]	222	-360
Loss	[190]	285	-360
Loss	[180]	294	-360
Loss	[240]	357	-360
Loss	[210]	315	-360
Loss	[210]	300	-360
Loss	[190]	291	-360
Loss	[210]	312	-360
Win	[210]	360	-342
Loss	[210]	333	-360
Loss	[230]	318	-360
Loss	[190]	315	-360
Loss	[190]	300	-360
Win	[240]	360	-357
Win	[220]	360	-327
Loss	[200]	330	-360
Win	[220]	360	-342
Loss	[220]	342	-360
Loss	[200]	327	-360
Win	[210]	360	-342
Loss	[210]	324	-360
Loss	[190]	279	-360
Loss	[190]	300	-360
Win	[240]	360	-330
Win	[210]	360	-324
Loss	[210]	303	-360
Loss	[200]	309	-360
Loss	[180]	243	-360
Loss	[220]	324	-360
Loss	[190]	318	-360
Loss	[190]	291	-360
Loss	[200]	315	-360
Loss	[180]	282	-360
Loss	[220]	300	-360
Loss	[180]	300	-360
Loss	[190]	279	-360
Loss	[180]	282	-360
Win	[190]	360	-324
Loss	[210]	342	-360
Loss	[200]	291	-360
Win	[240]	360	-330
Loss	[200]	327	-360
Win	[230]	360	-339
Loss	[190]	312	-360
Loss	[220]	312	-360
Loss	[210]	318	-360
Loss	[200]	282	-360
Loss	[190]	300	-360
Win	[190]	360	-330
Win	[240]	360	-351
Win	[200]	360	-330
Loss	[190]	303	-360
Win	[470]	360	-342
Loss	[200]	315	-360
Loss	[180]	273	-360
Loss	[180]	288	-360
Win	[220]	360	-339
Loss	[160]	222	-360
Loss	[190]	306	-360
Loss	[190]	288	-360
Win	[260]	360	-357
Win	[240]	360	-357
Loss	[190]	297	-360
Loss	[180]	276	-360
Loss	[210]	324	-360
Loss	[160]	192	-360
Loss	[200]	282	-360
Loss	[230]	348	-360
Loss	[210]	306	-360
Win	[220]	360	-303
Loss	[190]	252	-360
Loss	[170]	228	-360
Loss	[180]	270	-360
Loss	[180]	255	-360
Loss	[250]	351	-360
Loss	[200]	330	-360
Loss	[210]	324	-360
Loss	[170]	276	-360
Loss	[190]	309	-360
Loss	[180]	264	-360
Loss	[190]	315	-360
Loss	[180]	264	-360
Win	[220]	360	-324
Loss	[210]	306	-360
Loss	[190]	270	-360
Loss	[180]	285	-360
Loss	[170]	270	-360
Loss	[210]	327	-360
Loss	[180]	309	-360
Loss	[220]	324	-360
Loss	[210]	267	-360
Loss	[240]	351	-360
Loss	[210]	297	-360
Loss	[200]	312	-360
Loss	[180]	222	-360
Win	[230]	360	-330
Win	[220]	360	-324
Loss	[190]	303	-360
Loss	[190]	246	-360
Loss	[200]	303	-360
Loss	[190]	303	-360
Loss	[190]	294	-360
Loss	[130]	231	-360
Loss	[190]	288	-360
Loss	[200]	291	-360
Loss	500.0	306	-345
Loss	[160]	255	-360
Win	[270]	360	-357
Loss	[220]	258	-360
Loss	[190]	270	-360
Loss	[200]	267	-360
Loss	[190]	282	-360
Loss	500.0	357	-357
Loss	[180]	258	-360
Loss	[190]	297	-360
Loss	[180]	261	-360
Loss	500.0	300	-357
Loss	500.0	324	-357
Loss	[220]	336	-360
Loss	[190]	312	-360
Loss	[180]	282	-360
Loss	[190]	318	-360
Loss	[190]	267	-360
Loss	[220]	324	-360
Loss	[160]	270	-360
Win	500.0	324	-345
Loss	[340]	306	-360
Loss	[420]	342	-360
Loss	[180]	255	-360
Win	[170]	360	-306
Loss	[170]	171	-360
Loss	500.0	348	-357
Loss	500.0	357	-357
Loss	[190]	288	-360
Loss	500.0	315	-351
Loss	[190]	294	-360
Win	[210]	360	-324
Loss	500.0	300	-339
Loss	[200]	318	-360
Loss	[190]	264	-360
Loss	500.0	312	-345
Win	[250]	360	-354
Loss	[180]	291	-360
Loss	[190]	324	-360
Loss	[180]	279	-360
Win	[220]	360	-336
Loss	[160]	261	-360
Loss	500.0	306	-357
Loss	[180]	279	-360
Loss	500.0	285	-351
Loss	500.0	348	-333
Loss	[180]	312	-360
Loss	[220]	312	-360
Win	[170]	360	-309
Loss	[180]	285	-360
Win	[230]	360	-354
Loss	[170]	312	-360
Loss	[190]	294	-360
Loss	[190]	270	-360
Loss	500.0	324	-333
Win	500.0	285	-345
Loss	[180]	264	-360
Loss	500.0	342	-351
Loss	[190]	297	-360
Loss	[170]	225	-360
Loss	[400]	345	-360
Loss	[160]	204	-360
Loss	500.0	285	-351
Loss	[190]	300	-360
Loss	[200]	315	-360
Loss	[190]	270	-360
Loss	[170]	216	-360
Loss	[300]	324	-360
Loss	[180]	258	-360
Loss	[170]	264	-360
Loss	[190]	321	-360
Loss	[150]	234	-360
Loss	500.0	357	-351
Loss	[190]	252	-360
Win	[200]	360	-318
Loss	[220]	303	-360
Loss	[170]	267	-360
Loss	[180]	297	-360
Loss	[210]	315	-360
Loss	[210]	333	-360
Loss	[180]	330	-360
Loss	[180]	315	-360
Loss	[180]	282	-360
Win	[250]	360	-351
Loss	[200]	291	-360
Loss	[150]	258	-360
Loss	[200]	327	-360
Win	[200]	360	-321
Loss	[180]	258	-360
Loss	[180]	270	-360
Loss	[150]	246	-360
Loss	[250]	345	-360
Loss	[170]	273	-360
Loss	[190]	276	-360
Loss	[230]	345	-360
Loss	[160]	249	-360
Loss	[210]	267	-360
Loss	[190]	324	-360
Loss	[190]	306	-360
Loss	[190]	318	-360
Loss	[230]	324	-360
Loss	[260]	336	-360
Loss	[190]	291	-360
Loss	[160]	237	-360
Win	[210]	360	-339
Loss	[180]	291	-360
Win	[200]	360	-330
Loss	[220]	333	-360
Loss	[200]	315	-360
Loss	[190]	309	-360
Loss	[180]	279	-360
Loss	[170]	225	-360
Loss	[160]	243	-360
Loss	[180]	225	-360
Loss	[180]	261	-360
Loss	[170]	243	-360
Loss	[170]	276	-360
Loss	[180]	294	-360
Loss	[200]	327	-360
Loss	[190]	312	-360
Loss	[180]	294	-360
Loss	[230]	336	-360
Loss	[200]	309	-360
Loss	[160]	273	-360
Loss	[190]	339	-360
Loss	[200]	321	-360
Loss	[150]	255	-360
Loss	[220]	357	-360
Loss	[200]	315	-360
Loss	[160]	258	-360
Loss	[200]	312	-360
Loss	[230]	342	-360
Loss	[180]	264	-360
Loss	[220]	339	-360
Loss	[190]	270	-360
Win	[240]	360	-348
Loss	[240]	312	-360
Loss	[200]	291	-360
Loss	[220]	324	-360
Loss	[180]	255	-360
Loss	[180]	258	-360
Loss	[160]	234	-360
Loss	[180]	246	-360
Loss	[220]	324	-360
Loss	[180]	300	-360
Loss	[190]	294	-360
Loss	[210]	309	-360
Loss	[180]	297	-360
Loss	[200]	315	-360
Loss	[200]	297	-360
Loss	[220]	342	-360
Win	[180]	360	-300
Loss	[230]	309	-360
Loss	[200]	276	-360
Loss	[210]	312	-360
Loss	[200]	291	-360
Loss	[180]	270	-360
Loss	[230]	312	-360
Loss	[180]	282	-360
Win	[240]	360	-351
Loss	[180]	306	-360
Loss	[220]	342	-360
Loss	[170]	249	-360
Loss	[200]	315	-360
Loss	[200]	315	-360
Loss	[210]	309	-360
Loss	[220]	330	-360
Win	[260]	360	-342
Loss	[200]	336	-360
Loss	[190]	300	-360
Loss	[180]	321	-360
Loss	[210]	306	-360
Loss	[180]	318	-360
Loss	[200]	321	-360
Win	[230]	360	-330
Loss	[180]	336	-360
Loss	[210]	318	-360
Loss	[190]	279	-360
Win	[210]	360	-309
Loss	[230]	339	-360
Loss	[210]	333	-360
Loss	[190]	294	-360
Loss	[220]	324	-360
Loss	[190]	327	-360
Loss	[180]	282	-360
Loss	[200]	267	-360
Win	[230]	360	-330
Win	[220]	360	-348
Win	[260]	360	-357
Loss	[200]	288	-360
Loss	[240]	351	-360
Loss	[250]	351	-360
Loss	[190]	285	-360
Loss	[240]	357	-360
Loss	[180]	306	-360
Loss	[230]	330	-360
Loss	[200]	315	-360
Loss	[200]	318	-360
Loss	[170]	249	-360
Loss	[220]	342	-360
Loss	[180]	306	-360
Loss	[220]	330	-360
Loss	[230]	333	-360
Loss	[160]	225	-360
Loss	[200]	318	-360
Loss	[220]	330	-360
Loss	[190]	258	-360
Loss	[160]	249	-360
Loss	[190]	297	-360
Loss	[200]	297	-360
Loss	[220]	336	-360
Loss	[240]	345	-360
Loss	[190]	300	-360
Loss	[190]	300	-360
Loss	[210]	321	-360
Loss	[190]	294	-360
Loss	[200]	309	-360
Loss	[190]	303	-360
Loss	[210]	321	-360
Loss	[230]	342	-360
Loss	[210]	309	-360
Win	[210]	360	-318
Loss	[230]	330	-360
Loss	[190]	294	-360
Loss	[190]	306	-360
Win	[190]	360	-294
Win	[190]	360	-339
Loss	[180]	234	-360
Loss	[200]	303	-360
Loss	[150]	255	-360
Loss	[180]	327	-360
Loss	[240]	336	-360
Loss	[200]	336	-360
Win	[230]	360	-321
Loss	[230]	339	-360
Loss	[190]	300	-360
Loss	[160]	303	-360
Win	[180]	360	-300
Loss	[170]	300	-360
Win	[240]	360	-348
Loss	[170]	294	-360
Win	[230]	360	-351
Loss	[200]	336	-360
Win	[210]	360	-330
Loss	[210]	315	-360
Loss	[250]	351	-360
Loss	[180]	321	-360
Loss	[190]	294	-360
Loss	[190]	291	-360
Loss	[240]	336	-360
Loss	[220]	342	-360
Loss	[180]	300	-360
Loss	[190]	285	-360
Loss	[210]	306	-360
Loss	[180]	300	-360
Loss	[170]	294	-360
Loss	[170]	315	-360
Loss	[170]	306	-360
Loss	[230]	333	-360
Loss	[180]	264	-360
Loss	[140]	210	-360
Loss	[190]	297	-360
Loss	[160]	234	-360
Loss	[200]	318	-360
Loss	[150]	171	-360
Win	[220]	360	-339
Loss	[180]	306	-360
Loss	[210]	318	-360
Loss	[220]	324	-360
Loss	[160]	273	-360
Loss	[210]	339	-360
Loss	[190]	312	-360
Loss	[190]	294	-360
Loss	[220]	330	-360
Loss	[220]	354	-360
Win	[200]	360	-342
Loss	[220]	318	-360
Loss	[200]	303	-360
Loss	[160]	291	-360
Loss	[170]	237	-360
Loss	[180]	306	-360
Loss	[230]	339	-360
Loss	[210]	297	-360
Loss	[190]	309	-360
Loss	[170]	240	-360
Loss	[210]	324	-360
Loss	[190]	273	-360
Loss	[240]	345	-360
Loss	[160]	231	-360
Loss	[200]	297	-360
Loss	[180]	258	-360
Loss	[230]	318	-360
Win	[230]	360	-357
Loss	[190]	294	-360
Loss	[190]	321	-360
Win	[240]	360	-357
Loss	[220]	345	-360
Win	[220]	360	-315
Win	[190]	360	-324
Win	[230]	360	-318
Loss	[200]	330	-360
Loss	[190]	315	-360
Win	[240]	360	-351
Loss	[200]	315	-360
Loss	[150]	186	-360
Loss	[200]	318	-360
Loss	[220]	342	-360
Loss	[170]	273	-360
Loss	[200]	309	-360
Win	[210]	360	-336
Loss	[160]	195	-360
Loss	[190]	312	-360
Loss	[140]	189	-360
Win	[210]	360	-324
Loss	[200]	306	-360
Win	[290]	360	-351
Loss	[140]	201	-360
Loss	[220]	342	-360
Loss	[260]	357	-360
Loss	[210]	330	-360
Loss	[210]	321	-360
Loss	[210]	315	-360
Win	[220]	360	-348
Loss	[210]	303	-360
Loss	[250]	351	-360
Loss	[220]	348	-360
Loss	[190]	294	-360
Loss	[220]	336	-360
Loss	[230]	312	-360
Win	[250]	360	-357
Win	[240]	360	-324
Loss	[170]	288	-360
Win	[260]	360	-357
Loss	[210]	324	-360
Loss	[180]	291	-360
Loss	[200]	279	-360
Loss	[190]	288	-360
Loss	[190]	297	-360
Loss	[200]	306	-360
Loss	[220]	300	-360
Win	[220]	360	-339
Win	[240]	360	-342
Loss	[240]	354	-360
Loss	[190]	297	-360
Loss	[190]	297	-360
Win	[190]	360	-300
Loss	[260]	339	-360
Loss	[180]	288	-360
Loss	[220]	339	-360
Loss	[180]	288	-360
Win	[200]	360	-345
Win	[230]	360	-339
Loss	[170]	249	-360
Win	[250]	360	-318
Loss	[170]	258	-360
Win	[210]	360	-324
Loss	[230]	336	-360
Loss	[210]	339	-360
Loss	[170]	258	-360
Loss	[240]	339	-360
Loss	[200]	300	-360
Loss	[170]	252	-360
Loss	[200]	315	-360
Loss	[170]	243	-360
Loss	[200]	315	-360
Loss	[180]	276	-360
Loss	[200]	315	-360
Loss	[270]	357	-360
Loss	[180]	261	-360
Loss	[200]	303	-360
Loss	[200]	315	-360
Loss	[200]	264	-360
Loss	[210]	321	-360
Loss	[210]	321	-360
Loss	[230]	336	-360
Win	[250]	360	-357
Loss	[170]	270	-360
Loss	[210]	300	-360
Loss	[230]	327	-360
Loss	[230]	345	-360
Loss	[230]	336	-360
Win	[210]	360	-333
Loss	[250]	357	-360
Loss	[220]	330	-360
Win	[230]	360	-354
Loss	[240]	330	-360
Loss	[190]	252	-360
Loss	[210]	318	-360
Loss	[180]	282	-360
Win	[220]	360	-348
Win	[210]	360	-324
Loss	500.0	294	-318
Loss	[170]	288	-360
Loss	[170]	273	-360
Loss	[170]	252	-360
Loss	[230]	342	-360
Loss	[210]	330	-360
Win	[190]	360	-306
Win	[230]	360	-336
Win	[220]	360	-333
Loss	[190]	339	-360
Loss	[190]	261	-360
Loss	[190]	288	-360
Loss	[250]	327	-360
Loss	[210]	306	-360
Loss	[200]	315	-360
Win	[260]	360	-345
Loss	[200]	237	-360
Loss	[220]	312	-360
Win	[250]	360	-357
Loss	[200]	324	-360
Loss	[190]	282	-360
Loss	[200]	279	-360
Loss	[200]	300	-360
Loss	[160]	213	-360
Loss	[200]	315	-360
Loss	[210]	306	-360
Loss	[200]	303	-360
Loss	[200]	330	-360
Loss	[180]	195	-360
Loss	[290]	357	-360
Loss	[230]	342	-360
Loss	[180]	303	-360
Loss	[190]	285	-360
Loss	[220]	306	-360
Loss	[230]	309	-360
Loss	[190]	321	-360
Loss	[180]	303	-360
Loss	[180]	285	-360
Loss	[200]	279	-360
Loss	[210]	312	-360
Loss	[170]	270	-360
Loss	[190]	297	-360
Win	[270]	360	-357
Loss	[220]	318	-360
Loss	[190]	285	-360
Loss	[240]	351	-360
Loss	[170]	285	-360
Loss	[230]	357	-360
Loss	[190]	294	-360
Win	[290]	360	-357
Loss	[190]	324	-360
Loss	[190]	303	-360
Loss	[190]	318	-360
Loss	[170]	264	-360
Loss	[210]	336	-360
Loss	[210]	342	-360
Win	[260]	360	-357
Win	[200]	360	-327
Loss	[180]	297	-360
Loss	[250]	357	-360
Loss	[210]	318	-360
Loss	[190]	300	-360
Win	[230]	360	-348
Win	[250]	360	-351
Loss	[220]	336	-360
Loss	[170]	240	-360
Loss	[240]	312	-360
Loss	[160]	249	-360
Win	[240]	360	-342
Loss	[190]	264	-360
Loss	[180]	273	-360
Win	[250]	360	-351
Loss	[200]	264	-360
Win	[200]	360	-321
Win	[180]	360	-306
Loss	[190]	294	-360
Loss	[170]	240	-360
Loss	[180]	246	-360
Win	[280]	360	-345
Loss	[200]	300	-360
Loss	[160]	243	-360
Loss	[190]	300	-360
Win	[200]	360	-333
Loss	[160]	222	-360
Loss	[200]	261	-360
Loss	[170]	279	-360
Loss	[210]	303	-360
Loss	[170]	294	-360
Loss	[190]	294	-360
Loss	[220]	306	-360
Loss	[200]	303	-360
Loss	[190]	282	-360
Loss	[240]	336	-360
Loss	[240]	330	-360
Loss	[270]	345	-360
Loss	[200]	291	-360
Loss	[240]	345	-360
Loss	[240]	333	-360
Win	[220]	360	-345
Loss	[160]	252	-360
Loss	[190]	291	-360
Loss	[190]	273	-360
Win	[230]	360	-342
Loss	500.0	339	-342
Win	[220]	360	-345
Loss	[180]	312	-360
Loss	[250]	357	-360
Loss	[210]	309	-360
Loss	[220]	315	-360
Loss	[240]	294	-360
Loss	[170]	306	-360
Loss	[190]	297	-360
Loss	[230]	336	-360
Win	[230]	360	-345
Loss	[240]	357	-360
Loss	[190]	282	-360
Loss	[180]	309	-360
Loss	[190]	252	-360
Loss	[190]	285	-360
Loss	[240]	333	-360
Loss	[180]	300	-360
Loss	[190]	258	-360
Loss	[200]	300	-360
Loss	[200]	300	-360
Loss	[220]	327	-360
Loss	[190]	297	-360
Loss	[200]	297	-360
Loss	[200]	321	-360
Loss	[150]	234	-360
Loss	[150]	180	-360
Loss	[210]	312	-360
Loss	[170]	234	-360
Loss	[210]	279	-360
Loss	[200]	309	-360
Loss	[170]	252	-360
Loss	[240]	324	-360
Loss	[200]	303	-360
Loss	[180]	303	-360
Loss	[170]	240	-360
Loss	[170]	249	-360
Loss	[200]	291	-360
Loss	[180]	315	-360
Win	[240]	360	-357
Loss	[190]	291	-360
Loss	[210]	300	-360
Loss	[190]	240	-360
Loss	[170]	243	-360
Loss	[180]	273	-360
Win	[230]	360	-330
Win	[200]	360	-336
Win	[250]	360	-354
Loss	[210]	312	-360
Loss	[180]	288	-360
Win	[250]	360	-339
Loss	[160]	243	-360
Loss	[180]	294	-360
Loss	[170]	237	-360
Loss	[180]	270	-360
Win	[230]	360	-348
Loss	[190]	291	-360
Loss	[230]	318	-360
Win	[200]	360	-333
Loss	[220]	324	-360
Loss	[180]	273	-360
Loss	[220]	330	-360
Loss	[210]	324	-360
Loss	[210]	336	-360
Loss	[180]	264	-360
Loss	[200]	336	-360
Loss	[200]	309	-360
Loss	[170]	297	-360
Loss	[130]	198	-360
Loss	[180]	261	-360
Loss	[210]	312	-360
Loss	[220]	336	-360
Loss	[210]	315	-360
Loss	[230]	345	-360
Loss	[160]	237	-360
Loss	[210]	321	-360
Loss	[190]	291	-360
Loss	[190]	309	-360
Loss	[190]	273	-360
Loss	[180]	282	-360
Loss	[230]	342	-360
Loss	[180]	276	-360
Win	[200]	360	-324
Loss	[220]	324	-360
Loss	[210]	324	-360
Loss	[190]	312	-360
Win	[170]	360	-297
Loss	[190]	312	-360
Loss	[250]	351	-360
Loss	[210]	324	-360
Win	[210]	360	-327
Loss	[210]	324	-360
Win	[290]	360	-357
Loss	[230]	345	-360
Loss	[220]	342	-360
Win	[230]	360	-348
Loss	[180]	288	-360
Loss	[210]	324	-360
Loss	[200]	294	-360
Loss	[220]	336	-360
Loss	[210]	318	-360
Loss	[200]	297	-360
Loss	[190]	300	-360
Loss	[180]	255	-360
Loss	[240]	351	-360
Loss	[190]	327	-360
Win	[200]	360	-294
Loss	[220]	339	-360
Loss	[220]	342	-360
Loss	[210]	318	-360
Win	[240]	360	-357
Loss	[210]	330	-360
Loss	[270]	339	-360
Win	[200]	360	-306
Loss	500.0	333	-306
Win	[260]	360	-348
Loss	[240]	318	-360
Win	[230]	360	-351
Loss	[170]	225	-360
Win	[200]	360	-339
Loss	[190]	297	-360
Win	[190]	360	-309
Loss	[190]	312	-360
Loss	[180]	294	-360
Win	[220]	360	-348
Loss	[200]	327	-360
Win	[210]	360	-303
Loss	[200]	294	-360
Loss	[190]	315	-360
Loss	[190]	252	-360
Win	[240]	360	-342
Loss	[190]	282	-360
Win	[220]	360	-345
Win	[230]	360	-357
Loss	[180]	291	-360
Loss	[210]	318	-360
Loss	[190]	279	-360
Win	[200]	360	-318
Loss	[220]	342	-360
Loss	[190]	300	-360
Loss	[190]	303	-360
Loss	[210]	318	-360
Win	[210]	360	-318
Loss	[180]	312	-360
Loss	[180]	279	-360
Loss	[200]	291	-360
Loss	[200]	321	-360
Loss	[220]	318	-360
Loss	[200]	306	-360
Win	[210]	360	-348
Loss	[160]	231	-360
Loss	[220]	324	-360
Loss	[230]	312	-360
Win	[200]	360	-303
Loss	[190]	258	-360
Loss	[190]	261	-360
Loss	[200]	282	-360
Loss	[200]	291	-360
Loss	[230]	324	-360
Loss	[180]	258	-360
Loss	[220]	327	-360
Loss	[240]	339	-360
Loss	[200]	288	-360
Loss	[220]	327	-360
Loss	[200]	327	-360
Loss	[180]	291	-360
Loss	[190]	330	-360
Win	[220]	360	-348
Loss	[160]	246	-360
Loss	[180]	288	-360
Loss	[200]	294	-360
Loss	[190]	300	-360
Loss	[180]	279	-360
Loss	[200]	309	-360
Loss	[270]	357	-360
Loss	[200]	288	-360
Loss	[170]	249	-360
Loss	[210]	315	-360
Loss	[160]	285	-360
Win	[190]	360	-321
Win	[210]	360	-342
Loss	[240]	336	-360
Loss	[230]	333	-360
Loss	[200]	303	-360
Win	[200]	360	-300
Loss	[190]	303	-360
Loss	[220]	333	-360
Win	[170]	360	-306
Win	[190]	360	-327
Loss	[200]	291	-360
Loss	[180]	288	-360
Win	[200]	360	-324
Win	[230]	360	-354
Loss	[270]	351	-360
Win	[190]	360	-315
Loss	[250]	357	-360
Loss	[210]	312	-360
Loss	[190]	282	-360
Loss	[200]	285	-360
Loss	[190]	294	-360
Win	[230]	360	-342
Loss	[270]	351	-360
Loss	[190]	315	-360
Loss	[200]	315	-360
Loss	[210]	300	-360
Win	[270]	360	-357
Loss	[180]	264	-360
Loss	[170]	252	-360
Loss	[130]	204	-360
Loss	[220]	318	-360
Loss	[200]	285	-360
Loss	[200]	297	-360
Win	[220]	360	-339
Loss	[220]	300	-360
Loss	[190]	264	-360
Loss	[180]	267	-360
Win	[240]	360	-345
Loss	[230]	345	-360
Win	[270]	360	-357
Win	[230]	360	-348
Win	[220]	360	-327
Win	[230]	360	-348
Loss	[180]	315	-360
Loss	[200]	285	-360
Loss	[190]	282	-360
Loss	[220]	336	-360
Loss	[180]	318	-360
Loss	[210]	330	-360
Loss	[210]	291	-360
Loss	[250]	333	-360
Loss	[180]	285	-360
Loss	[190]	291	-360
Loss	[180]	264	-360
Win	[260]	360	-351
Loss	[180]	228	-360
Loss	[180]	300	-360
Loss	[190]	309	-360
Loss	[180]	312	-360
Loss	[190]	282	-360
Win	[220]	360	-345
Loss	[210]	294	-360
Loss	[190]	315	-360
Loss	[220]	294	-360
Loss	[200]	303	-360
Loss	[200]	294	-360
Loss	[220]	324	-360
Loss	[210]	285	-360
Win	[230]	360	-348
Win	[180]	360	-306
Loss	[220]	342	-360
Loss	[200]	315	-360
Loss	[180]	300	-360
Loss	[160]	276	-360
Loss	[220]	330	-360
Loss	[270]	345	-360
Win	[250]	360	-354
Loss	[210]	321	-360
Loss	[260]	345	-360
Loss	[180]	282	-360
Loss	[210]	300	-360
Loss	[180]	270	-360
Loss	[210]	336	-360
Loss	[200]	318	-360
Loss	[210]	339	-360
Loss	[180]	306	-360
Loss	[200]	291	-360
Win	[190]	360	-312
Loss	[260]	324	-360
Loss	[190]	264	-360
Loss	[210]	309	-360
Loss	[220]	309	-360
Loss	[190]	294	-360
Win	[200]	360	-336
Loss	[180]	276	-360
Loss	[210]	330	-360
Loss	[190]	291	-360
Loss	[220]	336	-360
Loss	[200]	330	-360
Loss	[210]	297	-360
Win	[240]	360	-354
Loss	[190]	303	-360
Loss	[200]	315	-360
Loss	[190]	273	-360
Loss	[230]	336	-360
Loss	[190]	303	-360
Loss	[180]	270	-360
Loss	[190]	318	-360
Loss	[200]	318	-360
Loss	[180]	288	-360
Loss	[210]	336	-360
Loss	[190]	315	-360
Win	[190]	360	-327
Loss	[210]	246	-360
Loss	[240]	348	-360
Loss	[160]	261	-360
Loss	[240]	357	-360
Win	[210]	360	-348
Loss	[210]	321	-360
Loss	[250]	345	-360
Loss	[210]	321	-360
Loss	[190]	282	-360
Loss	[190]	285	-360
Loss	[190]	321	-360
Win	[200]	360	-315
Win	[230]	360	-330
Loss	[170]	300	-360
Loss	[200]	327	-360
Loss	[200]	309	-360
Loss	[210]	321	-360
Win	[240]	360	-324
Loss	[220]	345	-360
Loss	[180]	243	-360
Win	[220]	360	-327
Loss	[200]	282	-360
Loss	[200]	282	-360
Loss	[190]	297	-360
Loss	[190]	306	-360
Loss	[180]	264	-360
Loss	[200]	315	-360
Loss	[190]	294	-360
Win	[250]	360	-357
Loss	[250]	330	-360
Loss	[180]	243	-360
Loss	[200]	303	-360
Loss	[210]	315	-360
Win	[220]	360	-321
Loss	[190]	288	-360
Loss	[210]	336	-360
Loss	[190]	300	-360
Loss	[220]	327	-360
Loss	[280]	351	-360
Loss	[210]	333	-360
Win	[230]	360	-348
Loss	[210]	327	-360
Win	[230]	360	-351
Loss	[190]	315	-360
Loss	[180]	306	-360
Loss	[330]	321	-360
Loss	[200]	342	-360
Loss	[180]	297	-360
Loss	[190]	300	-360
Loss	[190]	300	-360
Loss	[180]	270	-360
Loss	[210]	327	-360
Loss	[140]	165	-360
Loss	[190]	324	-360
Loss	[200]	333	-360
Loss	[190]	303	-360
Win	[170]	360	-303
Loss	[200]	294	-360
Loss	[180]	270	-360
Win	[230]	360	-345
Loss	[200]	285	-360
Loss	[230]	330	-360
Loss	[180]	258	-360
Loss	[210]	318	-360
Win	[230]	360	-333
Loss	[220]	312	-360
Win	[230]	360	-333
Loss	[180]	300	-360
Loss	[230]	318	-360
Loss	500.0	297	-351
Win	[210]	360	-339
Loss	[200]	339	-360
Loss	[180]	228	-360
Loss	[190]	288	-360
Loss	[190]	288	-360
Loss	[210]	327	-360
Loss	[220]	324	-360
Loss	[210]	312	-360
Win	[230]	360	-342
Loss	[180]	291	-360
Loss	[160]	294	-360
Loss	[200]	318	-360
Loss	[160]	276	-360
Loss	[150]	237	-360
Loss	[270]	351	-360
Loss	[170]	291	-360
Loss	[190]	291	-360
Loss	[210]	324	-360
Loss	[200]	303	-360
Loss	[190]	333	-360
Loss	[210]	315	-360
Loss	[220]	342	-360
Loss	[200]	333	-360
Loss	[180]	279	-360
Loss	[210]	303	-360
Loss	[200]	327	-360
Loss	[190]	303	-360
Win	[230]	360	-351
Loss	[210]	318	-360
Loss	[260]	357	-360
Loss	[210]	318	-360
Loss	[200]	306	-360
Win	[270]	360	-357
Loss	[210]	297	-360
Loss	[160]	261	-360
Loss	[210]	291	-360
Loss	[190]	303	-360
Loss	500.0	306	-345
Loss	[180]	297	-360
Loss	[250]	351	-360
Loss	[210]	318	-360
Win	[240]	360	-339
Win	[200]	360	-318
Loss	[190]	276	-360
Win	[230]	360	-351
Loss	[160]	219	-360
Loss	[150]	297	-360
Loss	[240]	330	-360
Win	[250]	360	-357
Loss	[200]	309	-360
Loss	[190]	288	-360
Loss	[230]	312	-360
Loss	[210]	303	-360
Loss	[180]	267	-360
Loss	[190]	282	-360
Loss	[190]	303	-360
Loss	[180]	327	-360
Loss	[160]	264	-360
Loss	[200]	267	-360
Loss	[190]	303	-360
Loss	[200]	270	-360
Loss	[180]	237	-360
Loss	[200]	303	-360
Loss	[240]	333	-360
Win	[240]	360	-327
Loss	[210]	309	-360
Loss	[200]	288	-360
Loss	[190]	300	-360
Loss	[200]	294	-360
Win	[250]	360	-357
Loss	[190]	291	-360
Loss	[190]	288	-360
Loss	[180]	276	-360
Loss	[170]	240	-360
Loss	[200]	297	-360
Loss	[190]	312	-360
Loss	[180]	282	-360
Loss	[190]	303	-360
Loss	[220]	330	-360
Loss	[200]	315	-360
Loss	[240]	342	-360
Loss	[220]	324	-360
Loss	[190]	306	-360
Loss	[200]	273	-360
Loss	[180]	252	-360
Win	[240]	360	-348
Loss	[210]	333	-360
Loss	[210]	318	-360
Loss	[220]	336	-360
Win	[220]	360	-324
Loss	[260]	345	-360
Loss	[250]	330	-360
Loss	[200]	303	-360
Loss	[190]	279	-360
Loss	[210]	330	-360
Loss	[200]	297	-360
Loss	[140]	168	-360
Loss	[200]	333	-360
Loss	[270]	357	-360
Loss	[220]	330	-360
Loss	[130]	213	-360
Loss	[180]	270	-360
Loss	[180]	270	-360
Loss	[210]	297	-360
Loss	[180]	294	-360
Win	[230]	360	-330
Win	[230]	360	-321
Loss	[190]	321	-360
Loss	[260]	351	-360
Loss	[280]	357	-360
Win	[260]	360	-351
Loss	[200]	306	-360
Loss	[200]	303	-360
Loss	[220]	324	-360
Loss	[210]	303	-360
Win	[200]	360	-321
Loss	[170]	279	-360
Loss	[200]	297	-360
Loss	[230]	342	-360
Loss	[220]	348	-360
Loss	[190]	255	-360
Loss	[220]	330	-360
Loss	[240]	333	-360
Loss	[150]	177	-360
Loss	[220]	318	-360
Loss	[210]	312	-360
Win	[210]	360	-336
Loss	[240]	357	-360
Loss	[170]	225	-360
Win	[170]	360	-303
Loss	[240]	336	-360
Loss	[190]	285	-360
Loss	[200]	297	-360
Loss	[190]	324	-360
Win	[190]	360	-306
Loss	[180]	270	-360
Loss	[190]	276	-360
Win	[230]	360	-333
Loss	[190]	273	-360
Loss	[190]	276	-360
Win	[220]	360	-339
Loss	[260]	351	-360
Loss	[200]	315	-360
Win	[240]	360	-336
Loss	[190]	273	-360
Loss	[230]	312	-360
Loss	[220]	318	-360
Loss	[200]	291	-360
Loss	[190]	270	-360
Loss	[190]	324	-360
Win	[220]	360	-339
Loss	[200]	276	-360
Loss	[210]	321	-360
Loss	[220]	312	-360
Loss	[220]	348	-360
Loss	[230]	333	-360
Loss	[190]	315	-360
Loss	[180]	258	-360
Loss	[200]	327	-360
Loss	[210]	330	-360
Loss	[230]	348	-360
Win	[250]	360	-345
Loss	[220]	330	-360
Loss	[190]	288	-360
Loss	[240]	342	-360
Win	[240]	360	-324
Loss	[200]	333	-360
Win	[220]	360	-336
Win	[220]	360	-342
Loss	[190]	324	-360
Loss	[180]	252	-360
Loss	[240]	318	-360
Loss	[190]	246	-360
Loss	[190]	285	-360
Loss	[230]	336	-360
Loss	[200]	288	-360
Loss	[190]	288	-360
Loss	[210]	330	-360
Loss	[190]	300	-360
Loss	[200]	264	-360
Loss	[200]	303	-360
Loss	[180]	312	-360
Loss	[230]	330	-360
Win	[220]	360	-336
Loss	[230]	357	-360
Loss	[190]	318	-360
Win	[240]	360	-309
Win	[210]	360	-309
Win	[230]	360	-312
Win	[220]	360	-303
Loss	[230]	354	-360
Loss	[190]	309	-360
Win	[220]	360	-351
Loss	[200]	294	-360
Loss	[190]	324	-360
Loss	[210]	315	-360
Win	[230]	360	-342
Win	[240]	360	-351
Win	[200]	360	-309
Loss	[230]	336	-360
Win	[220]	360	-315
Win	[220]	360	-303
Loss	[200]	276	-360
Win	[250]	360	-342
Loss	[250]	357	-360
Win	[230]	360	-297
Win	[240]	360	-345
Win	[220]	360	-330
Loss	[210]	309	-360
Loss	[200]	306	-360
Loss	[180]	285	-360
Loss	[210]	321	-360
Loss	[230]	357	-360
Loss	[260]	351	-360
Loss	[200]	324	-360
Win	[200]	360	-330
Loss	[190]	291	-360
Win	[200]	360	-303
Loss	[180]	297	-360
Win	[220]	360	-345
Win	[250]	360	-351
Loss	[270]	357	-360
Win	[240]	360	-315
Loss	[230]	333	-360
Loss	[230]	318	-360
Loss	[190]	300	-360
Loss	[220]	342	-360
Loss	[190]	318	-360
Loss	[200]	336	-360
Win	[180]	360	-288
Loss	[200]	306	-360
Win	[210]	360	-315
Loss	[200]	309	-360
Loss	[180]	258	-360
Win	[260]	360	-345
Loss	[200]	333	-360
Win	[230]	360	-333
Win	[210]	360	-318
Loss	[200]	315	-360
Win	[230]	360	-342
Win	[240]	360	-342
Win	[180]	360	-294
Loss	[190]	324	-360
Loss	[190]	267	-360
Win	[210]	360	-342
Win	[190]	360	-282
Loss	[190]	309	-360
Loss	[180]	288	-360
Loss	[210]	330	-360
Loss	[200]	324	-360
Win	[200]	360	-342
Loss	[190]	294	-360
Loss	[230]	351	-360
Loss	[250]	339	-360
Loss	[200]	303	-360
Loss	[230]	348	-360
Loss	[200]	303	-360
Win	[240]	360	-345
Loss	[240]	318	-360
Loss	[190]	303	-360
Loss	[200]	333	-360
Loss	[210]	327	-360
Win	[210]	360	-333
Loss	[190]	288	-360
Win	[220]	360	-318
Loss	[210]	315	-360
Loss	[200]	288	-360
Loss	[180]	270	-360
Loss	[220]	336	-360
Loss	[230]	342	-360
Loss	[210]	318	-360
Win	[220]	360	-342
Loss	[180]	279	-360
Loss	[220]	297	-360
Loss	[190]	339	-360
Loss	[220]	357	-360
Loss	[200]	282	-360
Win	[250]	360	-354
Loss	[220]	330	-360
Loss	[240]	339	-360
Loss	[200]	309	-360
Loss	[200]	285	-360
Loss	[220]	330	-360
Loss	[190]	288	-360
Loss	[200]	291	-360
Loss	[180]	303	-360
Loss	[250]	339	-360
Loss	[200]	333	-360
Loss	[180]	267	-360
Win	[210]	360	-354
Loss	[230]	315	-360
Loss	[200]	327	-360
Loss	[200]	303	-360
Loss	[210]	318	-360
Win	[230]	360	-336
Win	[270]	360	-351
Loss	[240]	339	-360
Win	[200]	360	-324
Win	[220]	360	-348
Win	[210]	360	-330
Loss	[260]	345	-360
Loss	[220]	297	-360
Win	[210]	360	-315
Win	[190]	360	-294
Loss	[230]	330	-360
Loss	[190]	336	-360
Loss	[180]	324	-360
Loss	[190]	279	-360
Loss	[200]	303	-360
Loss	[190]	300	-360
Win	[190]	360	-306
Win	[210]	360	-321
Loss	[200]	318	-360
Win	[190]	360	-312
Win	[220]	360	-330
Loss	[220]	315	-360
Win	[190]	360	-303
Loss	[190]	306	-360
Loss	[220]	342	-360
Win	[220]	360	-339
Loss	[190]	306	-360
Loss	[190]	276	-360
Win	[210]	360	-300
Loss	[210]	357	-360
Win	[210]	360	-324
Loss	[220]	354	-360
Loss	[190]	264	-360
Win	[320]	360	-357
Win	[230]	360	-336
Win	[200]	360	-348
Loss	[250]	336	-360
Loss	[190]	300	-360
Win	[240]	360	-357
Loss	[190]	288	-360
Loss	[200]	333	-360
Win	[240]	360	-339
Loss	[230]	321	-360
Loss	[200]	321	-360
Loss	[220]	318	-360
Win	[190]	360	-288
Win	[210]	360	-342
Loss	[190]	300	-360
Win	[230]	360	-345
Loss	[190]	318	-360
Loss	[250]	345	-360
Loss	[220]	330	-360
Win	[200]	360	-312
Loss	[200]	270	-360
Loss	[190]	276	-360
Win	[200]	360	-330
Win	[230]	360	-318
Loss	[220]	336	-360
Win	[240]	360	-300
Loss	[230]	330	-360
Loss	[200]	321	-360
Loss	[230]	333	-360
Win	[220]	360	-348
Loss	[200]	309	-360
Loss	[200]	264	-360
Loss	[220]	330	-360
Loss	[200]	327	-360
Win	[240]	360	-297
Win	[200]	360	-345
Win	[200]	360	-309
Loss	[230]	348	-360
Loss	[220]	312	-360
Loss	[190]	306	-360
Loss	[200]	303	-360
Loss	[210]	327	-360
Loss	[210]	330	-360
Win	[210]	360	-345
Win	[230]	360	-342
Loss	[220]	324	-360
Loss	[230]	336	-360
Win	[240]	360	-351
Loss	[200]	297	-360
Loss	[190]	306	-360
Win	[200]	360	-312
Loss	[180]	285	-360
Loss	[220]	315	-360
Win	[220]	360	-330
Loss	[200]	297	-360
Win	[220]	360	-348
Loss	[200]	339	-360
Win	[190]	360	-306
Loss	[220]	321	-360
Loss	[140]	195	-360
Loss	[220]	309	-360
Win	[170]	360	-309
Win	[200]	360	-318
Loss	[230]	339	-360
Win	[190]	360	-300
Loss	[190]	276	-360
Win	[230]	360	-342
Loss	[230]	357	-360
Loss	[190]	258	-360
Win	[210]	360	-354
Loss	[180]	288	-360
Loss	[190]	294	-360
Win	[190]	360	-312
Loss	[180]	291	-360
Win	[220]	360	-324
Win	[220]	360	-330
Loss	[190]	291	-360
Loss	[220]	351	-360
Loss	[200]	339	-360
Win	[220]	360	-315
Loss	[200]	321	-360
Win	[240]	360	-345
Win	[220]	360	-357
Win	[210]	360	-318
Loss	[240]	351	-360
Win	[220]	360	-330
Win	[230]	360	-330
Loss	[200]	324	-360
Loss	[190]	333	-360
Win	[260]	360	-357
Loss	[190]	318	-360
Loss	[180]	273	-360
Loss	[200]	318	-360
Loss	[240]	357	-360
Win	[230]	360	-306
Win	[200]	360	-342
Loss	[170]	273	-360
Loss	[200]	324	-360
Loss	[190]	345	-360
Loss	[180]	285	-360
Loss	[180]	255	-360
Loss	[200]	345	-360
Win	[200]	360	-309
Loss	[270]	351	-360
Loss	[230]	312	-360
Win	[220]	360	-306
Loss	[210]	333	-360
Loss	[230]	339	-360
Win	[200]	360	-309
Loss	[190]	252	-360
Loss	[180]	276	-360
Loss	[210]	309	-360
Loss	[180]	330	-360
Win	[210]	360	-315
Loss	[230]	339	-360
Loss	[200]	315	-360
Win	[200]	360	-303
Win	[250]	360	-333
Loss	[210]	291	-360
Loss	[190]	336	-360
Win	[210]	360	-303
Loss	[190]	324	-360
Loss	[190]	306	-360
Loss	[220]	312	-360
Win	[240]	360	-330
Win	[210]	360	-324
Win	[210]	360	-303
Loss	[230]	336	-360
Win	[220]	360	-303
Win	[210]	360	-309
Loss	[190]	303	-360
Win	[200]	360	-309
Win	[230]	360	-336
Loss	[210]	330	-360
Win	[270]	360	-357
Win	[210]	360	-315
Loss	[190]	318	-360
Win	[200]	360	-312
Win	[220]	360	-315
Win	[220]	360	-297
Win	[210]	360	-315
Win	[200]	360	-315
Win	[220]	360	-318
Win	[220]	360	-321
Win	[210]	360	-303
Loss	[220]	336	-360
Win	[200]	360	-288
Win	[210]	360	-315
Win	[220]	360	-306
Loss	[210]	324	-360
Loss	[210]	336	-360
Loss	[180]	285	-360
Loss	[210]	303	-360
Win	[210]	360	-330
Loss	[200]	318	-360
Win	[220]	360	-309
Win	[220]	360	-315
Win	[200]	360	-297
Loss	[200]	297	-360
Win	[210]	360	-309
Win	[210]	360	-309
Win	[180]	360	-294
Win	[210]	360	-297
Win	[200]	360	-297
Win	[200]	360	-315
Win	[190]	360	-297
Win	[200]	360	-309
Win	[220]	360	-306
Win	[180]	360	-300
Loss	[180]	282	-360
Loss	[230]	351	-360
Win	[220]	360	-312
Win	[250]	360	-336
Win	[220]	360	-312
Loss	[270]	357	-360
Win	[230]	360	-333
Win	[210]	360	-303
Win	[190]	360	-294
Win	[210]	360	-336
Loss	[190]	324	-360
Win	[200]	360	-303
Loss	[190]	303	-360
Loss	[200]	321	-360
Loss	[180]	288	-360
Win	[220]	360	-330
Loss	[190]	291	-360
Loss	[220]	348	-360
Loss	[190]	327	-360
Loss	[230]	336	-360
Win	[200]	360	-294
Win	[210]	360	-345
Loss	[190]	321	-360
Loss	[200]	315	-360
Win	[210]	360	-327
Win	[200]	360	-330
Win	[190]	360	-300
Win	[220]	360	-303
Win	[280]	360	-351
Win	[270]	360	-351
Win	[220]	360	-354
Win	[230]	360	-312
Loss	[220]	354	-360
Win	[220]	360	-324
Win	[200]	360	-309
Win	[190]	360	-288
Loss	[240]	348	-360
Win	[220]	360	-348
Win	[230]	360	-351
Loss	[220]	336	-360
Win	[200]	360	-297
Win	[230]	360	-351
Win	[170]	360	-294
Win	[270]	360	-357
Loss	[230]	342	-360
Win	[210]	360	-303
Loss	[180]	294	-360
Win	[230]	360	-318
Win	[210]	360	-333
Win	[190]	360	-297
Win	[230]	360	-339
Win	[200]	360	-303
Loss	[170]	243	-360
Loss	[290]	357	-360
Win	[220]	360	-345
Win	[200]	360	-297
Win	[210]	360	-303
Loss	[190]	321	-360
Win	[220]	360	-345
Win	[210]	360	-315
Win	[220]	360	-309
Loss	[190]	282	-360
Win	[210]	360	-309
Win	[180]	360	-294
Win	[200]	360	-294
Win	[200]	360	-297
Loss	[200]	279	-360
Win	[290]	360	-357
Win	[200]	360	-297
Loss	[260]	357	-360
Win	[220]	360	-318
Loss	[250]	339	-360
Loss	[190]	333	-360
Win	[190]	360	-291
Loss	[210]	348	-360
Win	[210]	360	-315
Win	[200]	360	-309
Loss	[210]	324	-360
Win	[210]	360	-312
Loss	[280]	357	-360
Win	[180]	360	-288
Win	[250]	360	-348
Win	[220]	360	-348
Loss	[200]	294	-360
Win	[190]	360	-297
Win	[220]	360	-315
Win	[200]	360	-324
Win	[210]	360	-318
Win	[220]	360	-315
Win	[210]	360	-312
Loss	[230]	351	-360
Win	[190]	360	-294
Win	[230]	360	-312
Win	[210]	360	-309
Win	[230]	360	-312
Win	[220]	360	-309
Win	[210]	360	-315
Win	[200]	360	-300
Win	[210]	360	-348
Win	[200]	360	-303
Win	[200]	360	-294
Win	[220]	360	-318
Loss	[230]	357	-360
Win	[170]	360	-294
Win	[220]	360	-330
Win	[210]	360	-306
Win	[190]	360	-294
Win	[220]	360	-315
Loss	[220]	324	-360
Win	[240]	360	-294
Win	[230]	360	-318
Win	[180]	360	-309
Win	[200]	360	-321
Win	[200]	360	-312
Win	[210]	360	-312
Win	[190]	360	-303
Loss	[190]	318	-360
Win	[210]	360	-339
Loss	[180]	243	-360
Win	[220]	360	-336
Win	[210]	360	-339
Win	[200]	360	-309
Loss	[180]	270	-360
Win	[200]	360	-300
Win	[200]	360	-309
Win	[190]	360	-309
Win	[210]	360	-303
Win	[200]	360	-309
Win	[220]	360	-330
Win	[190]	360	-309
Loss	[210]	357	-360
Win	[200]	360	-309
Win	[200]	360	-297
Loss	[190]	300	-360
Win	[190]	360	-294
Win	[210]	360	-303
Win	[260]	360	-345
Loss	[220]	291	-360
Loss	[190]	267	-360
Win	[210]	360	-303
Win	[210]	360	-312
Win	[230]	360	-312
Loss	[240]	333	-360
Win	[200]	360	-294
Win	[210]	360	-297
Win	[180]	360	-294
Loss	[220]	315	-360
Win	[200]	360	-309
Win	[190]	360	-294
Win	[260]	360	-345
Win	[200]	360	-297
Win	[200]	360	-300
Loss	[210]	330	-360
Win	[200]	360	-303
Win	[210]	360	-315
Win	[200]	360	-303
Win	[190]	360	-312
Win	[260]	360	-321
Win	[210]	360	-306
Loss	[210]	318	-360
Loss	[220]	309	-360
Win	[210]	360	-309
Win	[190]	360	-297
Loss	[230]	333	-360
Win	[210]	360	-345
Win	[160]	360	-285
Win	[210]	360	-306
Win	[220]	360	-312
Win	[230]	360	-330
Win	[210]	360	-336
Win	[240]	360	-351
Win	[210]	360	-345
Win	[200]	360	-291
Win	[200]	360	-315
Win	[200]	360	-309
Win	[200]	360	-303
Win	[200]	360	-291
Loss	[260]	351	-360
Win	[210]	360	-306
Win	[250]	360	-345
Loss	[180]	249	-360
Win	[240]	360	-339
Win	[200]	360	-303
Loss	[220]	348	-360
Win	[210]	360	-303
Win	[160]	360	-273
Win	[200]	360	-330
Win	[220]	360	-303
Win	[210]	360	-342
Loss	[180]	294	-360
Win	[190]	360	-318
Win	[210]	360	-321
Loss	[180]	321	-360
Win	[200]	360	-339
Win	[210]	360	-297
Win	[210]	360	-309
Win	[190]	360	-294
Win	[220]	360	-336
Win	[220]	360	-348
Loss	[190]	324	-360
Win	[200]	360	-309
Win	[200]	360	-321
Win	[200]	360	-333
Loss	[170]	249	-360
Win	[190]	360	-297
Win	[250]	360	-351
Loss	[180]	276	-360
Win	[240]	360	-327
Loss	[190]	270	-360
Loss	[230]	345	-360
Win	[270]	360	-345
Win	[210]	360	-297
Win	[220]	360	-327
Win	[200]	360	-303
Loss	[230]	324	-360
Win	[180]	360	-288
Win	[240]	360	-336
Win	[190]	360	-315
Loss	[180]	249	-360
Win	[210]	360	-297
Loss	[200]	312	-360
Win	[250]	360	-339
Win	[190]	360	-291
Win	[220]	360	-354
Loss	[190]	315	-360
Win	[240]	360	-342
Win	[230]	360	-357
Loss	[200]	321	-360
Win	[190]	360	-288
Win	[230]	360	-318
Win	[210]	360	-303
Win	[200]	360	-303
Win	[200]	360	-303
Win	[200]	360	-303
Win	[210]	360	-339
Win	[190]	360	-297
Win	[220]	360	-297
Win	[230]	360	-330
Win	[240]	360	-357
Loss	[220]	249	-360
Win	[210]	360	-309
Loss	[210]	342	-360
Win	[180]	360	-309
Win	[220]	360	-297
Win	[200]	360	-330
Win	[210]	360	-321
Loss	[200]	348	-360
Win	[230]	360	-327
Win	[200]	360	-300
Win	[210]	360	-312
Win	[230]	360	-354
Win	[190]	360	-312
Win	[210]	360	-330
Win	[220]	360	-285
Win	[220]	360	-318
Win	[210]	360	-297
Win	[240]	360	-324
Loss	[200]	315	-360
Loss	[220]	330	-360
Win	[210]	360	-309
Win	[220]	360	-315
Win	[230]	360	-309
Win	[230]	360	-309
Loss	[180]	303	-360
Win	[220]	360	-297
Loss	[180]	288	-360
Loss	[210]	321	-360
Win	[210]	360	-309
Win	[180]	360	-288
Loss	[180]	279	-360
Loss	[210]	330	-360
Win	[200]	360	-324
Loss	[250]	351	-360
Win	[200]	360	-318
Win	[210]	360	-336
Loss	[190]	294	-360
Win	[210]	360	-330
Win	[200]	360	-297
Loss	[200]	318	-360
Win	[220]	360	-354
Win	[220]	360	-318
Win	[180]	360	-294
Win	[220]	360	-315
Loss	[250]	351	-360
Win	[210]	360	-324
Win	[220]	360	-357
Loss	[250]	357	-360
Win	[200]	360	-303
Win	[220]	360	-342
Loss	[190]	312	-360
Win	[240]	360	-342
Win	[180]	360	-294
Win	[210]	360	-327
Win	[210]	360	-309
Win	[220]	360	-303
Win	[230]	360	-348
Loss	[210]	315	-360
Win	[200]	360	-297
Loss	[200]	321	-360
Win	[230]	360	-336
Win	[210]	360	-309
Win	[190]	360	-303
Win	[200]	360	-291
Win	[210]	360	-309
Win	[220]	360	-303
Loss	[220]	318	-360
Win	[180]	360	-294
Loss	[180]	300	-360
Loss	[200]	333	-360
Win	[180]	360	-288
Loss	[190]	333	-360
Win	[180]	360	-294
Win	[220]	360	-318
Win	[200]	360	-297
Win	[220]	360	-342
Win	[200]	360	-294
Loss	[230]	354	-360
Win	[220]	360	-330
Win	[210]	360	-303
Loss	[240]	351	-360
Win	[230]	360	-309
Win	[210]	360	-297
Win	[200]	360	-309
Win	[200]	360	-336
Win	[240]	360	-339
Loss	[220]	309	-360
Loss	[190]	294	-360
Win	[220]	360	-291
Win	[210]	360	-354
Loss	[230]	342	-360
Win	[190]	360	-294
Loss	[190]	321	-360
Win	[210]	360	-297
Loss	[210]	291	-360
Win	[220]	360	-327
Win	[220]	360	-303
Win	[190]	360	-327
Win	[250]	360	-339
Win	[200]	360	-303
Win	[180]	360	-294
Win	[180]	360	-294
Win	[210]	360	-303
Win	[220]	360	-315
Win	[220]	360	-339
Win	[210]	360	-312
Win	[230]	360	-348
Loss	[210]	300	-360
Win	[210]	360	-312
Win	[180]	360	-294
Win	[170]	360	-294
Win	[230]	360	-318
Win	[210]	360	-297
Loss	[150]	192	-360
Win	[190]	360	-300
Loss	[230]	354	-360
Win	[220]	360	-324
Loss	[190]	303	-360
Win	[220]	360	-312
Win	[200]	360	-297
Win	[190]	360	-297
Loss	[190]	324	-360
Win	[190]	360	-312
Win	[270]	360	-351
Loss	[200]	312	-360
Win	[210]	360	-297
Loss	[210]	327	-360
Win	[220]	360	-321
Win	[210]	360	-303
Win	[230]	360	-303
Win	[200]	360	-336
Win	[230]	360	-303
Win	[160]	360	-285
Win	[230]	360	-309
Win	[220]	360	-315
Win	[170]	360	-288
Loss	[220]	324	-360
Win	[220]	360	-315
Win	[220]	360	-303
Win	[200]	360	-291
Win	[170]	360	-282
Win	[210]	360	-315
Loss	[190]	318	-360
Win	[220]	360	-330
Loss	[190]	330	-360
Win	[210]	360	-348
Win	[210]	360	-309
Win	[220]	360	-297
Loss	[230]	327	-360
Loss	[190]	306	-360
Loss	[200]	339	-360
Win	[220]	360	-315
Win	[180]	360	-294
Win	[210]	360	-309
Win	[210]	360	-303
Loss	[190]	276	-360
Win	[200]	360	-297
Win	[190]	360	-291
Win	[190]	360	-282
Win	[230]	360	-333
Win	[230]	360	-342
Loss	[180]	273	-360
Win	[170]	360	-291
Loss	[240]	342	-360
Win	[200]	360	-303
Win	[190]	360	-294
Win	[190]	360	-297
Win	[210]	360	-309
Win	[250]	360	-351
Win	[180]	360	-288
Loss	[190]	210	-360
Win	[220]	360	-321
Loss	[230]	339	-360
Win	[180]	360	-291
Win	[190]	360	-297
Win	[190]	360	-306
Win	[220]	360	-297
Loss	[190]	321	-360
Win	[210]	360	-321
Win	[170]	360	-285
Win	[200]	360	-303
Win	[230]	360	-318
Win	[250]	360	-351
Win	[210]	360	-309
Win	[220]	360	-324
Win	[190]	360	-291
Win	[220]	360	-303
Loss	[250]	357	-360
Win	[210]	360	-351
Win	[170]	360	-288
Win	[220]	360	-321
Win	[210]	360	-303
Win	[210]	360	-321
Win	[210]	360	-315
Win	[170]	360	-288
Loss	[190]	312	-360
Win	[200]	360	-303
Win	[200]	360	-294
Win	[200]	360	-309
Win	[220]	360	-312
Win	[220]	360	-309
Win	[200]	360	-288
Win	[200]	360	-303
Win	[240]	360	-318
Loss	[190]	315	-360
Win	[230]	360	-333
Win	[210]	360	-291
Win	[210]	360	-315
Loss	[210]	333	-360
Win	[200]	360	-303
Win	[200]	360	-297
Win	[190]	360	-300
Win	[220]	360	-336
Win	[210]	360	-303
Win	[200]	360	-309
Win	[200]	360	-297
Loss	[190]	315	-360
Win	[200]	360	-297
Win	[190]	360	-324
Win	[170]	360	-294
Win	[170]	360	-294
Win	[220]	360	-291
Win	[210]	360	-315
Win	[240]	360	-333
Win	[210]	360	-303
Win	[230]	360	-342
Win	[220]	360	-303
Win	[200]	360	-291
Win	[190]	360	-294
Win	[170]	360	-291
Win	[190]	360	-300
Loss	[190]	297	-360
Loss	[200]	306	-360
Win	[200]	360	-309
Loss	[190]	294	-360
Win	[190]	360	-294
Win	[200]	360	-300
Win	[180]	360	-294
Win	[170]	360	-285
Win	[200]	360	-303
Win	[200]	360	-291
Win	[200]	360	-300
Loss	[190]	330	-360
Win	[190]	360	-294
Win	[210]	360	-303
Win	[220]	360	-333
Win	[210]	360	-312
Loss	[180]	285	-360
Loss	[190]	312	-360
Loss	[210]	348	-360
Win	[200]	360	-300
Win	[210]	360	-312
Win	[210]	360	-336
Win	[230]	360	-348
Win	[190]	360	-303
Win	[220]	360	-297
Win	[160]	360	-291
Loss	[180]	315	-360
Win	[210]	360	-315
Win	[230]	360	-342
Win	[210]	360	-309
Win	[220]	360	-318
Win	[190]	360	-297
Win	[210]	360	-315
Win	[220]	360	-297
Win	[230]	360	-324
Win	[180]	360	-294
Win	[200]	360	-330
Win	[190]	360	-294
Loss	[220]	342	-360
Win	[210]	360	-318
Win	[220]	360	-309
Win	[260]	360	-339
Win	[250]	360	-309
Loss	[230]	336	-360
Win	[200]	360	-282
Loss	[240]	357	-360
Win	[200]	360	-297
Win	[190]	360	-294
Win	[210]	360	-312
Win	[200]	360	-303
Loss	[210]	342	-360
Win	[190]	360	-300
Win	[210]	360	-303
Win	[190]	360	-294
Win	[210]	360	-294
Loss	[210]	321	-360
Win	[210]	360	-297
Win	[200]	360	-288
Win	[190]	360	-291
Win	[220]	360	-303
Loss	[190]	300	-360
Loss	[190]	294	-360
Win	[170]	360	-285
Win	[210]	360	-315
Win	[210]	360	-309
Win	[200]	360	-306
Win	[230]	360	-330
Win	[200]	360	-297
Win	[200]	360	-300
Win	[250]	360	-345
Win	[170]	360	-291
Win	[200]	360	-324
Win	[220]	360	-321
Win	[200]	360	-300
Win	[220]	360	-330
Win	[200]	360	-312
Win	[180]	360	-294
Win	[180]	360	-297
Win	[210]	360	-309
Win	[210]	360	-321
Win	[240]	360	-351
Win	[210]	360	-306
Win	[220]	360	-309
Win	[300]	360	-324
Win	[190]	360	-294
Win	[200]	360	-330
Win	[200]	360	-303
Win	[190]	360	-285
Loss	[200]	315	-360
Win	[170]	360	-288
Win	[200]	360	-318
Loss	[180]	303	-360
Win	[220]	360	-315
Win	[180]	360	-297
Win	[220]	360	-315
Loss	[200]	324	-360
Win	[200]	360	-303
Loss	[210]	324	-360
Win	[190]	360	-288
Win	[210]	360	-330
Win	[210]	360	-303
Win	[210]	360	-318
Win	[220]	360	-324
Win	[210]	360	-297
Loss	[230]	318	-360
Loss	[200]	339	-360
Loss	[230]	333	-360
Win	[220]	360	-324
Loss	[210]	318	-360
Loss	[230]	345	-360
Win	[240]	360	-333
Loss	[180]	291	-360
Loss	[200]	309	-360
Loss	[270]	351	-360
Win	[210]	360	-309
Win	[220]	360	-303
Win	[170]	360	-294
Win	[190]	360	-291
Win	[190]	360	-291
Win	[210]	360	-309
Win	[200]	360	-303
Win	[220]	360	-351
Win	[210]	360	-303
Win	[190]	360	-297
Win	[240]	360	-309
Win	[210]	360	-342
Loss	[180]	297	-360
Win	[210]	360	-309
Win	[200]	360	-291
Loss	[220]	324	-360
Win	[200]	360	-309
Win	[230]	360	-345
Win	[190]	360	-297
Win	[230]	360	-318
Win	[220]	360	-312
Win	[230]	360	-342
Win	[210]	360	-315
Win	[170]	360	-288
Loss	[220]	342	-360
Loss	[320]	345	-360
Loss	[210]	318	-360
Win	[240]	360	-321
Win	[180]	360	-288
Win	[230]	360	-330
Loss	[190]	312	-360
Loss	[200]	291	-360
Win	[200]	360	-303
Win	[220]	360	-303
Win	[260]	360	-345
Loss	[180]	309	-360
Win	[190]	360	-300
Win	[220]	360	-312
Loss	[220]	324	-360
Win	[210]	360	-315
Loss	[200]	294	-360
Win	[200]	360	-303
Win	[250]	360	-309
Win	[260]	360	-351
Win	[210]	360	-318
Win	[200]	360	-303
Loss	[190]	279	-360
Win	[230]	360	-309
Win	[200]	360	-303
Win	[230]	360	-318
Loss	[210]	336	-360
Win	[230]	360	-309
Win	[220]	360	-303
Loss	[200]	291	-360
Win	[230]	360	-330
Win	[210]	360	-303
Win	[230]	360	-330
Win	[200]	360	-303
Win	[200]	360	-309
Loss	[180]	267	-360
Win	[220]	360	-324
Win	[200]	360	-303
Win	[210]	360	-315
Win	[200]	360	-303
Loss	[220]	348	-360
Win	[220]	360	-348
Win	[220]	360	-303
Win	[190]	360	-303
Win	[170]	360	-291
Win	[220]	360	-327
Win	[210]	360	-309
Win	[190]	360	-297
Win	[230]	360	-357
Win	[190]	360	-303
Win	[210]	360	-327
Loss	[200]	297	-360
Win	[220]	360	-300
Win	[230]	360	-294
Win	[200]	360	-303
Win	[220]	360	-309
Win	[220]	360	-354
Loss	[220]	336	-360
Loss	[200]	321	-360
Loss	[190]	291	-360
Win	[220]	360	-330
Win	[210]	360	-315
Win	[210]	360	-309
Loss	[190]	315	-360
Win	[220]	360	-297
Win	[210]	360	-309
Loss	[220]	354	-360
Win	[200]	360	-306
Win	[200]	360	-303
Win	[200]	360	-303
Win	[210]	360	-318
Loss	[190]	297	-360
Win	[230]	360	-348
Win	[200]	360	-309
Loss	[210]	312	-360
Loss	[220]	339	-360
Win	[220]	360	-297
Loss	[220]	348	-360
Win	[200]	360	-312
Win	[210]	360	-309
Win	[230]	360	-342
Win	[180]	360	-297
Loss	[210]	321	-360
Win	[240]	360	-294
Loss	[170]	279	-360
Win	[180]	360	-288
Win	[200]	360	-309
Win	[210]	360	-306
Loss	[210]	309	-360
Loss	[200]	321	-360
Win	[210]	360	-303
Win	[210]	360	-309
Win	[190]	360	-297
Win	[200]	360	-309
Win	[220]	360	-318
Win	[200]	360	-345
Win	[220]	360	-324
Win	[230]	360	-315
Loss	[200]	309	-360
Win	[200]	360	-309
Win	[200]	360	-312
Win	[210]	360	-303
Win	[170]	360	-288
Win	[210]	360	-318
Loss	[210]	303	-360
Win	[200]	360	-297
Win	[170]	360	-288
Loss	[190]	333	-360
Win	[220]	360	-309
Loss	[190]	336	-360
Loss	[190]	273	-360
Win	[210]	360	-315
Win	[210]	360	-303
Loss	[210]	330	-360
Win	[200]	360	-312
Win	[210]	360	-303
Win	[210]	360	-309
Loss	[230]	357	-360
Win	[200]	360	-288
Loss	[170]	225	-360
Win	[190]	360	-291
Win	[210]	360	-309
Win	[180]	360	-288
Win	[210]	360	-306
Win	[210]	360	-303
Loss	[190]	318	-360
Win	[210]	360	-303
Loss	[230]	348	-360
Win	[200]	360	-297
Loss	[230]	291	-360
Loss	[210]	348	-360
Win	[220]	360	-291
Loss	[180]	321	-360
Win	[200]	360	-303
Loss	[210]	321	-360
Loss	[210]	348	-360
Win	[200]	360	-294
Win	[220]	360	-315
Win	[230]	360	-297
Win	[200]	360	-303
Loss	[180]	279	-360
Win	[200]	360	-306
Win	[190]	360	-294
Win	[240]	360	-342
Win	[190]	360	-318
Win	[180]	360	-285
Loss	[190]	294	-360
Win	[200]	360	-306
Win	[240]	360	-303
Win	[200]	360	-303
Loss	[210]	315	-360
Win	[200]	360	-303
Win	[190]	360	-288
Win	[200]	360	-306
Win	[210]	360	-324
Win	[210]	360	-306
Win	[200]	360	-303
Win	[190]	360	-303
Win	[170]	360	-294
Win	[230]	360	-324
Loss	[210]	351	-360
Loss	[170]	255	-360
Win	[200]	360	-324
Win	[210]	360	-303
Win	[220]	360	-312
Loss	[190]	267	-360
Win	[220]	360	-309
Win	[200]	360	-306
Win	[210]	360	-300
Win	[210]	360	-309
Win	[190]	360	-291
Win	[220]	360	-339
Win	[210]	360	-297
Loss	[210]	321	-360
Loss	[280]	339	-360
Loss	[270]	351	-360
Win	[190]	360	-297
Win	[270]	360	-351
Loss	[200]	297	-360
Win	[190]	360	-297
Win	[210]	360	-312
Loss	[190]	306	-360
Loss	[190]	246	-360
Win	[220]	360	-309
Win	[200]	360	-303
Win	[200]	360	-303
Win	[190]	360	-297
Win	[170]	360	-297
Loss	[210]	291	-360
Win	[200]	360	-297
Win	[210]	360	-318
Win	[170]	360	-294
Loss	[220]	318	-360
Win	[210]	360	-309
Loss	[210]	300	-360
Win	[200]	360	-306
Win	[200]	360	-309
Win	[210]	360	-312
Loss	[200]	321	-360
Win	[200]	360	-297
Loss	[210]	321	-360
Loss	[180]	324	-360
Win	[190]	360	-321
Win	[220]	360	-321
Loss	[200]	297	-360
Win	[200]	360	-303
Win	[210]	360	-318
Win	[230]	360	-351
Loss	[230]	339	-360
Win	[160]	360	-291
Win	[190]	360	-288
Win	[220]	360	-309
Win	[210]	360	-291
Win	[210]	360	-309
Win	[190]	360	-294
Loss	[220]	333	-360
Win	[200]	360	-294
Win	[210]	360	-315
Win	[200]	360	-312
Win	[200]	360	-291
Win	[210]	360	-294
Win	[200]	360	-318
Win	[230]	360	-336
Win	[230]	360	-312
Win	[220]	360	-336
Win	[170]	360	-288
Win	[210]	360	-303
Loss	[220]	336	-360
Loss	[210]	318	-360
Win	[240]	360	-315
Win	[200]	360	-318
Loss	[220]	324	-360
Win	[180]	360	-294
Win	[170]	360	-285
Win	[210]	360	-303
Win	[200]	360	-315
Loss	[220]	309	-360
Win	[190]	360	-288
Win	[200]	360	-309
Win	[180]	360	-294
Win	[180]	360	-288
Loss	[170]	240	-360
Win	[210]	360	-306
Win	[220]	360	-348
Win	[220]	360	-333
Win	[210]	360	-303
Win	[220]	360	-345
Win	[210]	360	-309
Loss	[200]	321	-360
Win	[200]	360	-303
Win	[220]	360	-321
Win	[220]	360	-357
Win	[200]	360	-321
Win	[210]	360	-297
Win	[220]	360	-324
Win	[190]	360	-327
Win	[260]	360	-348
Win	[220]	360	-315
Win	[200]	360	-297
Loss	[210]	309	-360
Win	[180]	360	-288
Win	[220]	360	-333
Win	[180]	360	-288
Win	[220]	360	-330
Win	[200]	360	-336
Loss	[260]	345	-360
Win	[210]	360	-318
Win	[210]	360	-303
Loss	[190]	327	-360
Win	[180]	360	-294
Loss	[220]	345	-360
Win	[210]	360	-312
Win	[230]	360	-309
Loss	[190]	312	-360
Win	[220]	360	-324
Win	[190]	360	-294
Win	[180]	360	-294
Loss	[240]	357	-360
Loss	[200]	282	-360
Loss	[210]	336	-360
Win	[210]	360	-330
Win	[220]	360	-300
Win	[220]	360	-318
Win	[190]	360	-312
Win	[210]	360	-318
Loss	[180]	321	-360
Win	[170]	360	-279
Loss	[200]	309	-360
Win	[200]	360	-312
Win	[210]	360	-312
Win	[220]	360	-312
Loss	[240]	327	-360
Win	[230]	360	-348
Win	[200]	360	-309
Win	[190]	360	-294
Win	[210]	360	-351
Win	[220]	360	-324
Win	[200]	360	-324
Win	[210]	360	-306
Win	[200]	360	-300
Win	[180]	360	-312
Loss	[190]	270	-360
Win	[210]	360	-303
Win	[200]	360	-303
Win	[190]	360	-297
Win	[200]	360	-297
Loss	[200]	321	-360
Loss	[200]	321	-360
Win	[210]	360	-309
Win	[210]	360	-309
Win	[210]	360	-309
Win	[170]	360	-288
Win	[220]	360	-351
Win	[210]	360	-303
Loss	[180]	264	-360
Win	[210]	360	-324
Win	[190]	360	-291
Win	[210]	360	-318
Win	[200]	360	-297
Win	[210]	360	-297
Win	[190]	360	-297
Win	[200]	360	-303
Win	[220]	360	-309
Win	[200]	360	-297
Win	[200]	360	-303
Win	[200]	360	-297
Win	[200]	360	-297
Win	[200]	360	-303
Win	[210]	360	-303
Win	[200]	360	-297
Loss	[210]	315	-360
Win	[190]	360	-318
Win	[200]	360	-297
Win	[210]	360	-291
Win	[210]	360	-345
Win	[230]	360	-348
Win	[270]	360	-339
Win	[220]	360	-327
Loss	[210]	321	-360
Loss	[180]	291	-360
Win	[210]	360	-309
Win	[220]	360	-309
Win	[250]	360	-357
Win	[180]	360	-288
Loss	[160]	189	-360
Win	[170]	360	-291
Win	[190]	360	-291
Win	[210]	360	-321
Win	[210]	360	-309
Loss	[200]	321	-360
Win	[200]	360	-297
Loss	[190]	291	-360
Win	[210]	360	-348
Win	[220]	360	-324
Win	[200]	360	-306
Win	[190]	360	-315
Win	[210]	360	-303
Win	[190]	360	-294
Win	[210]	360	-300
Win	[190]	360	-303
Win	[210]	360	-309
Win	[210]	360	-309
Loss	[210]	312	-360
Loss	[240]	336	-360
Win	[220]	360	-324
Win	[180]	360	-294
Win	[190]	360	-303
Win	[200]	360	-297
Win	[170]	360	-282
Loss	[200]	303	-360
Win	[220]	360	-315
Loss	[190]	300	-360
Loss	[230]	339	-360
Win	[210]	360	-309
Win	[200]	360	-297
Win	[200]	360	-291
Loss	[200]	315	-360
Win	[190]	360	-294
Loss	[220]	312	-360
Loss	[240]	345	-360
Win	[220]	360	-309
Win	[200]	360	-303
Win	[190]	360	-288
Win	[210]	360	-303
Loss	[220]	318	-360
Win	[210]	360	-315
Win	[190]	360	-291
Win	[200]	360	-309
Win	[230]	360	-309
Win	[220]	360	-309
Win	[220]	360	-303
Win	[200]	360	-315
Win	[200]	360	-297
Loss	[190]	330	-360
Win	[210]	360	-297
Loss	[190]	306	-360
Win	[200]	360	-303
Loss	[190]	336	-360
Win	[200]	360	-306
Loss	[180]	312	-360
Loss	[190]	327	-360
Win	[210]	360	-309
Win	[220]	360	-315
Loss	[230]	351	-360
Win	[210]	360	-333
Win	[200]	360	-303
Win	[200]	360	-330
Win	[210]	360	-303
Win	[190]	360	-297
Win	[210]	360	-309
Loss	[200]	288	-360
Win	[180]	360	-324
Win	[200]	360	-297
Win	[210]	360	-303
Loss	[210]	303	-360
Win	[220]	360	-324
Loss	[210]	315	-360
Win	[200]	360	-309
Win	[180]	360	-285
Loss	[220]	330	-360
Loss	[190]	309	-360
Win	[240]	360	-351
Loss	[180]	276	-360
Win	[200]	360	-321
Loss	[220]	324	-360
Win	[190]	360	-297
Loss	[210]	285	-360
Loss	[190]	309	-360
Win	[190]	360	-297
Loss	[190]	333	-360
Win	[200]	360	-300
Win	[240]	360	-324
Win	[240]	360	-342
Loss	[200]	303	-360
Win	[210]	360	-297
Win	[200]	360	-306
Win	[190]	360	-303
Win	[170]	360	-285
Win	[240]	360	-357
Win	[190]	360	-300
Loss	[190]	297	-360
Win	[200]	360	-309
Win	[190]	360	-303
Loss	[200]	321	-360
Loss	[200]	309	-360
Loss	[200]	303	-360
Win	[230]	360	-348
Win	[230]	360	-309
Win	[200]	360	-303
Win	[210]	360	-309
Win	[220]	360	-336
Win	[170]	360	-288
Loss	[190]	327	-360
Win	[230]	360	-339
Win	[170]	360	-279
Win	[220]	360	-315
Win	[210]	360	-309
Win	[240]	360	-333
Win	[190]	360	-309
Loss	[210]	309	-360
Loss	[180]	291	-360
Loss	[210]	339	-360
Loss	[220]	330	-360
Win	[190]	360	-288
Win	[210]	360	-303
Loss	[220]	303	-360
Win	[200]	360	-303
Win	[200]	360	-303
Win	[200]	360	-291
Win	[200]	360	-297
Win	[240]	360	-324
Win	[180]	360	-306
Loss	[190]	318	-360
Loss	[190]	327	-360
Loss	[200]	279	-360
Win	[190]	360	-294
Loss	[220]	306	-360
Win	[200]	360	-297
Win	[230]	360	-321
Loss	[190]	315	-360
Win	[200]	360	-303
Win	[200]	360	-303
Loss	[210]	342	-360
Win	[220]	360	-303
Win	[250]	360	-309
Win	[220]	360	-300
Win	[200]	360	-300
Win	[210]	360	-345
Win	[200]	360	-306
Win	[220]	360	-327
Win	[230]	360	-330
Loss	[190]	300	-360
Loss	[190]	324	-360
Win	[190]	360	-336
Loss	[200]	312	-360
Win	[220]	360	-330
Win	[200]	360	-306
Win	[170]	360	-288
Loss	[250]	357	-360
Win	[200]	360	-321
Loss	[190]	306	-360
Win	[210]	360	-348
Win	[200]	360	-288
Loss	[220]	336	-360
Win	[200]	360	-315
Win	[210]	360	-303
Win	[220]	360	-318
Win	[200]	360	-303
Win	[210]	360	-312
Win	[200]	360	-318
Win	[170]	360	-288
Win	[200]	360	-309
Loss	[160]	240	-360
Win	[210]	360	-309
Loss	[190]	327	-360
Loss	[220]	330	-360
Win	[200]	360	-336
Loss	[200]	336	-360
Loss	[200]	306	-360
Win	[190]	360	-294
Win	[210]	360	-303
Win	[200]	360	-303
Win	[200]	360	-291
Win	[230]	360	-333
Win	[190]	360	-288
Win	[180]	360	-282
Win	[230]	360	-348
Loss	[180]	282	-360
Win	[210]	360	-330
Win	[200]	360	-297
Win	[210]	360	-315
Win	[180]	360	-297
Win	[190]	360	-303
Win	[230]	360	-309
Win	[190]	360	-297
Loss	[210]	324	-360
Loss	[190]	276	-360
Win	[210]	360	-309
Win	[210]	360	-297
Win	[180]	360	-294
Win	[230]	360	-309
Win	[230]	360	-318
Win	[220]	360	-330
Win	[190]	360	-297
Loss	[210]	336	-360
Loss	[250]	354	-360
Loss	[210]	309	-360
Win	[220]	360	-297
Win	[200]	360	-297
Win	[190]	360	-297
Win	[220]	360	-309
Win	[240]	360	-345
Win	[200]	360	-309
Win	[190]	360	-288
Win	[200]	360	-303
Win	[260]	360	-309
Win	[200]	360	-303
Loss	[210]	339	-360
Win	[210]	360	-303
Loss	[190]	300	-360
Loss	[200]	321	-360
Loss	[180]	279	-360
Win	[210]	360	-309
Win	[200]	360	-303
Win	[190]	360	-294
Win	[230]	360	-318
Win	[210]	360	-303
Win	[200]	360	-306
Win	[170]	360	-288
Win	[210]	360	-303
Win	[210]	360	-297
Loss	[190]	300	-360
Loss	[190]	318	-360
Win	[220]	360	-303
Loss	[180]	306	-360
Win	[170]	360	-282
Win	[200]	360	-294
Win	[200]	360	-306
Win	[160]	360	-285
Win	[200]	360	-312
Win	[260]	360	-339
Loss	[180]	288	-360
Win	[180]	360	-294
Loss	[200]	315	-360
Loss	[240]	351	-360
Win	[210]	360	-285
Loss	[210]	351	-360
Win	[200]	360	-324
Win	[210]	360	-336
Win	[220]	360	-300
Win	[190]	360	-294
Win	[210]	360	-315
Win	[210]	360	-303
Loss	[240]	330	-360
Win	[190]	360	-291
Win	[250]	360	-357
Win	[190]	360	-288
Win	[190]	360	-303
Win	[200]	360	-303
Win	[220]	360	-330
Loss	[190]	318	-360
Win	[210]	360	-291
Win	[180]	360	-288
Win	[200]	360	-297
Loss	[180]	270	-360
Loss	[210]	294	-360
Win	[210]	360	-318
Win	[200]	360	-300
Win	[210]	360	-309
Loss	[190]	333	-360
Win	[190]	360	-291
Loss	[190]	306	-360
Win	[200]	360	-306
Loss	[190]	318	-360
Win	[220]	360	-315
Win	[180]	360	-291
Win	[190]	360	-288
Win	[190]	360	-291
Win	[190]	360	-291
Win	[200]	360	-297
Win	[210]	360	-315
Win	[210]	360	-303
Win	[210]	360	-309
Win	[210]	360	-303
Win	[160]	360	-285
Win	[220]	360	-297
Win	[220]	360	-297
Win	[190]	360	-282
Win	[200]	360	-321
Win	[200]	360	-306
Win	[240]	360	-324
Win	[200]	360	-309
Win	[220]	360	-309
Win	[220]	360	-318
Win	[200]	360	-303
Loss	[230]	339	-360
Win	[200]	360	-303
Loss	[250]	351	-360
Win	[220]	360	-342
Win	[220]	360	-336
Win	[210]	360	-312
Win	[210]	360	-303
Win	[200]	360	-291
Loss	[240]	318	-360
Win	[220]	360	-318
Win	[230]	360	-351
Win	[180]	360	-294
Win	[190]	360	-297
Win	[200]	360	-297
Win	[220]	360	-297
Loss	[210]	294	-360
Win	[190]	360	-294
Win	[200]	360	-315
Win	[200]	360	-291
Win	[250]	360	-342
Win	[210]	360	-309
Loss	[200]	297	-360
Loss	[210]	321	-360
Loss	[200]	336	-360
Win	[200]	360	-312
Win	[200]	360	-324
Win	[170]	360	-294
Win	[200]	360	-333
Win	[210]	360	-309
Win	[190]	360	-315
Loss	[190]	303	-360
Win	[210]	360	-312
Win	[180]	360	-303
Win	[220]	360	-318
Win	[220]	360	-324
Loss	[190]	318	-360
Win	[190]	360	-285
Loss	[190]	333	-360
Win	[200]	360	-303
Loss	[190]	294	-360
Win	[200]	360	-309
Win	[180]	360	-288
Win	[210]	360	-300
Win	[210]	360	-339
Win	[180]	360	-282
Win	[230]	360	-342
Win	[210]	360	-303
Win	[230]	360	-309
Win	[240]	360	-297
Loss	[270]	342	-360
Win	[200]	360	-291
Win	[200]	360	-309
Win	[210]	360	-309
Win	[210]	360	-330
Win	[190]	360	-297
Win	[240]	360	-336
Win	[190]	360	-285
Win	[200]	360	-303
Win	[220]	360	-315
Loss	[270]	351	-360
Win	[210]	360	-297
Win	[190]	360	-297
Win	[200]	360	-291
Win	[160]	360	-291
Win	[200]	360	-303
Win	[220]	360	-288
Win	[190]	360	-297
Loss	[230]	336	-360
Win	[190]	360	-300
Win	[200]	360	-309
Loss	[170]	285	-360
Win	[220]	360	-306
Win	[230]	360	-330
Win	[190]	360	-303
Win	[200]	360	-303
Win	[240]	360	-348
Win	[210]	360	-288
Win	[200]	360	-342
Win	[180]	360	-300
Loss	[190]	312	-360
Loss	[200]	282	-360
Win	[210]	360	-312
Win	[180]	360	-288
Win	[200]	360	-303
Win	[220]	360	-318
Win	[200]	360	-303
Loss	[260]	345	-360
Win	[230]	360	-309
Win	[170]	360	-291
Win	[200]	360	-300
Win	[240]	360	-342
Win	[200]	360	-303
Win	[220]	360	-324
Win	[200]	360	-303
Win	[210]	360	-309
Win	[180]	360	-288
Win	[190]	360	-285
Win	[210]	360	-312
Win	[200]	360	-297
Win	[180]	360	-300
Loss	[230]	348	-360
Win	[220]	360	-318
Win	[210]	360	-324
Win	[220]	360	-303
Win	[200]	360	-309
Loss	[190]	318	-360
Loss	[230]	357	-360
Win	[170]	360	-288
Win	[210]	360	-303
Win	[220]	360	-318
Win	[200]	360	-297
Win	[210]	360	-321
Win	[190]	360	-300
Loss	[190]	333	-360
Win	[210]	360	-309
Win	[190]	360	-291
Win	[230]	360	-303
Win	[220]	360	-309
Loss	[200]	300	-360
Win	[240]	360	-339
Win	[200]	360	-309
Loss	[200]	333	-360
Win	[200]	360	-306
Win	[220]	360	-321
Win	[180]	360	-309
Win	[200]	360	-306
Win	[200]	360	-303
Win	[180]	360	-291
Win	[210]	360	-297
Win	[210]	360	-303
Win	[210]	360	-309
Win	[250]	360	-339
Win	[200]	360	-312
Win	[250]	360	-357
Loss	[190]	294	-360
Win	[190]	360	-303
Win	[200]	360	-312
Loss	[210]	321	-360
Win	[190]	360	-288
Loss	[190]	309	-360
Loss	[270]	351	-360
Win	[230]	360	-324
Win	[250]	360	-345
Win	[190]	360	-297
Win	[200]	360	-300
Win	[210]	360	-306
Win	[190]	360	-297
Win	[220]	360	-303
Win	[210]	360	-303
Win	[250]	360	-324
Loss	[230]	321	-360
Win	[200]	360	-297
Win	[220]	360	-330
Win	[220]	360	-297
Win	[250]	360	-333
Loss	[220]	312	-360
Loss	[240]	324	-360
Win	[180]	360	-285
Win	[210]	360	-318
Win	[220]	360	-339
Loss	[190]	291	-360
Win	[200]	360	-297
Win	[190]	360	-297
Win	[210]	360	-327
Win	[190]	360	-297
Win	[200]	360	-294
Win	[210]	360	-330
Win	[210]	360	-312
Loss	[190]	300	-360
Win	[210]	360	-297
Win	[210]	360	-309
Win	[230]	360	-315
Win	[230]	360	-318
Win	[190]	360	-294
Win	[230]	360	-336
Win	[210]	360	-318
Win	[180]	360	-294
Win	[190]	360	-300
Loss	[190]	294	-360
Win	[190]	360	-297
Win	[210]	360	-309
Win	[200]	360	-297
Win	[270]	360	-351
Win	[200]	360	-330
Win	[210]	360	-342
Win	[210]	360	-312
Win	[180]	360	-294
Win	[220]	360	-300
Win	[220]	360	-303
Win	[200]	360	-312
Win	[230]	360	-312
Win	[220]	360	-342
Loss	[250]	357	-360
Win	[200]	360	-303
Win	[270]	360	-315
Win	[210]	360	-330
Loss	[200]	288	-360
Win	[200]	360	-303
Win	[200]	360	-312
Win	[220]	360	-309
Win	[180]	360	-294
Win	[240]	360	-327
Win	[210]	360	-309
Win	[190]	360	-303
Win	[200]	360	-303
Loss	[210]	315	-360
Win	[200]	360	-318
Win	[200]	360	-303
Win	[230]	360	-330
Loss	[240]	327	-360
Win	[210]	360	-330
Loss	[230]	312	-360
Win	[220]	360	-318
Win	[210]	360	-303
Loss	[230]	318	-360
Win	[240]	360	-333
Win	[220]	360	-309
Win	[190]	360	-297
Win	[220]	360	-309
Win	[230]	360	-315
Win	[220]	360	-309
Loss	[190]	312	-360
Loss	[220]	351	-360
Win	[180]	360	-288
Win	[200]	360	-300
Win	[180]	360	-288
Win	[210]	360	-315
Loss	[190]	303	-360
Win	[190]	360	-309
Win	[180]	360	-312
Win	[190]	360	-300
Win	[170]	360	-288
Win	[240]	360	-327
Win	[210]	360	-294
Win	[170]	360	-288
Loss	[190]	294	-360
Win	[210]	360	-291
Win	[220]	360	-321
Loss	[210]	330	-360
Win	[200]	360	-297
Win	[230]	360	-315
Win	[200]	360	-303
Win	[220]	360	-336
Win	[220]	360	-324
Loss	[240]	327	-360
Loss	[190]	318	-360
Win	[210]	360	-309
Win	[190]	360	-309
Win	[200]	360	-291
Win	[190]	360	-297
Win	[230]	360	-327
Win	[190]	360	-288
Win	[190]	360	-294
Win	[190]	360	-297
Win	[220]	360	-306
Win	[180]	360	-294
Loss	[190]	279	-360
Win	[210]	360	-315
Win	[200]	360	-306
Win	[230]	360	-339
Win	[220]	360	-315
Win	[170]	360	-294
Win	[210]	360	-309
Win	[220]	360	-303
Win	[210]	360	-315
Win	[210]	360	-318
Win	[190]	360	-291
Win	[210]	360	-309
Win	[170]	360	-285
Win	[230]	360	-321
Win	[170]	360	-294
Win	[200]	360	-294
Loss	[220]	336	-360
Loss	[190]	288	-360
Win	[220]	360	-324
Win	[190]	360	-321
Win	[180]	360	-324
Win	[220]	360	-324
Win	[210]	360	-312
Win	[220]	360	-336
Win	[160]	360	-294
Loss	[210]	336	-360
Win	[280]	360	-297
Loss	[180]	318	-360
Win	[220]	360	-321
Win	[250]	360	-327
Loss	[190]	312	-360
Win	[190]	360	-318
Win	[200]	360	-312
Win	[190]	360	-324
Win	[180]	360	-288
Win	[200]	360	-309
Win	[170]	360	-297
Loss	[200]	336	-360
Win	[210]	360	-297
Win	[200]	360	-306
Loss	[160]	231	-360
Win	[190]	360	-297
Win	[180]	360	-297
Win	[160]	360	-285
Win	[210]	360	-318
Win	[180]	360	-300
Loss	[190]	291	-360
Win	[200]	360	-312
Win	[200]	360	-303
Win	[210]	360	-306
Win	[200]	360	-288
Loss	[190]	318	-360
Win	[180]	360	-288
Win	[230]	360	-330
Win	[200]	360	-306
Win	[200]	360	-315
Win	[230]	360	-315
Win	[210]	360	-342
Win	[210]	360	-312
Win	[210]	360	-315
Win	[190]	360	-297
Win	[220]	360	-303
Win	[220]	360	-309
Win	[250]	360	-357
Win	[190]	360	-297
Win	[200]	360	-312
Win	[240]	360	-327
Win	[200]	360	-297
Win	[180]	360	-288
Loss	[270]	351	-360
Win	[220]	360	-309
Win	[200]	360	-309
Win	[210]	360	-312
Win	[170]	360	-288
Win	[210]	360	-315
Win	[200]	360	-309
Win	[230]	360	-312
Win	[200]	360	-306
Win	[200]	360	-303
Win	[220]	360	-297
Loss	[190]	270	-360
Win	[220]	360	-297
Win	[180]	360	-294
Win	[190]	360	-303
Win	[180]	360	-294
Win	[200]	360	-297
Loss	[230]	324	-360
Loss	[200]	315	-360
Win	[200]	360	-303
Win	[180]	360	-294
Win	[220]	360	-333
Win	[210]	360	-303
Win	[220]	360	-309
Win	[190]	360	-303
Win	[200]	360	-297
Win	[200]	360	-303
Win	[250]	360	-309
Win	[200]	360	-303
Win	[220]	360	-312
Win	[170]	360	-297
Loss	[190]	270	-360
Loss	[260]	351	-360
Win	[200]	360	-297
Win	[220]	360	-309
Win	[190]	360	-300
Win	[210]	360	-309
Win	[200]	360	-300
Win	[210]	360	-324
Loss	[220]	336	-360
Win	[210]	360	-330
Win	[220]	360	-300
Win	[200]	360	-309
Win	[230]	360	-330
Win	[190]	360	-318
Win	[200]	360	-303
Win	[220]	360	-339
Win	[210]	360	-312
Loss	[210]	324	-360
Win	[250]	360	-309
Win	[200]	360	-309
Loss	[200]	294	-360
Win	[220]	360	-312
Loss	[190]	315	-360
Win	[260]	360	-357
Win	[220]	360	-321
Win	[210]	360	-294
Win	[230]	360	-357
Win	[190]	360	-291
Win	[220]	360	-330
Win	[220]	360	-315
Win	[180]	360	-297
Win	[180]	360	-288
Win	[200]	360	-336
Win	[210]	360	-303
Win	[200]	360	-324
Win	[200]	360	-309
Loss	[240]	351	-360
Loss	[220]	333	-360
Win	[220]	360	-330
Win	[210]	360	-336
Win	[200]	360	-294
Loss	[250]	357	-360
Loss	[170]	264	-360
Win	[210]	360	-342
Win	[220]	360	-354
Loss	[210]	327	-360
Win	[210]	360	-300
Loss	[200]	327	-360
Win	[230]	360	-315
Win	[200]	360	-309
Win	[190]	360	-318
Win	[200]	360	-294
Win	[210]	360	-321
Loss	[250]	357	-360
Win	[210]	360	-303
Loss	[180]	282	-360
Win	[220]	360	-303
Win	[210]	360	-309
Win	[210]	360	-312
Win	[190]	360	-297
Win	[190]	360	-294
Win	[200]	360	-303
Loss	[190]	300	-360
Win	[220]	360	-309
Win	[210]	360	-324
Win	[190]	360	-288
Loss	[180]	318	-360
Win	[230]	360	-357
Win	[210]	360	-318
Win	[190]	360	-303
Win	[190]	360	-297
Loss	[250]	324	-360
Loss	[180]	324	-360
Loss	[180]	333	-360
Win	[200]	360	-297
Loss	[210]	315	-360
Loss	[190]	318	-360
Win	[190]	360	-300
Win	[210]	360	-309
Win	[190]	360	-303
Win	[200]	360	-291
Win	[200]	360	-312
Win	[220]	360	-309
Win	[190]	360	-297
Win	[200]	360	-303
Loss	[170]	252	-360
Win	[150]	360	-291
Loss	[210]	333	-360
Win	[210]	360	-303
Win	[180]	360	-288
Win	[190]	360	-294
Win	[250]	360	-297
Win	[210]	360	-297
Win	[210]	360	-312
Win	[200]	360	-324
Win	[180]	360	-282
Win	[220]	360	-309
Win	[170]	360	-288
Win	[210]	360	-306
Win	[210]	360	-306
Win	[230]	360	-309
Win	[220]	360	-309
Win	[230]	360	-309
Win	[200]	360	-330
Loss	[170]	273	-360
Win	[200]	360	-297
Win	[220]	360	-318
Win	[210]	360	-306
Win	[210]	360	-303
Win	[250]	360	-327
Win	[220]	360	-309
Win	[230]	360	-333
Loss	[220]	354	-360
Win	[200]	360	-303
Win	[250]	360	-354
Win	[230]	360	-309
Win	[180]	360	-288
Win	[220]	360	-303
Win	[180]	360	-294
Win	[210]	360	-324
Loss	[170]	279	-360
Win	[170]	360	-282
Win	[190]	360	-297
Win	[220]	360	-312
Loss	[210]	348	-360
Win	[210]	360	-300
Win	[210]	360	-300
Win	[220]	360	-321
Win	[200]	360	-312
Win	[250]	360	-321
Win	[240]	360	-339
Loss	[250]	357	-360
Win	[230]	360	-357
Win	[220]	360	-306
Win	[200]	360	-288
Win	[210]	360	-297
Win	[220]	360	-309
Win	[220]	360	-312
Loss	[210]	306	-360
Win	[220]	360	-297
Loss	[190]	300	-360
Win	[170]	360	-294
Loss	[190]	315	-360
Win	[240]	360	-339
Win	[210]	360	-348
Win	[190]	360	-291
Win	[210]	360	-303
Win	[200]	360	-303
Win	[210]	360	-312
Win	[200]	360	-309
Win	[200]	360	-297
Loss	[190]	294	-360
Win	[210]	360	-312
Loss	[210]	333	-360
Loss	[210]	333	-360
Win	[220]	360	-327
Win	[200]	360	-309
Win	[220]	360	-315
Win	[230]	360	-342
Win	[210]	360	-303
Win	[220]	360	-297
Win	[200]	360	-309
Win	[220]	360	-303
Win	[210]	360	-306
Win	[200]	360	-303
Win	[190]	360	-288
Win	[180]	360	-300
Win	[210]	360	-306
Loss	[220]	348	-360
Loss	[190]	327	-360
Win	[270]	360	-351
Win	[190]	360	-294
Loss	[180]	300	-360
Win	[210]	360	-309
Win	[210]	360	-303
Win	[220]	360	-303
Win	[220]	360	-315
Win	[190]	360	-297
Win	[210]	360	-303
Win	[200]	360	-309
Loss	[190]	282	-360
Win	[230]	360	-330
Win	[220]	360	-330
Win	[210]	360	-303
Win	[270]	360	-357
Win	[220]	360	-348
Win	[190]	360	-315
Win	[210]	360	-345
Win	[200]	360	-309
Win	[230]	360	-324
Win	[160]	360	-297
Loss	[200]	315	-360
Win	[180]	360	-294
Loss	[190]	288	-360
Win	[220]	360	-324
Loss	[190]	297	-360
Win	[220]	360	-321
Win	[200]	360	-309
Win	[200]	360	-303
Win	[230]	360	-309
Loss	[180]	285	-360
Win	[200]	360	-306
Win	[200]	360	-309
Win	[210]	360	-309
Win	[210]	360	-300
Win	[220]	360	-330
Win	[190]	360	-294
Win	[170]	360	-282
Win	[200]	360	-309
Win	[200]	360	-297
Win	[210]	360	-297
Win	[210]	360	-309
Win	[180]	360	-291
Win	[230]	360	-315
Win	[210]	360	-303
Win	[210]	360	-303
Win	[200]	360	-330
Win	[200]	360	-315
Win	[190]	360	-294
Win	[180]	360	-279
Win	[210]	360	-321
Win	[210]	360	-303
Win	[170]	360	-288
Win	[200]	360	-303
Win	[220]	360	-303
Win	[210]	360	-339
Win	[260]	360	-351
Win	[220]	360	-342
Win	[190]	360	-303
Win	[220]	360	-324
Win	[200]	360	-309
Win	[210]	360	-318
Win	[190]	360	-297
Win	[280]	360	-357
Win	[210]	360	-297
Win	[230]	360	-348
Win	[220]	360	-315
Loss	[190]	306	-360
Win	[190]	360	-303
Win	[210]	360	-306
Win	[230]	360	-357
Loss	[220]	333	-360
Loss	[180]	309	-360
Win	[200]	360	-303
Loss	[190]	309	-360
Win	[210]	360	-309
Win	[220]	360	-348
Win	[180]	360	-294
Win	[240]	360	-303
Win	[210]	360	-303
Win	[220]	360	-321
Win	[190]	360	-303
Win	[200]	360	-309
Win	[200]	360	-300
Win	[210]	360	-303
Loss	[260]	351	-360
Win	[200]	360	-303
Win	[220]	360	-309
Win	[210]	360	-303
Win	[210]	360	-345
Win	[190]	360	-327
Win	[220]	360	-303
Win	[190]	360	-303
Win	[190]	360	-297
Loss	[170]	267	-360
Loss	[190]	312	-360
Win	[210]	360	-309
Win	[200]	360	-309
Loss	[250]	336	-360
Loss	[180]	279	-360
Loss	[190]	294	-360
Win	[220]	360	-303
Win	[220]	360	-351
Loss	[200]	330	-360
Win	[230]	360	-303
Win	[210]	360	-300
Win	[210]	360	-303
Win	[200]	360	-297
Win	[200]	360	-297
Win	[240]	360	-324
Win	[260]	360	-357
Win	[210]	360	-303
Win	[200]	360	-309
Win	[230]	360	-351
Win	[210]	360	-315
Loss	[200]	333	-360
Win	[210]	360	-336
Win	[240]	360	-312
Win	[210]	360	-348
Loss	[190]	294	-360
Loss	[190]	306	-360
Loss	[220]	327	-360
Win	[210]	360	-339
Win	[220]	360	-342
Loss	[220]	318	-360
Win	[210]	360	-297
Win	[210]	360	-297
Loss	[190]	303	-360
Win	[250]	360	-351
Win	[210]	360	-315
Win	[210]	360	-312
Win	[190]	360	-303
Loss	[210]	327	-360
Win	[210]	360	-297
Loss	[190]	294	-360
Win	[180]	360	-288
Win	[200]	360	-309
Win	[190]	360	-309
Loss	[230]	330	-360
Win	[190]	360	-297
Win	[240]	360	-324
Win	[210]	360	-315
Win	[230]	360	-312
Win	[210]	360	-309
Win	[180]	360	-294
Win	[200]	360	-324
Loss	[210]	330	-360
Loss	[190]	306	-360
Win	[200]	360	-330
Win	[210]	360	-318
Win	[200]	360	-303
Loss	[200]	327	-360
Win	[210]	360	-318
Win	[200]	360	-312
Win	[190]	360	-294
Win	[220]	360	-312
Win	[190]	360	-294
Win	[190]	360	-312
Loss	[220]	345	-360
Loss	[190]	300	-360
Win	[240]	360	-351
Win	[200]	360	-312
Win	[220]	360	-312
Win	[220]	360	-297
Win	[210]	360	-303
Win	[210]	360	-318
Loss	[230]	336	-360
Loss	[200]	309	-360
Loss	[240]	357	-360
Win	[200]	360	-309
Win	[210]	360	-309
Win	[200]	360	-309
Win	[200]	360	-327
Win	[210]	360	-300
Win	[190]	360	-288
Loss	[200]	309	-360
Win	[200]	360	-297
Win	[210]	360	-297
Win	[180]	360	-300
