(1, 1)	0	0.0
(1, 2)	1	-23.437499999978172
(1, 3)	2	5.948301181208553e-118
(2, 1)	3	2.986816400705723
(2, 2)	4	3.000023603085652
(2, 3)	5	4.4765625
(2, 4)	6	-16.5
(2, 5)	7	-21
(2, 6)	8	4.5
(3, 1)	9	-12
(4, 1)	10	12.749276332586305
(5, 1)	11	25.972854853140987
(6, 1)	12	6.204709775552274
(7, 1)	13	-3.3386631309986115
(1, 10)	14	2.06744384765625
(1, 11)	15	-18.0205078125
(2, 9)	16	-3.422804832458496
(2, 10)	17	0.41015625
(3, 2)	18	1.4061581790447235
(3, 3)	19	19.507505784917157
(4, 2)	20	20.151515007019043
(11, 1)	21	26.999448538524923
(12, 1)	22	21.583218432226047
(1, 12)	23	0.10034752529549015
(1, 18)	24	3.3633999089689337
(1, 19)	25	-20.625
(1, 20)	26	-24
(1, 21)	27	-24.0
(1, 22)	28	-30
(2, 7)	29	-6.830474853515625
(8, 2)	30	-24
(4, 4)	31	-8.53125
(11, 2)	32	-3.890625
(1, 27)	33	-7.21875
(1, 28)	34	-9.0
(16, 1)	35	-10.5
(16, 2)	36	-39
(16, 3)	37	-39
(16, 4)	38	-27
(16, 5)	39	-51
(9, 2)	40	-41.35693359375
(10, 2)	41	-35.0635986328125
(1, 13)	42	1.7095017734920095
(1, 31)	43	-9.0
(1, 32)	44	-6.0
(2, 17)	45	-11.218368932872181
(2, 18)	46	-12.28125
(2, 19)	47	0.0
(3, 7)	48	-0.75
(3, 8)	49	-18
(5, 3)	50	8.357623562062546
(1, 4)	51	3.8206804793016413
(1, 5)	52	-16.12738037109375
(1, 34)	53	-48.0
(1, 35)	54	-48
(2, 23)	55	-39
(2, 24)	56	-27
(2, 25)	57	-45
(18, 1)	58	-27
(9, 3)	59	-22.5
(1, 36)	60	-3.375
(1, 29)	61	-12.0
(1, 37)	62	-3.0
(1, 7)	63	-3.0263671875
(1, 38)	64	-18.0
(2, 29)	65	-21
(3, 11)	66	5.71875
(4, 3)	67	14.818382783347516
(1, 40)	68	-0.017578125
(1, 41)	69	-6.0
(1, 42)	70	-30
(1, 43)	71	-18.0
(8, 3)	72	-12
(8, 4)	73	-30.0
(18, 2)	74	-30.0
(18, 3)	75	-39
(9, 4)	76	-39.9375
(5, 4)	77	-49.03125
(15, 1)	78	-60
(1, 49)	79	-15.75
(2, 32)	80	1.8428206592458112
(2, 33)	81	-15.46875
(2, 20)	82	6.9547119140625
(2, 34)	83	6.0703125
(2, 35)	84	-8.625
(3, 15)	85	14.082654185593128
(4, 7)	86	20.35546875
(13, 1)	87	33.268548890767335
(1, 54)	88	-0.0010986335109919414
(2, 37)	89	20.95312488824095
(2, 38)	90	-13.5
(2, 39)	91	-3.0
(2, 40)	92	-3
(2, 41)	93	-21
(2, 42)	94	-27
(2, 43)	95	-6.0
(14, 4)	96	-9
(4, 9)	97	-15.375
(5, 5)	98	-6.275390625
(5, 6)	99	-5.527586573618992
(15, 2)	100	-7.903206268065708
(1, 60)	101	-9.558551466794714e-58
(1, 61)	102	0
(1, 62)	103	0
(1, 63)	104	12
(2, 45)	105	-3.0
(8, 5)	106	24.890625
(8, 6)	107	23.71875
(14, 5)	108	28.125
(14, 2)	109	27.84375
(1, 67)	110	18.421875
(1, 68)	111	-3.0
(1, 69)	112	6
(16, 7)	113	-3
(16, 8)	114	-3
(8, 7)	115	3.84375
(8, 8)	116	-6
(5, 7)	117	7.991165267868734
(2, 30)	118	-3.0866990797913316
(2, 27)	119	-15.1845703125
(2, 22)	120	-15
(2, 46)	121	-9
(3, 9)	122	-1.21875
(1, 75)	123	9.000091542256996
(1, 76)	124	-9.0
(8, 13)	125	3.0
(8, 14)	126	-12.0
(14, 7)	127	2.25
(14, 8)	128	15.9375
(4, 10)	129	13.997314453125
(1, 78)	130	0.0
(1, 79)	131	12
(1, 57)	132	-9.65625
(1, 80)	133	-12
(1, 73)	134	-4.5
(1, 81)	135	-3.0
(1, 82)	136	3.0
(17, 3)	137	7.7057647705078125
(1, 83)	138	-18.75
(2, 51)	139	-12.0
(2, 52)	140	-1.5
(2, 53)	141	-9
(4, 11)	142	17.60416030883789
(11, 7)	143	11.641724150168418
(11, 6)	144	17.250494173351843
(1, 14)	145	-0.01171875
(1, 16)	146	13.6212158203125
(1, 84)	147	6.0
(1, 58)	148	-12.75
(1, 47)	149	-0.75
(3, 19)	150	2.25
(1, 86)	151	-30
(2, 56)	152	-18.0
(2, 21)	153	-9.0
(2, 57)	154	-21
(2, 54)	155	1.547246053181388
(2, 48)	156	-9.0
(2, 50)	157	1.5
(1, 92)	158	-0.0003662109375
(1, 93)	159	-0.00146484375
(1, 64)	160	-0.10693649947643813
(1, 6)	161	-2.2500000949949026
(1, 94)	162	2.25
(1, 95)	163	-21.0
(2, 62)	164	-9.0
(3, 20)	165	0.0
(3, 21)	166	3.46875
(17, 5)	167	21.0
(1, 97)	168	13.3125
(1, 98)	169	12
(1, 99)	170	0.75
(2, 65)	171	-7.5
(3, 22)	172	-9.0
(19, 2)	173	22.8369140625
(17, 6)	174	29.6953125
(20, 2)	175	43.36111449042791
(1, 101)	176	-6.0
(1, 91)	177	-18.0
(2, 67)	178	-9
(2, 68)	179	-9
(8, 16)	180	-5.25
(8, 17)	181	17.2734375
(8, 18)	182	-6
(1, 70)	183	17.244369529189044
(1, 103)	184	-2.9998111665263325
(1, 71)	185	-25.5
(2, 71)	186	3.0001831055628827
(2, 72)	187	10.5791015625
(8, 21)	188	7.875
(8, 22)	189	11.3818359375
(14, 14)	190	2.25
(1, 104)	191	-24
(1, 105)	192	-24
(16, 10)	193	-27
(16, 11)	194	-33
(21, 2)	195	-45.0
(22, 2)	196	-51
(23, 2)	197	-72
(1, 106)	198	-6
(1, 107)	199	0
(2, 76)	200	8.4375
(2, 77)	201	13.5
(2, 78)	202	12.0
(14, 16)	203	3.75
(17, 8)	204	15.0
(11, 8)	205	29.909912109375
(11, 9)	206	39.747587839288954
(6, 5)	207	38.4351682714112
(6, 2)	208	27.08388697093842
(12, 2)	209	34.76340545407792
(1, 108)	210	18
(1, 109)	211	6
(2, 81)	212	3
(2, 82)	213	21
(8, 23)	214	18
(8, 24)	215	12
(8, 25)	216	18.0
(14, 17)	217	9
(4, 16)	218	3.1218629479408264
(1, 114)	219	18.0
(1, 115)	220	6
(1, 116)	221	0
(1, 117)	222	12
(16, 14)	223	15
(16, 15)	224	-3
(8, 26)	225	13.125
(18, 4)	226	6.0
(9, 5)	227	3.8605384826660156
(10, 1)	228	-13.085517448664177
(2, 84)	229	8.203125
(4, 18)	230	27.1259765625
(3, 18)	231	20.98828125
(19, 5)	232	21.5859375
(17, 4)	233	21.789449214935303
(17, 10)	234	59.99997752535364
(20, 1)	235	36.02775620741155
(2, 88)	236	4.11474609375
(2, 83)	237	0.5414421551204214
(2, 47)	238	16.6171875
(13, 2)	239	43.03115934716279
(11, 10)	240	38.171328811775204
(2, 85)	241	-0.029296875
(3, 31)	242	0.10535216331481934
(11, 4)	243	36.75356259383261
(1, 118)	244	14.34375
(1, 119)	245	-6
(2, 36)	246	3.1404341496527195
(3, 32)	247	10.95703125
(3, 16)	248	9.0
(17, 11)	249	16.56850692629814
(11, 3)	250	22.41494420170784
(2, 90)	251	-4.11767578125
(2, 91)	252	-12.0
(2, 64)	253	4.6875
(1, 123)	254	8.625
(1, 56)	255	0.810970847498671
(1, 120)	256	-12.0
(1, 125)	257	10.5
(2, 63)	258	3.0
(17, 12)	259	30.122191796939617
(2, 98)	260	4.875
(2, 99)	261	-3.5625
(2, 100)	262	4.69921875
(2, 101)	263	23.994140625
(3, 36)	264	0
(17, 13)	265	20.625
(17, 2)	266	33.179800333455205
(1, 126)	267	3.232123469846556
(1, 127)	268	12.685546875
(1, 46)	269	0.0
(1, 128)	270	6.093910217285156
(2, 44)	271	4.03125
(1, 124)	272	-1.6863727569580078
(1, 130)	273	0.0
(2, 31)	274	-8.484375
(3, 29)	275	46.682373046875
(1, 132)	276	-18
(3, 38)	277	19.5
(14, 20)	278	12.0
(1, 133)	279	12.5625
(1, 129)	280	-1.1484375
(1, 134)	281	-15.75
(2, 89)	282	-1.125
(3, 17)	283	-3.75
(2, 14)	284	1.50146484375
(3, 34)	285	17.4375
(3, 13)	286	27.0849609375
(19, 6)	287	28.247087717056274
(24, 2)	288	64.2890625
(2, 96)	289	12.0
(3, 42)	290	16.212408266844022
(3, 35)	291	30.84375
(17, 15)	292	21.1875
(13, 3)	293	57.83865928490394
(19, 1)	294	22.5208740234375
(19, 7)	295	24.0
(2, 104)	296	-10.5
(2, 111)	297	-3
(1, 131)	298	0
(3, 45)	299	-21.0
(14, 3)	300	-3.0
(1, 55)	301	4.1249999971845455
(2, 103)	302	-3.0
(3, 39)	303	16.875
(3, 43)	304	16.40625
(19, 8)	305	33
(20, 5)	306	61.76922422647476
(1, 136)	307	-6.65625
(2, 95)	308	6.1875
(2, 106)	309	5.71875
(3, 44)	310	8.986953735351562
(3, 49)	311	19.875
(19, 9)	312	37.03125
(17, 14)	313	35.49444580078125
(1, 137)	314	0
(3, 50)	315	10.5
(19, 10)	316	32.4375
(17, 16)	317	25.5
(20, 3)	318	53.71819843375114
(3, 37)	319	6.0
(3, 51)	320	33.747802734375
(17, 17)	321	32.80899490809481
(13, 4)	322	60.0
(2, 115)	323	5.644111633300781
(3, 52)	324	24.280780791538838
(3, 53)	325	18.1153564453125
(3, 54)	326	45.0
(3, 55)	327	52.5
(24, 3)	328	77.822021484375
(1, 140)	329	7.125
(2, 94)	330	13.5
(3, 33)	331	9.508282887703157
(3, 57)	332	19.3125
(19, 11)	333	10.5
(17, 18)	334	10.5
(2, 92)	335	17.156982421875
(17, 19)	336	63.067649010068266
(1, 72)	337	0.000732421875
(1, 135)	338	12
(1, 141)	339	9.134765625
(2, 120)	340	12.0
(2, 110)	341	6.0
(3, 4)	342	13.21875
(3, 46)	343	14.25
(20, 6)	344	47.92833373447176
(3, 48)	345	12.735748120816424
(3, 59)	346	6.0
(11, 11)	347	43.145612395074956
(1, 142)	348	-18
(3, 61)	349	-18.0
(14, 21)	350	6.0
(4, 8)	351	0.7495880126953125
(4, 21)	352	-0.375
(1, 143)	353	0.328125
(2, 122)	354	9.0
(3, 63)	355	12.5625
(3, 64)	356	1.5
(14, 22)	357	10.5
(4, 12)	358	14.25
(1, 145)	359	-9.0
(1, 146)	360	0.0
(1, 147)	361	-6
(2, 114)	362	9.5625
(4, 15)	363	9.000203132629395
(4, 20)	364	24.829376220703125
(1, 148)	365	-3.0
(1, 149)	366	-6
(1, 150)	367	-18
(1, 151)	368	-6
(16, 16)	369	-9.0
(8, 27)	370	-9.0
(8, 28)	371	-21.0
(14, 9)	372	-21
(5, 9)	373	-35.0390625
(5, 10)	374	-27
(15, 3)	375	-45.0
(1, 153)	376	-3.0
(1, 152)	377	0.0
(1, 154)	378	-12
(16, 17)	379	-9
(8, 29)	380	-6
(8, 30)	381	-15.0
(18, 5)	382	-9
(9, 6)	383	-24
(5, 11)	384	-36.0
(1, 156)	385	-18.0
(2, 128)	386	-5.25
(2, 129)	387	0.0
(8, 33)	388	-7.5
(14, 25)	389	-4.5
(14, 26)	390	9.0
(5, 12)	391	12.0
(6, 4)	392	17.137374127587588
(1, 159)	393	-36
(2, 130)	394	-27
(8, 36)	395	-42
(8, 37)	396	-30
(4, 22)	397	-33.0
(15, 4)	398	-54.75
(1, 74)	399	6
(1, 162)	400	-12
(3, 67)	401	-6.2578125
(3, 68)	402	-9.0
(19, 12)	403	6.0
(2, 79)	404	3.0523351002855375
(2, 134)	405	9.087873266341276
(2, 135)	406	16.483154296875
(3, 70)	407	24.00000000000007
(14, 15)	408	5.2265625
(14, 28)	409	33.84375
(17, 20)	410	40.017643400464294
(17, 21)	411	48.431396484375
(17, 22)	412	50.20029164235465
(2, 136)	413	5.406097412109375
(2, 113)	414	15
(19, 13)	415	21.308363914489746
(24, 1)	416	49.125
(1, 167)	417	-12
(3, 10)	418	12.9140625
(17, 23)	419	32.4375
(3, 12)	420	-1.3125
(19, 14)	421	22.3125
(17, 25)	422	22.5
(2, 108)	423	-4.693359375
(2, 139)	424	-12.0
(19, 15)	425	-3
(1, 169)	426	6.140636781725382
(1, 170)	427	2.765625
(1, 171)	428	10.212890625
(1, 144)	429	-9.0
(1, 164)	430	0
(3, 75)	431	12.28125
(3, 76)	432	12.09375
(3, 77)	433	22.248046875
(19, 16)	434	56.98493210132336
(19, 17)	435	48.6724037277633
(24, 4)	436	83.99093914031982
(2, 144)	437	6.0
(3, 41)	438	23.5147705078125
(2, 146)	439	25.572577411722328
(3, 80)	440	22.63983295437307
(3, 81)	441	15.17578125
(3, 82)	442	39.48581342707621
(3, 83)	443	39.5101318359375
(17, 28)	444	62.4375
(20, 8)	445	55.69934452883899
(2, 148)	446	1.77392578125
(2, 149)	447	17.960678100585938
(3, 86)	448	6.75
(3, 87)	449	41.863728761672974
(3, 88)	450	38.578125
(11, 13)	451	55.310276275358774
(13, 6)	452	64.62866055686027
(1, 50)	453	12.0
(1, 173)	454	3.75
(1, 174)	455	-1.6875
(2, 145)	456	9.09375
(24, 5)	457	18.1875
(1, 175)	458	12
(1, 177)	459	6.0
(1, 176)	460	6
(1, 178)	461	6
(14, 11)	462	8.82498550415039
(14, 34)	463	32.76341915130615
(4, 23)	464	18.0
(2, 147)	465	8.999593645333384
(3, 92)	466	17.893613793099554
(3, 94)	467	20.229284692194533
(3, 72)	468	23.99994260863111
(19, 3)	469	38.53754112307601
(19, 18)	470	44.961847912880344
(19, 19)	471	52.62266440775549
(17, 9)	472	69.03588986909911
(20, 4)	473	64.78120084889505
(2, 153)	474	0.0
(2, 154)	475	25.5
(2, 155)	476	21
(2, 156)	477	33
(3, 95)	478	29.7421875
(19, 20)	479	46.57055255447777
(17, 33)	480	56.33704376220703
(1, 179)	481	0.5073735897765346
(2, 157)	482	7.7783203125
(3, 97)	483	-6
(2, 160)	484	9
(2, 116)	485	3.65625
(2, 163)	486	-4.5
(2, 164)	487	12.0
(2, 140)	488	8.947231292710285
(2, 151)	489	10.5
(2, 152)	490	17.4466552734375
(3, 84)	491	16.78569320242978
(3, 85)	492	44.71877883374691
(3, 102)	493	48.7734375
(14, 31)	494	53.18342112074765
(11, 12)	495	62.26249490578945
(13, 5)	496	70.42685210131313
(2, 167)	497	4.325694055074564
(2, 168)	498	3.0000000000001705
(3, 103)	499	24.0
(3, 104)	500	43.78552987574747
(14, 35)	501	41.72102431575089
(14, 36)	502	45.64532621204853
(17, 35)	503	70.56850056854819
(2, 141)	504	23.685722864869458
(2, 169)	505	15.444637589570785
(3, 105)	506	29.999834599208995
(3, 74)	507	38.25984870829606
(17, 30)	508	63.78015854094717
(3, 107)	509	29.625
(3, 96)	510	37.1363525390625
(24, 6)	511	67.77945635792332
(2, 142)	512	-7.725797295525695
(2, 171)	513	3.7628917694091797
(2, 150)	514	17.361892202778108
(3, 108)	515	18.5625
(3, 109)	516	21.3548583984375
(3, 110)	517	42.5625
(14, 37)	518	33.416015625
(4, 26)	519	18.8671875
(2, 173)	520	21.122179985046387
(14, 38)	521	46.5
(1, 180)	522	-6
(3, 58)	523	29.8125
(14, 39)	524	18.0
(1, 53)	525	6.0
(2, 70)	526	8.765625
(3, 115)	527	27.0
(3, 116)	528	39.0
(17, 36)	529	38.25
(2, 176)	530	9.1875
(3, 27)	531	10.912392562009774
(3, 117)	532	12
(19, 23)	533	29.25
(17, 37)	534	24
(2, 165)	535	15.375
(2, 177)	536	18.0
(2, 59)	537	12.1875
(3, 106)	538	16.534101963043213
(24, 9)	539	72.90857709780907
(19, 24)	540	15.0
(17, 31)	541	43.72599240837334
(2, 180)	542	6.0
(3, 122)	543	24.1875
(19, 26)	544	40.125
(19, 27)	545	49.5
(24, 10)	546	72.375
(3, 123)	547	38.61973571777344
(2, 181)	548	17.318043943865185
(2, 170)	549	13.488135349005574
(14, 40)	550	42.26235888208585
(4, 28)	551	30.05934833580998
(4, 17)	552	29.65928073044263
(2, 185)	553	9.0
(3, 127)	554	13.029052734375
(19, 31)	555	48.65625
(19, 32)	556	53.89453125
(24, 11)	557	75.0
(1, 184)	558	5.399422385852754
(1, 185)	559	-0.03515625
(2, 186)	560	8.664861917495728
(3, 99)	561	22.171875
(3, 129)	562	19.3125
(17, 7)	563	29.29248046875
(2, 172)	564	14.999999999978172
(3, 130)	565	29.001487596548337
(3, 131)	566	39.93427850640227
(19, 4)	567	45.270257976471065
(14, 41)	568	46.130859375
(11, 15)	569	61.95524681479724
(3, 98)	570	15.115395041182637
(2, 188)	571	8.542911529541016
(2, 178)	572	4.524060406560006
(3, 133)	573	15.44329833984375
(3, 112)	574	19.257116317749023
(3, 134)	575	41.698150634765625
(19, 34)	576	49.03125
(17, 34)	577	41.88148498535156
(20, 10)	578	63.84375
(2, 86)	579	21.0
(3, 73)	580	31.772335946559906
(2, 105)	581	15.0
(2, 190)	582	22.5
(2, 191)	583	14.25
(3, 137)	584	24.1318359375
(19, 38)	585	25.828125
(24, 13)	586	55.6875
(3, 90)	587	12.509002440009592
(3, 140)	588	25.581201017601416
(19, 35)	589	40.05959298480454
(2, 193)	590	9
(2, 194)	591	25.5
(2, 195)	592	21
(2, 196)	593	27.0
(2, 197)	594	27
(2, 198)	595	9.056769110262394
(3, 143)	596	27.562477019396983
(19, 22)	597	45.69154566344241
(2, 199)	598	17.98729133605957
(3, 26)	599	18.38644717580659
(3, 145)	600	18
(3, 146)	601	36.75
(3, 147)	602	45.0
(14, 42)	603	42.28125
(1, 183)	604	-2.3438687324523926
(3, 118)	605	10.867583466780804
(3, 119)	606	27.281521528387444
(19, 29)	607	42.076189828439794
(2, 203)	608	12.0
(3, 149)	609	34.497043428640204
(3, 150)	610	23.362423539161682
(19, 33)	611	27.628725891932845
(17, 39)	612	45.9375
(1, 182)	613	11.999999977648258
(2, 200)	614	7.554073333740234
(2, 201)	615	9.087721824645996
(3, 151)	616	28.65470590442419
(19, 21)	617	33.38039003312588
(2, 192)	618	6.269549190376461
(3, 126)	619	24.0
(19, 39)	620	29.624998569488525
(20, 9)	621	73.25469862585899
(3, 152)	622	24.1875
(3, 153)	623	48.0
(19, 45)	624	52.125
(19, 46)	625	44.6689453125
(24, 14)	626	69.744140625
(2, 80)	627	3.093751430686183
(3, 25)	628	18.0
(3, 154)	629	21.536467737388847
(3, 155)	630	43.69788288165128
(2, 204)	631	3.0234375
(3, 111)	632	19.234718799591064
(24, 15)	633	64.842041015625
(2, 161)	634	7.5
(2, 121)	635	8.484375
(3, 141)	636	14.31646728515625
(3, 158)	637	19.078125
(19, 47)	638	35.2734375
(20, 16)	639	49.125
(17, 42)	640	61.50005489587784
(20, 13)	641	66.11304625868797
(2, 207)	642	6.75
(8, 39)	643	15.75
(14, 43)	644	26.987834930419922
(11, 16)	645	27.693077087402344
(2, 208)	646	12.000058869638679
(3, 125)	647	20.258188912644982
(3, 161)	648	33.0
(3, 162)	649	36
(19, 50)	650	46.969473553483624
(3, 163)	651	40.60546875
(1, 186)	652	15.75
(2, 210)	653	11.625
(14, 44)	654	26.953125
(14, 45)	655	26.276774883270264
(14, 46)	656	13.414972136123197
(2, 182)	657	11.310137316060718
(2, 174)	658	33.0
(2, 175)	659	4.7184252825099975
(3, 164)	660	21.858444660902023
(3, 165)	661	47.4462890625
(1, 187)	662	18.0
(3, 167)	663	4.5
(3, 168)	664	6
(3, 148)	665	21.0
(19, 42)	666	35.859375
(19, 43)	667	60.0
(1, 188)	668	-15.0
(17, 43)	669	-7.5
(2, 212)	670	18.462478637695312
(3, 169)	671	40.5
(3, 170)	672	42.75
(17, 29)	673	72.07165195047855
(3, 171)	674	16.403297510192264
(3, 172)	675	24.19926444813609
(17, 44)	676	56.70912265777588
(2, 189)	677	3.000091558322313
(2, 213)	678	0.0
(2, 187)	679	26.999999999997954
(3, 132)	680	40.63157757371664
(1, 77)	681	12.047973990440369
(3, 135)	682	38.0177809461602
(3, 138)	683	8.545892774100139
(2, 216)	684	29.484375
(3, 176)	685	42.0
(2, 131)	686	13.248046875
(3, 177)	687	9.740096591147672
(3, 124)	688	31.16015625
(19, 52)	689	43.875
(2, 209)	690	-6.726511001586914
(14, 49)	691	33.0
(4, 19)	692	36.008707478642464
(3, 179)	693	41.96143341064453
(19, 53)	694	68.7419661177467
(20, 7)	695	57.09751698443185
(3, 180)	696	24.0
(19, 54)	697	55.40167236328125
(20, 14)	698	53.620454013347626
(2, 93)	699	5.859375
(19, 44)	700	32.39919662475586
(20, 11)	701	55.51258309185505
(20, 17)	702	57
(2, 179)	703	3.809600830078125
(3, 183)	704	24.0
(19, 56)	705	31.586952209472656
(4, 24)	706	26.770620742812753
(3, 185)	707	24
(3, 186)	708	27.140625
(19, 59)	709	27.4833984375
(1, 190)	710	1.5
(2, 211)	711	16.3128662109375
(2, 219)	712	15.0
(3, 166)	713	24.7265625
(3, 187)	714	39.0
(2, 220)	715	9.7734375
(3, 188)	716	39.0
(19, 60)	717	41.44921875
(17, 38)	718	67.6640625
(2, 183)	719	9.05657958984375
(3, 190)	720	24.375
(3, 191)	721	28.875
(3, 192)	722	48
(19, 30)	723	36.05473709106445
(19, 61)	724	56.69326396491351
(17, 48)	725	64.5703125
(1, 191)	726	0.37497404403984547
(1, 192)	727	0.0
(1, 193)	728	15.0
(16, 21)	729	9.0
(8, 40)	730	6.5811767578125
(18, 6)	731	-3
(3, 194)	732	21.0
(3, 89)	733	26.06396484375
(4, 27)	734	27.36328125
(3, 182)	735	12.0
(19, 28)	736	44.27208407968283
(3, 28)	737	22.49999701602803
(3, 197)	738	21.994628369808197
(3, 198)	739	21.0
(3, 199)	740	25.5
(19, 62)	741	44.4375
(19, 63)	742	55.875
(17, 49)	743	82.5
(3, 200)	744	33.09664020314813
(3, 174)	745	30.81870256984476
(3, 201)	746	39.031494140625
(2, 223)	747	17.3671875
(14, 12)	748	17.997067451210295
(3, 203)	749	24.01171875
(20, 18)	750	76.5
(2, 225)	751	28.875
(2, 226)	752	10.737985610961914
(3, 204)	753	30.75
(3, 205)	754	33.0
(19, 41)	755	48.65625
(20, 12)	756	67.21875
(3, 139)	757	30.46754224319011
(19, 51)	758	59.60025659951397
(17, 47)	759	66.10907349245291
(3, 208)	760	18.292006015777588
(3, 202)	761	28.385987660365792
(1, 194)	762	3.0
(8, 9)	763	6.0
(8, 10)	764	-3.0
(8, 41)	765	0
(8, 42)	766	0.0
(9, 7)	767	9.897422790527344
(9, 1)	768	-7.773793947278591
(3, 173)	769	19.5
(2, 227)	770	9.0
(3, 212)	771	48
(2, 228)	772	9.001967178912441
(3, 178)	773	33.0
(24, 8)	774	75.5625
(2, 222)	775	1.5
(3, 215)	776	7.98046875
(3, 217)	777	35.0625
(17, 45)	778	51.0
(2, 205)	779	4.453125
(3, 219)	780	25.5
(19, 48)	781	37.03125
(19, 49)	782	63.0
(17, 52)	783	63.796875
(20, 20)	784	76.0078125
(3, 222)	785	23.54913699130988
(3, 209)	786	18.668417958680934
(19, 37)	787	60.49072265625
(19, 65)	788	34.32421875
(3, 175)	789	35.25
(3, 121)	790	20.4375
(19, 25)	791	37.5
(2, 231)	792	15.0
(3, 195)	793	16.875
(3, 225)	794	29.25
(19, 66)	795	75
(17, 54)	796	70.49338357004298
(3, 226)	797	39.0
(19, 67)	798	48.1875
(2, 217)	799	11.068359375
(3, 120)	800	40.125
(14, 51)	801	42.0
(19, 68)	802	25.5
(8, 43)	803	21.96661376953125
(14, 52)	804	13.125
(3, 214)	805	27.0
(2, 214)	806	-0.19893164461048007
(2, 215)	807	10.312408447265625
(3, 228)	808	29.53125
(2, 232)	809	15.0
(3, 229)	810	37.498500722858864
(14, 53)	811	27.281959533691406
(4, 25)	812	27.0
(19, 69)	813	54.0
(24, 20)	814	72.0
(3, 233)	815	23.25
(3, 234)	816	26.25
(3, 23)	817	24.75
(3, 235)	818	15.0
(14, 55)	819	15
(4, 30)	820	24
(3, 236)	821	43.5
(19, 55)	822	46.5
(3, 237)	823	29.5751953125
(17, 56)	824	35.66262812812056
(17, 57)	825	57.9375
(2, 233)	826	21.7968692779541
(3, 238)	827	40.46524933905151
(19, 72)	828	28.96875
(17, 32)	829	45.552627571947404
(19, 73)	830	60.0
(19, 74)	831	44.586361527082666
(20, 22)	832	67.57325526658678
(3, 241)	833	9.0
(20, 19)	834	74.53125597455073
(2, 237)	835	-18.0
(3, 243)	836	0
(3, 244)	837	12
(3, 245)	838	12
(14, 58)	839	29.625
(4, 32)	840	35.25
(2, 118)	841	-7.5
(19, 76)	842	29.930419921875
(19, 77)	843	51.680530071258545
(2, 143)	844	2.103515625
(3, 78)	845	24.076171875
(3, 79)	846	39.75
(17, 50)	847	49.96875
(20, 23)	848	75.375
(3, 224)	849	21.5390625
(3, 246)	850	48.75
(17, 58)	851	64.94795036315918
(1, 195)	852	6.0
(3, 248)	853	29.34375
(3, 250)	854	28.5
(3, 157)	855	46.125
(3, 251)	856	48.0
(3, 255)	857	36
(19, 79)	858	50.25
(19, 80)	859	39
(17, 26)	860	46.125
(17, 60)	861	63.9375
(3, 160)	862	40.6640625
(1, 88)	863	6.375
(2, 132)	864	1.5
(17, 1)	865	5.8828125
(2, 218)	866	10.5003662109375
(2, 239)	867	29.625
(2, 240)	868	20.90625
(2, 241)	869	20.625
(3, 100)	870	39.9375
(24, 22)	871	63.0
(2, 166)	872	18.375
(2, 230)	873	11.990524291992188
(3, 220)	874	28.5
(14, 59)	875	45
(14, 54)	876	45.5625
(14, 18)	877	38.874755859375
(2, 243)	878	12.0
(2, 244)	879	15
(3, 213)	880	10.5
(3, 206)	881	17.71875
(19, 82)	882	37.614131927490234
(3, 91)	883	37.875
(19, 83)	884	33.75
(24, 7)	885	68.30841064453125
(24, 17)	886	79.875
(2, 245)	887	12.9375
(3, 258)	888	13.5
(2, 159)	889	18.0
(3, 210)	890	23.9296875
(2, 246)	891	31.5
(2, 247)	892	6.0
(3, 259)	893	42
(17, 61)	894	54.1900634765625
(11, 18)	895	49.21875
(3, 181)	896	30.0
(2, 126)	897	9.0
(3, 260)	898	17.93846619129181
(3, 240)	899	32.625
(3, 263)	900	42
(17, 59)	901	60.0
(3, 264)	902	41.6015625
(2, 206)	903	3.0000028666108847
(3, 266)	904	24.0
(4, 34)	905	47.43324714956364
(3, 267)	906	30.0
(2, 250)	907	-18.0
(2, 251)	908	-39
(2, 252)	909	-27
(8, 44)	910	-30
(4, 36)	911	-36
(5, 13)	912	-30.0
(5, 14)	913	-45.0
(3, 269)	914	-2.4375
(3, 270)	915	6
(14, 61)	916	-3
(14, 62)	917	0.0
(4, 37)	918	-6.0
(4, 38)	919	6
(5, 15)	920	5.484375
(2, 248)	921	9.070670827696443
(3, 69)	922	30
(2, 253)	923	10.5
(3, 262)	924	24.0
(2, 255)	925	-27
(2, 256)	926	-27
(8, 45)	927	-30.0
(14, 63)	928	-18.0
(4, 39)	929	-24.0
(5, 16)	930	-17.625
(5, 17)	931	-25.5
(15, 5)	932	-30
(2, 257)	933	3.46875
(3, 271)	934	23.71875
(3, 272)	935	18.0
(17, 62)	936	45.89007568359375
(3, 128)	937	15.84375
(3, 193)	938	34.5
(3, 274)	939	30.1875
(19, 84)	940	54.043212890625
(19, 71)	941	43.3125
(3, 254)	942	21.0
(3, 275)	943	29.8125
(1, 196)	944	0.0
(2, 258)	945	33.0
(2, 260)	946	14.999999999999996
(19, 86)	947	50.96484375
(14, 64)	948	24.19883917272091
(3, 276)	949	30.0
(3, 156)	950	27.9375
(19, 87)	951	49.5
(19, 88)	952	63
(24, 23)	953	84
(1, 102)	954	16.875
(2, 69)	955	6.66796875
(14, 65)	956	15.0
(14, 66)	957	0.0
(4, 40)	958	12.0
(2, 158)	959	33.0
(2, 162)	960	22.119140625
(3, 113)	961	30
(24, 24)	962	80.671875
(2, 259)	963	10.531680464744568
(3, 252)	964	42.0
(3, 253)	965	39.0
(1, 197)	966	-8.0625
(1, 39)	967	0.0
(1, 198)	968	-12
(2, 263)	969	-13.5
(3, 279)	970	1.5
(19, 40)	971	37.875
(2, 261)	972	24.5859375
(2, 238)	973	27.0
(3, 282)	974	29.2166748046875
(19, 90)	975	42.604339599609375
(3, 221)	976	48.0
(3, 231)	977	45.375
(14, 68)	978	51.09375
(3, 268)	979	40.125
(3, 189)	980	22.6875
(24, 19)	981	71.25
(2, 264)	982	8.235833644866943
(19, 92)	983	51.7265625
(2, 107)	984	3
(3, 285)	985	-9.0
(3, 286)	986	-7.5
(3, 287)	987	0
(4, 41)	988	-4.5
(19, 93)	989	58.5
(3, 288)	990	4.540256981737912
(3, 290)	991	22.5
(2, 268)	992	31.96875
(2, 74)	993	-9.835827112197876
(14, 69)	994	0.0
(4, 42)	995	12.0
(14, 33)	996	25.505859375
(17, 46)	997	36.75
(2, 269)	998	12.046875
(2, 270)	999	18.75
(2, 271)	1000	24.0
(3, 293)	1001	31.5
(19, 94)	1002	54.7734375
(20, 24)	1003	57
(3, 71)	1004	18.0
(2, 26)	1005	-2.0830078125
(19, 96)	1006	56.09175161692473
(2, 272)	1007	12.75
(20, 25)	1008	68.80224609375
(14, 70)	1009	27.0
(3, 227)	1010	27.0
(14, 60)	1011	41.0625
(3, 294)	1012	33.0
(19, 95)	1013	44.25
(19, 97)	1014	51.38740190863609
(1, 199)	1015	6.0
(1, 200)	1016	0.0
(1, 201)	1017	0
(2, 273)	1018	-9
(2, 274)	1019	-3
(3, 295)	1020	24
(1, 202)	1021	-18.375
(1, 203)	1022	-24
(1, 204)	1023	-12
(20, 26)	1024	19.5
(4, 31)	1025	39.75
(1, 205)	1026	-3.0
(1, 206)	1027	-12
(2, 275)	1028	-3
(8, 46)	1029	0
(8, 47)	1030	-3.0
(8, 48)	1031	6
(14, 6)	1032	-9.0
(14, 67)	1033	40.6875
(17, 53)	1034	71.40234375
(2, 276)	1035	3
(19, 85)	1036	25.676271928153085
(24, 25)	1037	84.0
(3, 60)	1038	42.0
(17, 65)	1039	60.0
(14, 71)	1040	36.75
(14, 72)	1041	25.5
(17, 66)	1042	51.47845458984375
(2, 278)	1043	28.921875
(2, 279)	1044	17.970703125
(2, 280)	1045	19.6875
(2, 281)	1046	39
(17, 67)	1047	47.835587832636776
(11, 19)	1048	56.6923828125
(3, 300)	1049	13.5
(3, 301)	1050	36
(19, 99)	1051	33
(4, 43)	1052	43.349853515625
(11, 20)	1053	34.5
(2, 282)	1054	22.3359375
(2, 283)	1055	21.0
(3, 303)	1056	36
(3, 292)	1057	28.5
(14, 73)	1058	36.0
(14, 74)	1059	45
(3, 304)	1060	29.996337890625
(14, 75)	1061	21
(4, 44)	1062	20.25
(11, 21)	1063	34.5
(3, 305)	1064	16.10888671875
(3, 93)	1065	18
(19, 101)	1066	45.4921875
(17, 68)	1067	60.9375
(2, 265)	1068	27.0
(2, 285)	1069	21.01171875
(3, 307)	1070	47.4375
(19, 64)	1071	39.15234375
(2, 286)	1072	-9
(8, 19)	1073	1.5
(8, 49)	1074	-9.0
(14, 76)	1075	-6.0
(14, 77)	1076	6.0
(3, 308)	1077	26.1826171875
(1, 207)	1078	-21.0
(2, 287)	1079	8.999999977648258
(2, 288)	1080	-3
(3, 309)	1081	20.90625
(3, 283)	1082	33.046875
(3, 311)	1083	21.0
(14, 47)	1084	44.5231631398201
(14, 78)	1085	39
(14, 48)	1086	46.125
(3, 184)	1087	24
(2, 289)	1088	-1.875
(2, 266)	1089	32.84619140625
(2, 224)	1090	30.0
(3, 257)	1091	29.52880096435547
(2, 290)	1092	7.875
(3, 280)	1093	36.0
(19, 91)	1094	56.90625
(3, 273)	1095	30.0
(19, 103)	1096	44.4375
(1, 208)	1097	15.0
(20, 21)	1098	57
(2, 294)	1099	21
(19, 78)	1100	57
(2, 295)	1101	19.5
(3, 316)	1102	48.0
(3, 317)	1103	25.681569814480184
(19, 105)	1104	44.9999985693139
(3, 256)	1105	32.71875
(17, 63)	1106	51.75
(2, 249)	1107	27
(24, 12)	1108	77.830078125
(14, 80)	1109	22.875
(4, 45)	1110	12.046875
(2, 202)	1111	15
(3, 207)	1112	19.6490478515625
(3, 320)	1113	28.875
(19, 57)	1114	42.75
(24, 27)	1115	79.5
(3, 281)	1116	30.0
(19, 100)	1117	40.59375
(4, 33)	1118	18.0
(14, 79)	1119	43.0081787109375
(3, 321)	1120	17.82421875
(3, 6)	1121	10.5
(3, 323)	1122	38.25
(1, 209)	1123	0.006730556488037109
(2, 299)	1124	-9.62548828125
(2, 300)	1125	17.25
(3, 284)	1126	27.0
(3, 324)	1127	24
(3, 277)	1128	39.75
(3, 278)	1129	45.0
(24, 18)	1130	66
(2, 254)	1131	21.9609375
(2, 301)	1132	16.5
(2, 302)	1133	15.75
(14, 82)	1134	33.0
(19, 107)	1135	39.2021484375
(3, 296)	1136	18.0
(13, 7)	1137	66.0
(1, 210)	1138	0.0
(1, 211)	1139	3.0
(2, 303)	1140	-1.5
(3, 326)	1141	12.0
(17, 71)	1142	60
(17, 72)	1143	69.0
(3, 230)	1144	39.0
(17, 55)	1145	55.88671875
(3, 327)	1146	46.06640625
(17, 70)	1147	54
(24, 26)	1148	60
(3, 319)	1149	29.625
(2, 87)	1150	9.75
(14, 19)	1151	18.0
(3, 101)	1152	33.75
(3, 313)	1153	30.0
(3, 299)	1154	27.10693359375
(3, 247)	1155	24
(2, 305)	1156	-9.0
(2, 306)	1157	-19.5
(18, 7)	1158	-11.625
(9, 8)	1159	-0.375
(9, 9)	1160	-10.566540956497192
(9, 10)	1161	-24.0
(3, 330)	1162	36
(3, 333)	1163	48
(3, 318)	1164	54
(3, 334)	1165	5.4140625
(2, 307)	1166	22.125
(3, 291)	1167	42.0
(19, 70)	1168	45.75
(2, 309)	1169	15.0
(3, 331)	1170	45.0
(19, 106)	1171	60.0
(19, 58)	1172	61.5
(3, 342)	1173	17.25
(3, 343)	1174	42.0
(17, 73)	1175	42
(3, 344)	1176	15.0
(19, 112)	1177	45.75
(2, 267)	1178	27
(3, 345)	1179	27.75
(3, 340)	1180	18.0
(2, 297)	1181	21
(17, 74)	1182	63.79266357421875
(20, 28)	1183	75
(2, 312)	1184	17.25
(2, 313)	1185	21
(2, 314)	1186	9
(3, 346)	1187	24
(1, 172)	1188	0.375
(17, 75)	1189	24.0
(3, 211)	1190	18.134765625
(19, 104)	1191	70.5
(19, 115)	1192	75
(3, 348)	1193	29.1357421875
(3, 349)	1194	35.25
(3, 352)	1195	3.0
(3, 310)	1196	35.07284903526306
(19, 116)	1197	69
(3, 66)	1198	10.453125
(3, 354)	1199	36.0
(11, 22)	1200	64.72174072265625
(19, 109)	1201	63
(2, 316)	1202	2.25
(2, 317)	1203	21
(2, 318)	1204	9
(11, 14)	1205	33.375
(4, 47)	1206	28.13671875
(24, 31)	1207	78.0
(2, 315)	1208	11.4375
(4, 48)	1209	28.5
(1, 8)	1210	-12
(2, 320)	1211	5.25
(3, 265)	1212	30.0
(5, 18)	1213	35.381853103637695
(14, 81)	1214	42.0
(2, 321)	1215	7.5
(20, 27)	1216	62.437522888183594
(3, 355)	1217	30
(3, 356)	1218	43.5
(1, 213)	1219	15.0
(1, 87)	1220	-9.0
(3, 329)	1221	22.6875
(2, 323)	1222	25.4970703125
(2, 324)	1223	12.375
(3, 358)	1224	26.625
(3, 359)	1225	32.390625
(18, 9)	1226	-15.0
(9, 13)	1227	-30.9375
(14, 83)	1228	24.0
(3, 361)	1229	11.7557373046875
(2, 328)	1230	24.5625
(3, 362)	1231	42
(17, 76)	1232	50.283596746623516
(1, 214)	1233	0.01171875
(2, 329)	1234	18.55327305443735
(2, 330)	1235	15.000000178813934
(8, 51)	1236	13.96014404296875
(8, 52)	1237	18.515625
(14, 84)	1238	27.75
(3, 350)	1239	20.203125
(2, 331)	1240	7.548431396484375
(2, 304)	1241	15
(19, 118)	1242	55.5
(2, 322)	1243	14.4169921875
(8, 58)	1244	3.0
(17, 77)	1245	46.66656238194902
(2, 332)	1246	15.0
(2, 333)	1247	16.125
(2, 334)	1248	7.5
(2, 335)	1249	20.4375
(2, 124)	1250	3.5072938796365634
(2, 336)	1251	23.9736328125
(2, 337)	1252	27.97819232940674
(8, 59)	1253	25.0078125
(8, 57)	1254	27.0
(4, 29)	1255	37.88428223803588
(18, 10)	1256	23.25
(9, 14)	1257	15.9140625
(2, 340)	1258	31.78125
(2, 296)	1259	15.75
(19, 102)	1260	33
(2, 343)	1261	20.966893672943115
(2, 344)	1262	12.0
(3, 363)	1263	12
(3, 335)	1264	24.0
(24, 16)	1265	78.0
(8, 60)	1266	-0.75
(4, 49)	1267	4.875
(8, 62)	1268	0.0
(8, 63)	1269	-12.0
(18, 11)	1270	-15.0
(9, 16)	1271	-24
(9, 17)	1272	-39.0
(3, 136)	1273	25.78125
(3, 364)	1274	41.545166015625
(2, 346)	1275	13.5
(3, 365)	1276	33.75
(2, 325)	1277	4.125
(9, 18)	1278	17.4375
(2, 308)	1279	-1.5
(2, 348)	1280	18.0
(2, 229)	1281	3
(2, 349)	1282	13.02557373046875
(8, 50)	1283	0.0
(8, 66)	1284	9.0
(9, 11)	1285	-15.0
(2, 351)	1286	15.0
(2, 352)	1287	12.0
(2, 353)	1288	7.406982421875
(3, 366)	1289	30.0
(3, 367)	1290	27.0
(3, 368)	1291	30
(19, 75)	1292	55.45001220703125
(1, 189)	1293	6
(8, 67)	1294	-2.25
(8, 68)	1295	11.578125
(9, 15)	1296	-1.5
(2, 354)	1297	24.0
(2, 357)	1298	6.048309794779925
(8, 65)	1299	9.5625
(8, 70)	1300	0
(18, 13)	1301	-6.0
(2, 242)	1302	12.0
(3, 370)	1303	27.0
(2, 342)	1304	13.6875
(2, 358)	1305	22.5
(3, 322)	1306	33.0
(2, 359)	1307	24.62841796875
(2, 362)	1308	13.201171875
(1, 217)	1309	0.0
(2, 365)	1310	17.814834594726562
(2, 366)	1311	14.258468627929688
(8, 71)	1312	11.25
(18, 14)	1313	6.375
(1, 216)	1314	6.0234375
(2, 338)	1315	13.875
(3, 371)	1316	18
(2, 368)	1317	6.75
(2, 369)	1318	9.2578125
(17, 78)	1319	65.99999356269836
(1, 218)	1320	0.0
(8, 72)	1321	22.3125
(2, 364)	1322	21.0
(8, 53)	1323	-9.0
(8, 73)	1324	3.75
(14, 86)	1325	11.25
(2, 371)	1326	15.0
(1, 168)	1327	-3.1875
(2, 372)	1328	14.4375
(14, 87)	1329	9
(3, 377)	1330	13.5
(2, 373)	1331	3
(17, 24)	1332	36.0
(2, 375)	1333	12.0
(1, 163)	1334	18
(2, 363)	1335	3.0
(2, 376)	1336	12.0
(2, 234)	1337	30.0
(3, 378)	1338	9.75
(19, 81)	1339	40.487548828125
(3, 159)	1340	23.935546875
(3, 196)	1341	33.0
(14, 89)	1342	29.25
(2, 367)	1343	13.016984224319458
(8, 54)	1344	8.53125
(8, 75)	1345	13.5
(18, 12)	1346	3.0
(2, 381)	1347	18.75
(2, 310)	1348	0.796875
(3, 380)	1349	12
(19, 120)	1350	15
(2, 382)	1351	12.0
(3, 381)	1352	3.046875
(3, 376)	1353	40.6182861328125
(3, 382)	1354	39.39407200313327
(2, 383)	1355	21.0
(1, 223)	1356	18
(3, 385)	1357	13.5
(2, 341)	1358	5.53125
(17, 40)	1359	35.794921875
(1, 219)	1360	12.375
(1, 224)	1361	0
(2, 385)	1362	3
(2, 386)	1363	24.0
(3, 386)	1364	18
(14, 90)	1365	33
(3, 387)	1366	15.0
(19, 124)	1367	39.94682555824091
(24, 29)	1368	72.0001860113698
(2, 378)	1369	22.37517816471518
(3, 384)	1370	46.122800819362105
(4, 46)	1371	48.0
(1, 225)	1372	12
(1, 226)	1373	0
(1, 227)	1374	24
(8, 76)	1375	0.75
(8, 56)	1376	18
(4, 52)	1377	7.5
(1, 228)	1378	0.0
(2, 389)	1379	10.5
(2, 73)	1380	21.0
(2, 235)	1381	39.0
(1, 215)	1382	0.0
(9, 12)	1383	0.75
(1, 230)	1384	0
(1, 231)	1385	24
(3, 379)	1386	18
(2, 339)	1387	12.0
(2, 393)	1388	-3.75
(2, 394)	1389	-4.5
(19, 125)	1390	45
(2, 395)	1391	28.500022820931918
(2, 396)	1392	21
(19, 126)	1393	36.826171875
(2, 397)	1394	13.5
(8, 81)	1395	25.318450927734375
(1, 44)	1396	0.0
(2, 398)	1397	6.287109375
(1, 221)	1398	3.0
(3, 383)	1399	12.0
(1, 232)	1400	0.0
(1, 229)	1401	6.0
(8, 77)	1402	18
(8, 78)	1403	18
(8, 79)	1404	15.0
(3, 392)	1405	22.125
(19, 127)	1406	9.0
(8, 55)	1407	3.703125
(8, 82)	1408	19.5
(2, 402)	1409	15
(3, 394)	1410	18.0
(3, 375)	1411	33.55106735229492
(2, 123)	1412	0.0
(18, 16)	1413	-6.0
(9, 19)	1414	-12
(9, 20)	1415	-36
(8, 83)	1416	6.0
(4, 54)	1417	6.0
(2, 379)	1418	8.976470947265625
(3, 395)	1419	42
(3, 397)	1420	-9.0
(3, 351)	1421	24.0
(17, 80)	1422	36
(2, 405)	1423	22.5
(2, 360)	1424	9.75
(4, 55)	1425	30
(3, 339)	1426	24.0
(3, 396)	1427	24
(8, 87)	1428	1.5
(2, 403)	1429	12.0
(2, 390)	1430	-9.0
(8, 64)	1431	6
(2, 411)	1432	13.5
(2, 412)	1433	15
(3, 401)	1434	35.25
(3, 403)	1435	21.0
(8, 92)	1436	12
(14, 95)	1437	3
(14, 96)	1438	12.0
(4, 56)	1439	12
(4, 57)	1440	12
(4, 14)	1441	7.5
(2, 410)	1442	-0.0234375
(8, 88)	1443	8.25
(3, 388)	1444	6.0
(8, 69)	1445	30
(14, 97)	1446	24.0
(11, 23)	1447	19.5
(2, 387)	1448	21.0
(2, 388)	1449	12.0
(2, 416)	1450	33.0
(14, 88)	1451	33.0
(3, 338)	1452	24
(2, 417)	1453	9.375
(8, 61)	1454	1.5
(18, 8)	1455	-1.5
(2, 413)	1456	21.28203635843778
(9, 22)	1457	0.0
(2, 374)	1458	21.0
(3, 400)	1459	35.25
(19, 123)	1460	38.9754638671875
(2, 419)	1461	8.25
(1, 238)	1462	-1.875
(3, 47)	1463	-2.625
(1, 139)	1464	0.0
(3, 409)	1465	3.0
(3, 373)	1466	18
(2, 421)	1467	6.0
(2, 399)	1468	4.5
(8, 74)	1469	9.0
(1, 240)	1470	3.0
(3, 404)	1471	45.0
(2, 423)	1472	12.0
(1, 17)	1473	-2.25
(1, 245)	1474	6
(1, 247)	1475	13.5
(16, 24)	1476	4.5
(16, 25)	1477	-3.0
(8, 94)	1478	-6
(4, 59)	1479	1.5
(2, 428)	1480	-3
(2, 429)	1481	9
(4, 6)	1482	8.25
(1, 243)	1483	9.0
(1, 251)	1484	0
(1, 252)	1485	0
(1, 253)	1486	18
(16, 26)	1487	9
(8, 97)	1488	6.0
(8, 98)	1489	0
(8, 1)	1490	0
(18, 18)	1491	-3
(2, 430)	1492	18.0
(2, 418)	1493	9.9375
(1, 246)	1494	18
(1, 255)	1495	12
(19, 132)	1496	15
(1, 122)	1497	3.0
(1, 256)	1498	6.0
(3, 408)	1499	18
(2, 433)	1500	27
(24, 34)	1501	42
(1, 260)	1502	12
(16, 29)	1503	3
(1, 264)	1504	12
(1, 265)	1505	0
(1, 266)	1506	6.0
(1, 267)	1507	12
(1, 268)	1508	0
(2, 424)	1509	3.0
(2, 435)	1510	21
(1, 271)	1511	12
(1, 244)	1512	12.0
(1, 272)	1513	0
(1, 273)	1514	12
(2, 436)	1515	7.5
(1, 275)	1516	4.875
(2, 438)	1517	33
(2, 439)	1518	45
(2, 97)	1519	15.0
(24, 32)	1520	42
(1, 277)	1521	-2.3603439331054688e-05
(1, 274)	1522	12.0
(2, 440)	1523	33
(1, 278)	1524	8.8125
(2, 441)	1525	-0.796875
(1, 269)	1526	-3.9375
(1, 284)	1527	15.0
(1, 285)	1528	12
(1, 286)	1529	0
(1, 287)	1530	12
(8, 101)	1531	0.0
(8, 102)	1532	6
(14, 101)	1533	-7.5
(4, 62)	1534	-10.5
(2, 443)	1535	15
(2, 445)	1536	9.0
(1, 288)	1537	-0.375
(2, 446)	1538	3
(2, 450)	1539	-22.5
(2, 451)	1540	8.4375
(3, 410)	1541	9.0
(14, 103)	1542	24.0
(2, 452)	1543	0.0
(2, 453)	1544	-15.0
(2, 454)	1545	-15
(2, 455)	1546	3
(3, 411)	1547	6
(14, 104)	1548	16.6875
(2, 298)	1549	12.0
(2, 456)	1550	9.046875
(2, 457)	1551	27.75
(1, 295)	1552	-9.0
(1, 296)	1553	-18.0
(1, 297)	1554	6
(16, 33)	1555	-3
(8, 107)	1556	-7.5
(8, 108)	1557	-3.0
(14, 105)	1558	-3
(14, 106)	1559	-3
(4, 65)	1560	6.0
(1, 298)	1561	-18.0
(2, 461)	1562	-3.0
(8, 110)	1563	-6.0
(8, 111)	1564	-6.0
(14, 107)	1565	-3.0
(1, 279)	1566	24
(2, 444)	1567	26.25
(2, 462)	1568	27
(14, 108)	1569	27
(14, 102)	1570	-3.0
(3, 413)	1571	9.75
(3, 414)	1572	30
(3, 415)	1573	36.75
(2, 464)	1574	-6.0
(2, 465)	1575	0.0
(3, 416)	1576	-6
(1, 303)	1577	-6
(1, 304)	1578	-19.5
(2, 466)	1579	-7.5
(8, 113)	1580	-18
(5, 21)	1581	-9.0
(15, 6)	1582	-42.0
(1, 306)	1583	6
(16, 35)	1584	-3
(16, 36)	1585	-21
(16, 37)	1586	-15
(18, 20)	1587	-21
(1, 307)	1588	0
(1, 308)	1589	-6
(1, 309)	1590	-18
(8, 114)	1591	0
(8, 115)	1592	-6
(8, 116)	1593	-12
(1, 292)	1594	-3.75
(1, 310)	1595	-6
(16, 38)	1596	-21
(16, 39)	1597	-24.0
(14, 110)	1598	-39
(1, 313)	1599	-36
(1, 314)	1600	-18
(1, 315)	1601	-12
(2, 468)	1602	-6.0
(1, 316)	1603	-12
(2, 469)	1604	-6.0
(2, 447)	1605	12.0
(3, 412)	1606	30
(3, 417)	1607	48
(2, 471)	1608	33
(2, 472)	1609	24.0
(1, 323)	1610	6.0
(1, 324)	1611	0
(1, 325)	1612	-18
(1, 326)	1613	0
(8, 120)	1614	5.25
(8, 12)	1615	-18
(14, 24)	1616	11.25
(2, 473)	1617	-9
(2, 474)	1618	-6.0
(8, 121)	1619	0.0
(4, 68)	1620	3.0
(1, 165)	1621	6
(1, 329)	1622	6
(16, 41)	1623	0.0
(8, 85)	1624	-6
(8, 122)	1625	-15.0
(8, 123)	1626	-9.0
(1, 331)	1627	12
(1, 330)	1628	-15.0
(1, 239)	1629	-6.0
(1, 161)	1630	-6.0
(3, 422)	1631	6
(1, 333)	1632	0.0
(1, 334)	1633	0
(1, 112)	1634	-18
(18, 23)	1635	-9
(4, 64)	1636	-12.0
(1, 337)	1637	-24
(1, 338)	1638	-24
(1, 339)	1639	-18
(2, 480)	1640	-15
(2, 481)	1641	-18.0
(1, 280)	1642	0.0
(1, 340)	1643	4.5
(1, 341)	1644	-3.0
(1, 342)	1645	0.0
(16, 42)	1646	-9
(16, 43)	1647	-21
(21, 5)	1648	-24
(22, 5)	1649	-42.0
(23, 3)	1650	-48
(2, 484)	1651	6.0
(3, 424)	1652	40.6875
(2, 117)	1653	6.0
(1, 343)	1654	6
(2, 58)	1655	-0.75
(3, 369)	1656	33.0
(3, 426)	1657	30
(2, 401)	1658	12.0
(2, 485)	1659	-3
(11, 17)	1660	12.0
(11, 24)	1661	26.927490234375
(1, 345)	1662	0.0
(17, 82)	1663	27.0
(2, 137)	1664	3.0
(14, 112)	1665	-15
(19, 134)	1666	30.0
(1, 344)	1667	0.0
(1, 348)	1668	-48
(1, 349)	1669	-24
(11, 25)	1670	-15.0
(1, 350)	1671	6
(2, 434)	1672	9.0
(2, 492)	1673	-6.0
(3, 430)	1674	-6
(3, 432)	1675	-4.5
(3, 223)	1676	25.5
(1, 155)	1677	-1.5
(1, 282)	1678	0.0
(3, 433)	1679	18
(4, 70)	1680	36
(4, 71)	1681	39.0
(3, 434)	1682	30
(19, 131)	1683	61.102270904928446
(20, 30)	1684	54.0
(2, 495)	1685	15
(3, 420)	1686	18
(3, 435)	1687	30.0
(11, 26)	1688	33.0
(2, 496)	1689	6.0
(2, 497)	1690	9.7734375
(2, 498)	1691	27.75
(2, 499)	1692	21.0
(2, 125)	1693	8.90625
(1, 355)	1694	1.5
(1, 356)	1695	0
(8, 129)	1696	6.0
(1, 357)	1697	-3.0
(2, 380)	1698	33.0
(2, 355)	1699	24.0
(3, 399)	1700	24.0
(17, 83)	1701	59.25
(2, 503)	1702	25.5
(17, 84)	1703	47.95564270019531
(17, 85)	1704	48.0
(2, 504)	1705	-3.0
(2, 505)	1706	-3
(2, 506)	1707	-9
(8, 132)	1708	7.5
(1, 359)	1709	-4.5
(3, 437)	1710	9.0
(3, 438)	1711	24
(2, 507)	1712	2.25
(2, 508)	1713	3
(2, 277)	1714	21
(1, 360)	1715	0.375
(1, 361)	1716	0
(3, 439)	1717	-3.0
(19, 135)	1718	11.625
(3, 440)	1719	9.0
(3, 441)	1720	24.0
(14, 116)	1721	42.0
(2, 511)	1722	-9
(3, 443)	1723	6.0
(2, 284)	1724	3
(3, 444)	1725	3.0
(3, 445)	1726	15.0
(1, 365)	1727	6
(1, 111)	1728	-6.0
(1, 366)	1729	-18
(2, 470)	1730	-6.896484375
(3, 418)	1731	6.75
(8, 136)	1732	-12
(8, 137)	1733	-12
(2, 512)	1734	10.5
(2, 513)	1735	33
(2, 514)	1736	21
(3, 446)	1737	24
(2, 521)	1738	18.0
(3, 450)	1739	12
(3, 451)	1740	12
(1, 367)	1741	12
(16, 48)	1742	9
(18, 27)	1743	3
(4, 73)	1744	-6
(2, 524)	1745	24.75
(2, 525)	1746	20.874536991119385
(18, 28)	1747	9
(2, 528)	1748	21
(2, 529)	1749	-18.0
(3, 325)	1750	36
(17, 89)	1751	36
(14, 117)	1752	27
(2, 467)	1753	21.0
(2, 530)	1754	4.676513671875
(2, 49)	1755	15
(3, 436)	1756	21.0
(3, 456)	1757	33.0
(2, 102)	1758	3
(3, 393)	1759	18
(2, 510)	1760	15
(3, 454)	1761	24
(2, 533)	1762	21
(2, 431)	1763	11.25
(2, 502)	1764	14.4375
(3, 459)	1765	24
(4, 75)	1766	21.0
(3, 328)	1767	18
(3, 442)	1768	16.5
(17, 86)	1769	53.52099609375
(1, 370)	1770	3.0
(2, 534)	1771	3.0
(19, 136)	1772	24.0
(3, 460)	1773	-1.5
(3, 461)	1774	9.0
(1, 320)	1775	-7.5
(3, 419)	1776	24.0
(1, 371)	1777	18
(14, 120)	1778	10.5
(1, 376)	1779	-30
(1, 377)	1780	-42
(2, 536)	1781	-39
(2, 537)	1782	-33
(2, 538)	1783	-27
(3, 463)	1784	-24
(3, 464)	1785	-18
(4, 77)	1786	-15.0
(3, 465)	1787	13.5
(3, 466)	1788	30.84375
(3, 467)	1789	0
(1, 317)	1790	0.0
(1, 354)	1791	0.0
(1, 381)	1792	-6
(16, 53)	1793	3
(16, 54)	1794	-21
(8, 144)	1795	-18
(4, 80)	1796	-12
(6, 6)	1797	-18.0
(1, 85)	1798	-24
(2, 545)	1799	-15
(3, 469)	1800	-12
(14, 122)	1801	15
(3, 470)	1802	30
(3, 471)	1803	30
(8, 138)	1804	16.5
(2, 548)	1805	15.0
(2, 184)	1806	32.4375
(3, 425)	1807	27.0
(20, 31)	1808	66.696533203125
(19, 137)	1809	51
(2, 552)	1810	18.56323222629726
(8, 146)	1811	21.0
(3, 457)	1812	10.5
(3, 474)	1813	6
(4, 84)	1814	0
(2, 554)	1815	12.0
(3, 476)	1816	18
(14, 57)	1817	43.5
(2, 551)	1818	0.0
(3, 472)	1819	0.0
(3, 478)	1820	16.875
(14, 123)	1821	18.1875
(4, 83)	1822	12
(11, 27)	1823	2.25
(11, 28)	1824	12.0
(6, 3)	1825	16.206298828125
(8, 147)	1826	6.0
(2, 557)	1827	3.0
(2, 558)	1828	20.25
(3, 447)	1829	18.0
(3, 479)	1830	15.0
(2, 559)	1831	1.5
(4, 61)	1832	1.5
(14, 125)	1833	6.0
(17, 92)	1834	27.1875
(17, 87)	1835	50.57259510307358
(20, 32)	1836	30.65625
(2, 549)	1837	-3.0
(2, 75)	1838	-3.0
(8, 84)	1839	21.0
(8, 154)	1840	12
(1, 332)	1841	0.0
(18, 31)	1842	3
(1, 384)	1843	-12
(2, 463)	1844	3
(8, 156)	1845	-3.0
(8, 157)	1846	-6
(2, 564)	1847	15.002426147460938
(8, 159)	1848	-24
(18, 34)	1849	3.0
(2, 567)	1850	0.0
(3, 452)	1851	42.0
(3, 482)	1852	6
(3, 483)	1853	21.0
(2, 568)	1854	7.5
(2, 570)	1855	21
(2, 546)	1856	21
(14, 100)	1857	30.176513671875
(1, 346)	1858	0.0
(2, 576)	1859	-3
(8, 161)	1860	0
(14, 32)	1861	-3
(4, 87)	1862	0
(14, 128)	1863	3
(14, 126)	1864	4.5
(3, 398)	1865	30.22265625
(3, 484)	1866	18
(3, 488)	1867	30.1875
(3, 489)	1868	21.0
(3, 490)	1869	12.0
(3, 491)	1870	33.0
(3, 492)	1871	42
(2, 577)	1872	13.546875
(3, 428)	1873	28.59375
(3, 493)	1874	26.999911037255778
(8, 150)	1875	6.0
(8, 151)	1876	6
(3, 494)	1877	12
(3, 495)	1878	32.90625
(2, 578)	1879	0.0
(2, 579)	1880	-9
(3, 496)	1881	9.0
(11, 5)	1882	-1.875
(3, 453)	1883	29.1328125
(2, 581)	1884	12.232661056377093
(2, 582)	1885	13.505882263183594
(2, 583)	1886	-6.0
(3, 497)	1887	3.0
(14, 132)	1888	3
(14, 133)	1889	9
(4, 88)	1890	15.0
(8, 163)	1891	-13.5
(8, 35)	1892	-12
(14, 27)	1893	-9
(16, 65)	1894	-18.0
(8, 119)	1895	-15.0
(8, 164)	1896	-18.0
(8, 166)	1897	-24
(18, 35)	1898	-15
(9, 28)	1899	-18.0
(9, 29)	1900	-36.0
(10, 4)	1901	-48.0
(1, 347)	1902	-21.0
(16, 44)	1903	-3
(4, 89)	1904	-12
(5, 24)	1905	-21
(1, 335)	1906	0
(1, 395)	1907	0
(1, 396)	1908	-18
(2, 584)	1909	-9
(2, 585)	1910	12.0
(8, 143)	1911	6
(8, 168)	1912	-6
(1, 393)	1913	0
(1, 400)	1914	-18
(2, 586)	1915	0.0
(3, 499)	1916	6
(14, 135)	1917	-4.5
(14, 136)	1918	21
(1, 401)	1919	-9.0
(3, 462)	1920	-6.0
(1, 402)	1921	6
(1, 369)	1922	6
(2, 587)	1923	-15
(3, 500)	1924	0
(17, 90)	1925	48
(2, 588)	1926	-9
(2, 127)	1927	3
(8, 31)	1928	3.0
(1, 407)	1929	-18.0
(14, 138)	1930	29.484375
(17, 88)	1931	12
(1, 408)	1932	-24
(1, 409)	1933	-24
(1, 410)	1934	-42
(16, 68)	1935	-27
(16, 69)	1936	-27
(16, 70)	1937	-45
(8, 169)	1938	-42
(18, 37)	1939	-51.0
(4, 94)	1940	-64.125
(4, 63)	1941	-60
(5, 20)	1942	-57
(1, 411)	1943	6.0
(1, 412)	1944	0.0
(1, 413)	1945	-9.0
(8, 171)	1946	0
(14, 139)	1947	6.0
(1, 415)	1948	-12
(3, 502)	1949	0
(3, 503)	1950	12
(19, 122)	1951	27
(1, 358)	1952	0
(2, 590)	1953	-21
(3, 468)	1954	-15.0
(1, 417)	1955	-9.0
(8, 174)	1956	-12
(8, 176)	1957	0
(8, 90)	1958	6
(8, 177)	1959	-3.0
(8, 178)	1960	-6
(1, 418)	1961	12.0
(1, 419)	1962	12
(2, 592)	1963	15
(3, 429)	1964	0
(8, 179)	1965	-24
(18, 40)	1966	-30.0
(9, 30)	1967	-33.0
(9, 31)	1968	-60
(2, 594)	1969	-1.5
(5, 8)	1970	22.46044921875
(1, 157)	1971	0.0
(1, 414)	1972	-4.5
(8, 172)	1973	0
(8, 173)	1974	-6.0
(8, 139)	1975	-12
(8, 128)	1976	-3.0
(14, 142)	1977	-9
(3, 504)	1978	12.0
(16, 73)	1979	-15
(16, 74)	1980	-15
(8, 182)	1981	-36
(18, 25)	1982	-45.0
(1, 428)	1983	-15.0
(16, 75)	1984	-18.0
(9, 25)	1985	-36
(1, 421)	1986	12
(3, 431)	1987	6
(4, 95)	1988	-2.25
(1, 429)	1989	-6
(2, 598)	1990	9.0
(3, 505)	1991	6
(3, 402)	1992	6
(2, 599)	1993	-9
(2, 28)	1994	3
(3, 506)	1995	26.859649658203125
(3, 507)	1996	18
(1, 433)	1997	-18
(14, 145)	1998	0.0
(14, 146)	1999	7.5
(4, 96)	2000	6.0
(1, 281)	2001	18.0
(2, 442)	2002	9.938537180455642
(8, 109)	2003	20.970703125
(8, 185)	2004	-24
(1, 434)	2005	-12
(1, 435)	2006	-18
(1, 392)	2007	1.5
(1, 436)	2008	-6
(16, 45)	2009	-3
(16, 47)	2010	-27
(18, 43)	2011	-21
(18, 44)	2012	-15
(9, 23)	2013	-42
(10, 3)	2014	-39.0
(1, 351)	2015	-18
(1, 437)	2016	-18
(2, 601)	2017	-21
(2, 491)	2018	-15
(14, 147)	2019	-15.0
(2, 437)	2020	3
(18, 45)	2021	3
(3, 509)	2022	-6
(2, 459)	2023	-9
(2, 509)	2024	-3
(8, 188)	2025	0
(14, 148)	2026	-3
(4, 99)	2027	-5.25
(1, 327)	2028	15.0
(1, 442)	2029	-6
(3, 24)	2030	0
(1, 444)	2031	-18
(1, 257)	2032	-18
(1, 445)	2033	-24
(16, 79)	2034	-21
(16, 80)	2035	-45
(8, 190)	2036	-42.0
(14, 149)	2037	-42.0
(4, 100)	2038	-27.0
(5, 23)	2039	-33.0
(1, 449)	2040	-6
(1, 450)	2041	-12
(18, 46)	2042	-15
(1, 451)	2043	0
(1, 452)	2044	-18
(1, 453)	2045	0
(1, 455)	2046	-30
(1, 456)	2047	-18
(16, 82)	2048	-27
(8, 193)	2049	-30
(8, 194)	2050	-24
(18, 47)	2051	-27
(18, 48)	2052	-27
(4, 103)	2053	-24.140625
(15, 7)	2054	-54
(2, 604)	2055	15
(2, 605)	2056	3
(8, 195)	2057	0
(18, 49)	2058	3.0
(18, 50)	2059	-3
(19, 129)	2060	27
(3, 512)	2061	14.625
(3, 513)	2062	24.0
(1, 305)	2063	18
(2, 606)	2064	15.0
(2, 607)	2065	15
(2, 608)	2066	20.25
(8, 142)	2067	-6
(14, 153)	2068	10.5
(8, 196)	2069	-6
(14, 30)	2070	0.0
(14, 114)	2071	9.0
(3, 486)	2072	30.0
(3, 487)	2073	37.5
(2, 550)	2074	-15.0
(2, 611)	2075	-33
(2, 612)	2076	-9
(3, 473)	2077	-12
(14, 154)	2078	-15
(4, 82)	2079	-18.0
(4, 104)	2080	-4.5
(3, 521)	2081	21.0
(17, 94)	2082	60
(2, 377)	2083	15
(2, 614)	2084	22.5
(3, 522)	2085	22.6875
(3, 523)	2086	33.0
(19, 140)	2087	30.0
(2, 595)	2088	5.9981689453125
(2, 615)	2089	12.0
(2, 616)	2090	17.25
(3, 515)	2091	15.75
(17, 69)	2092	45.0
(3, 524)	2093	12
(3, 525)	2094	30
(3, 526)	2095	17.99999870342431
(19, 133)	2096	42.0
(3, 527)	2097	37.51904296875
(3, 528)	2098	42
(8, 197)	2099	18
(2, 580)	2100	3.11792136357327
(8, 198)	2101	31.5
(8, 199)	2102	27.75
(2, 622)	2103	21
(2, 623)	2104	22.5
(2, 624)	2105	21.0
(2, 517)	2106	31.5
(2, 625)	2107	21.0
(2, 626)	2108	27
(2, 627)	2109	33
(3, 535)	2110	52.59228515625
(2, 347)	2111	22.5
(2, 628)	2112	16.5
(19, 145)	2113	49.5
(24, 35)	2114	60
(1, 458)	2115	6
(1, 423)	2116	-12
(1, 459)	2117	6
(16, 83)	2118	9
(16, 84)	2119	-15
(8, 200)	2120	-12
(14, 109)	2121	-9
(4, 98)	2122	-18.0
(2, 629)	2123	21.17578125
(4, 106)	2124	33.0
(2, 618)	2125	27
(3, 297)	2126	36
(2, 319)	2127	21
(2, 631)	2128	21
(3, 541)	2129	15.0
(3, 542)	2130	31.5
(2, 262)	2131	27
(3, 543)	2132	27.796875
(3, 315)	2133	18.0
(19, 113)	2134	42.0
(24, 21)	2135	72.0
(17, 91)	2136	64.64550795771827
(3, 544)	2137	42
(2, 637)	2138	15
(2, 515)	2139	21
(3, 533)	2140	36
(2, 356)	2141	27
(3, 546)	2142	36
(2, 527)	2143	27
(8, 201)	2144	24
(19, 142)	2145	49.96875
(3, 548)	2146	42
(2, 642)	2147	12.75
(2, 630)	2148	33.0
(2, 643)	2149	15
(2, 644)	2150	12.0
(19, 148)	2151	26.859375
(8, 202)	2152	39.0
(3, 549)	2153	42
(2, 647)	2154	27
(2, 648)	2155	21
(3, 550)	2156	34.5
(14, 130)	2157	15.0
(3, 551)	2158	30
(3, 552)	2159	36
(3, 553)	2160	36
(3, 554)	2161	48
(24, 36)	2162	84
(2, 652)	2163	-12.0
(8, 204)	2164	-12
(2, 633)	2165	32.90383349172771
(3, 539)	2166	39.746246833923394
(3, 557)	2167	28.60228193932562
(2, 293)	2168	24.0
(2, 516)	2169	15
(2, 653)	2170	27
(3, 558)	2171	48
(3, 390)	2172	48
(3, 559)	2173	9.0
(3, 560)	2174	12
(2, 656)	2175	24.0
(2, 657)	2176	21
(17, 27)	2177	47.25
(3, 562)	2178	36
(17, 97)	2179	45.0
(2, 641)	2180	12.0
(2, 659)	2181	15.0
(3, 565)	2182	50.999949013930745
(4, 85)	2183	39.0
(2, 649)	2184	15
(3, 360)	2185	30
(19, 147)	2186	67.5
(3, 567)	2187	45.0
(19, 150)	2188	69
(2, 547)	2189	39
(3, 537)	2190	36
(17, 98)	2191	48.0
(2, 662)	2192	21
(2, 663)	2193	6.0
(14, 160)	2194	21
(2, 664)	2195	33
(2, 522)	2196	21
(3, 571)	2197	39.0
(20, 33)	2198	71.90329732929968
(2, 666)	2199	15
(20, 34)	2200	68.7776037563682
(2, 667)	2201	21
(3, 573)	2202	48
(3, 575)	2203	31.59374999476404
(3, 530)	2204	30.0
(3, 531)	2205	46.91101150098257
(2, 670)	2206	3
(2, 671)	2207	33
(2, 672)	2208	27
(3, 581)	2209	41.440526976243454
(1, 110)	2210	0
(2, 617)	2211	3
(14, 162)	2212	9
(14, 163)	2213	15
(4, 50)	2214	18
(3, 572)	2215	42.43206941050086
(3, 577)	2216	48.44539311408488
(14, 159)	2217	44.97197894704368
(20, 35)	2218	72.0
(3, 477)	2219	54
(2, 677)	2220	18.0
(19, 138)	2221	45.0
(3, 341)	2222	52.5
(3, 582)	2223	28.5
(2, 679)	2224	9.000000044703484
(2, 675)	2225	13.41064453125
(4, 51)	2226	12
(3, 576)	2227	27.0
(3, 583)	2228	30
(17, 99)	2229	24
(17, 100)	2230	53.23227846622467
(2, 680)	2231	26.8125
(2, 681)	2232	15.67505219578743
(2, 682)	2233	20.727550506591797
(3, 584)	2234	41.2382116984919
(3, 585)	2235	6
(17, 101)	2236	12
(3, 587)	2237	50.906267166137695
(19, 151)	2238	55.6875
(2, 683)	2239	21.0
(2, 678)	2240	15.0
(2, 684)	2241	17.0625
(3, 374)	2242	52.67761275242083
(3, 589)	2243	44.82344986591923
(3, 570)	2244	48.0
(4, 97)	2245	21.0
(4, 58)	2246	27.375
(2, 596)	2247	24.2109375
(2, 685)	2248	34.5
(3, 232)	2249	60
(17, 93)	2250	29.25
(24, 37)	2251	72.1025390625
(2, 621)	2252	30.0
(14, 157)	2253	43.125
(3, 591)	2254	41.671875
(3, 586)	2255	46.03129577636719
(4, 109)	2256	12
(3, 592)	2257	27.0
(19, 141)	2258	39.0
(2, 686)	2259	21
(2, 687)	2260	36.0
(8, 145)	2261	36.0
(3, 518)	2262	39.0
(3, 594)	2263	30
(14, 165)	2264	39.0
(14, 166)	2265	46.5
(4, 69)	2266	32.27947998046875
(2, 689)	2267	33.0
(3, 596)	2268	6
(3, 597)	2269	0
(3, 598)	2270	24.0
(14, 167)	2271	28.5
(11, 30)	2272	27
(2, 690)	2273	-9.0
(2, 691)	2274	3.0
(2, 692)	2275	32.7132568359375
(8, 206)	2276	17.625
(2, 693)	2277	10.5
(2, 694)	2278	3
(2, 392)	2279	28.5
(8, 126)	2280	24.0
(3, 578)	2281	35.99999888241291
(3, 602)	2282	45.0
(3, 603)	2283	45.0
(2, 695)	2284	16.13671875
(2, 696)	2285	-9
(2, 697)	2286	14.8125
(3, 372)	2287	33.09532327809882
(2, 688)	2288	14.96484375
(2, 698)	2289	18.0
(3, 593)	2290	43.498993651944865
(2, 700)	2291	9.0
(3, 261)	2292	36
(3, 604)	2293	24
(8, 207)	2294	23.58984375
(2, 701)	2295	3
(18, 30)	2296	9
(3, 605)	2297	46.5
(2, 414)	2298	39
(2, 699)	2299	20.8590087890625
(2, 676)	2300	20.953125
(3, 595)	2301	52.69508995852491
(3, 607)	2302	37.5
(14, 85)	2303	33
(2, 702)	2304	-21
(2, 703)	2305	9.0
(3, 608)	2306	48
(2, 704)	2307	14.25
(2, 345)	2308	21.140625
(1, 460)	2309	-0.75
(2, 705)	2310	15.0
(3, 609)	2311	45.268785740830936
(2, 370)	2312	15.0
(14, 171)	2313	21
(2, 706)	2314	6.0
(3, 610)	2315	6.0
(3, 611)	2316	27.0
(14, 172)	2317	9.0
(5, 19)	2318	15
(8, 208)	2319	12
(2, 707)	2320	-13.5
(3, 612)	2321	-3.0
(3, 613)	2322	6
(4, 86)	2323	3.0
(3, 601)	2324	31.5
(3, 614)	2325	13.78125
(20, 29)	2326	80.625
(19, 144)	2327	60.0
(3, 538)	2328	48.375
(2, 634)	2329	9
(17, 103)	2330	57.0
(20, 38)	2331	51
(3, 619)	2332	40.15698802471161
(8, 209)	2333	22.5
(2, 709)	2334	39
(3, 620)	2335	33.0
(8, 210)	2336	6
(8, 127)	2337	0
(8, 211)	2338	-6
(2, 710)	2339	-9
(14, 173)	2340	3
(4, 111)	2341	12
(17, 104)	2342	36
(2, 711)	2343	24.0
(20, 39)	2344	71.73613052315156
(2, 668)	2345	9
(2, 712)	2346	21.0
(2, 713)	2347	27
(3, 545)	2348	48
(18, 17)	2349	18.0
(3, 475)	2350	18
(1, 461)	2351	12
(3, 56)	2352	-6
(2, 715)	2353	6.0
(19, 36)	2354	46.125
(2, 716)	2355	0.0
(3, 624)	2356	6
(2, 717)	2357	-5.25
(3, 144)	2358	12
(4, 110)	2359	36.01171875
(3, 627)	2360	48.0
(3, 628)	2361	36
(2, 719)	2362	21.02508544921875
(14, 175)	2363	49.5
(3, 629)	2364	24
(8, 99)	2365	12
(14, 176)	2366	15
(2, 556)	2367	-3
(8, 212)	2368	-18
(8, 213)	2369	0
(2, 720)	2370	24.0
(3, 630)	2371	30.885982918806185
(14, 177)	2372	42.0
(3, 632)	2373	51.375
(2, 722)	2374	18.426187046794432
(14, 179)	2375	42.0
(1, 276)	2376	-18.0
(19, 156)	2377	50.625
(3, 636)	2378	45.2830810546875
(3, 637)	2379	38.625
(3, 633)	2380	30.75
(3, 353)	2381	30
(19, 155)	2382	69.0
(2, 724)	2383	33.0
(3, 634)	2384	39.24682688713074
(2, 721)	2385	32.526123046875
(2, 501)	2386	30.720703125
(3, 638)	2387	12
(8, 205)	2388	12
(18, 52)	2389	15
(2, 725)	2390	15.0
(3, 642)	2391	18
(9, 21)	2392	12
(2, 726)	2393	-3
(2, 407)	2394	3
(1, 440)	2395	0
(1, 466)	2396	-24
(3, 644)	2397	-6
(8, 214)	2398	24
(3, 647)	2399	30
(19, 158)	2400	39.23455813899636
(2, 729)	2401	9
(2, 730)	2402	15
(14, 180)	2403	30.0
(8, 215)	2404	-18
(8, 216)	2405	-9.0
(3, 649)	2406	30
(19, 159)	2407	45
(2, 731)	2408	27
(20, 40)	2409	57
(1, 467)	2410	-6
(2, 475)	2411	-7.5
(3, 650)	2412	11.25
(3, 651)	2413	24
(19, 160)	2414	45
(2, 571)	2415	-9.0
(3, 481)	2416	6
(3, 655)	2417	30.0
(17, 105)	2418	40.5
(2, 732)	2419	-9
(2, 561)	2420	-9.0
(2, 733)	2421	-27
(8, 219)	2422	-36
(1, 468)	2423	-24.0
(2, 735)	2424	-27.0
(2, 734)	2425	-15.46875
(2, 737)	2426	-27
(2, 738)	2427	-27
(3, 455)	2428	-12.0
(14, 183)	2429	-27
(2, 741)	2430	-6.0
(2, 742)	2431	-27.0
(2, 743)	2432	-27
(2, 744)	2433	-21
(18, 54)	2434	-27
(9, 24)	2435	-30
(2, 478)	2436	9
(1, 457)	2437	-12.0
(2, 747)	2438	-18.0
(2, 748)	2439	-6.0
(14, 184)	2440	-9
(3, 656)	2441	0
(14, 119)	2442	9
(2, 745)	2443	-8.56640625
(2, 750)	2444	-6.0
(3, 657)	2445	12.0
(1, 373)	2446	-24
(2, 751)	2447	-18.0
(2, 752)	2448	-33
(2, 740)	2449	-15
(2, 566)	2450	-9
(4, 116)	2451	-12.0
(2, 753)	2452	-1.5
(2, 754)	2453	3.0
(3, 658)	2454	3.0
(11, 31)	2455	9
(3, 659)	2456	6
(1, 9)	2457	-12
(1, 470)	2458	-12
(2, 746)	2459	9
(19, 161)	2460	9
(13, 8)	2461	47.25
(3, 661)	2462	18.0
(3, 511)	2463	12
(14, 170)	2464	33
(1, 431)	2465	0
(2, 755)	2466	30.0
(14, 99)	2467	21
(18, 51)	2468	24.0
(2, 756)	2469	3
(8, 220)	2470	12
(1, 388)	2471	0
(3, 662)	2472	6
(14, 185)	2473	3
(4, 66)	2474	-6
(2, 759)	2475	-3
(1, 465)	2476	0
(16, 85)	2477	-15
(1, 474)	2478	0
(2, 760)	2479	3
(2, 66)	2480	-9
(23, 5)	2481	-12
(3, 664)	2482	-12
(1, 475)	2483	-30
(2, 761)	2484	-24.0
(3, 665)	2485	-12
(3, 666)	2486	-12
(17, 106)	2487	-6
(19, 162)	2488	-3
(1, 259)	2489	0
(2, 490)	2490	3
(1, 477)	2491	12
(3, 667)	2492	18
(14, 92)	2493	27
(3, 668)	2494	32.68359375
(18, 55)	2495	9.0
(3, 670)	2496	42.0
(2, 762)	2497	12.5625
(2, 763)	2498	-3.0
(3, 600)	2499	18
(2, 575)	2500	21
(11, 32)	2501	21
(2, 574)	2502	3
(2, 765)	2503	3
(14, 187)	2504	15.0
(14, 178)	2505	47.8125
(3, 639)	2506	18.0
(19, 164)	2507	36.0
(2, 769)	2508	6.0
(2, 770)	2509	3
(17, 102)	2510	18
(17, 108)	2511	24
(3, 641)	2512	30.677810668945312
(2, 723)	2513	15.0
(1, 482)	2514	0
(14, 143)	2515	-12.0
(14, 111)	2516	3
(4, 114)	2517	18
(2, 771)	2518	17.85377311706543
(17, 109)	2519	48
(3, 673)	2520	18
(14, 137)	2521	33
(17, 110)	2522	45.0
(3, 674)	2523	53.625
(14, 188)	2524	-3
(17, 111)	2525	46.5
(3, 510)	2526	24
(2, 60)	2527	9.0
(2, 708)	2528	15
(3, 676)	2529	13.5
(2, 773)	2530	-3
(3, 677)	2531	33.0
(3, 517)	2532	36
(3, 631)	2533	42
(24, 38)	2534	78
(2, 775)	2535	3
(2, 766)	2536	27.0
(3, 678)	2537	42
(3, 679)	2538	36
(19, 166)	2539	56.4375
(3, 680)	2540	53.25
(2, 777)	2541	15.21849077931256
(2, 778)	2542	8.25
(3, 675)	2543	18.0
(3, 485)	2544	30
(3, 681)	2545	36
(19, 167)	2546	63
(3, 683)	2547	42
(3, 590)	2548	48
(17, 95)	2549	66
(3, 685)	2550	42
(19, 89)	2551	81
(17, 112)	2552	60
(1, 405)	2553	-18
(1, 483)	2554	-18
(2, 787)	2555	3.000011444091797
(8, 222)	2556	-12
(8, 223)	2557	-12
(8, 224)	2558	-3.0
(8, 225)	2559	-12
(18, 39)	2560	-3
(19, 168)	2561	75
(19, 169)	2562	40.55859375
(17, 113)	2563	54.0
(3, 622)	2564	54
(2, 776)	2565	11.25
(3, 682)	2566	18
(2, 789)	2567	-3
(2, 774)	2568	12.0
(2, 783)	2569	-9
(2, 784)	2570	-9
(2, 779)	2571	-6.0
(17, 114)	2572	54
(3, 688)	2573	12
(3, 689)	2574	36
(19, 171)	2575	33
(2, 794)	2576	-3
(8, 229)	2577	12
(8, 218)	2578	12
(18, 53)	2579	-3
(3, 690)	2580	24
(3, 564)	2581	18
(1, 484)	2582	-3.0
(1, 485)	2583	-18
(2, 795)	2584	-21
(8, 230)	2585	-9.0
(8, 231)	2586	-12
(8, 232)	2587	-6
(18, 57)	2588	-15
(2, 796)	2589	9.65625
(2, 797)	2590	12.0
(2, 798)	2591	15
(2, 799)	2592	21.0
(8, 227)	2593	30
(2, 800)	2594	-21
(14, 192)	2595	3.0
(2, 801)	2596	-3
(4, 93)	2597	12
(2, 802)	2598	18.94921875
(2, 772)	2599	15
(3, 635)	2600	36
(4, 107)	2601	48
(2, 236)	2602	27
(14, 193)	2603	49.5
(2, 803)	2604	39
(3, 686)	2605	42
(2, 805)	2606	3
(3, 694)	2607	-6
(3, 695)	2608	18
(2, 804)	2609	21
