(1, 1)	0	0.0
(1, 2)	1	-23.33186629902096
(1, 3)	2	-15.421943665249291
(1, 4)	3	-2.670100311394708
(1, 5)	4	-17.68066871652105
(1, 6)	5	-16.708792224526405
(2, 1)	6	-15.580176567148076
(2, 2)	7	-23.26687436387862
(3, 1)	8	-20.601711702440753
(3, 2)	9	-15.234693473471246
(3, 3)	10	-32.925944950264174
(4, 1)	11	-30.027574271479327
(5, 1)	12	-32.153816113124144
(1, 9)	13	0
(1, 10)	14	-24
(1, 11)	15	-6
(9, 1)	16	-9.0
(9, 2)	17	-22.5
(9, 3)	18	-46.5
(2, 7)	19	-51.0
(3, 4)	20	-40.906494140625
(4, 3)	21	-50.4228515625
(5, 2)	22	-45.18745625624433
(1, 7)	23	-3.5761750361018585e-07
(1, 12)	24	-7.012171456006497
(1, 8)	25	-5.501094302933265
(2, 3)	26	0.6763899869787257
(2, 8)	27	-4.7755604909731915
(6, 3)	28	-3.1181085712742704
(6, 2)	29	2.975159294868274
(3, 5)	30	-0.7710258704854278
(3, 6)	31	12.84013186160221
(3, 7)	32	1.5350178972983544
(3, 8)	33	-3.2586850968974446
(4, 4)	34	-7.235601429648984
(5, 3)	35	-12.370628704687137
(13, 1)	36	-3.1875
(2, 11)	37	-20.0625
(6, 4)	38	-17.792369616916403
(3, 9)	39	-8.63929088491623
(4, 5)	40	-11.866791912444445
(1, 17)	41	-6.0
(1, 18)	42	-0.5351693005879383
(2, 4)	43	-23.12914384420231
(2, 13)	44	-8.142333984375
(2, 14)	45	-18.9375
(2, 15)	46	-18.3046875
(14, 1)	47	-44.25
(15, 1)	48	-62.4375
(15, 2)	49	-66.0
(16, 1)	50	-67.5
(1, 21)	51	-24
(1, 22)	52	-39.0
(13, 7)	53	-39
(2, 18)	54	-39.0
(14, 2)	55	-51
(14, 3)	56	-49.5
(14, 4)	57	-57
(15, 3)	58	-55.875
(1, 24)	59	-24.1171875
(1, 25)	60	-33.0
(1, 26)	61	-21.000000000000597
(9, 6)	62	-42.375
(2, 19)	63	-27.298828125
(14, 5)	64	-30.375
(14, 6)	65	-38.859375
(14, 7)	66	-54.0
(15, 4)	67	-56.0625
(16, 2)	68	-68.53271484375
(2, 20)	69	6.911127948900685
(2, 21)	70	0.903332142601704
(2, 22)	71	-9.205790585817688
(6, 7)	72	-0.6891918250161093
(6, 8)	73	-2.976724342079962
(18, 1)	74	8.613291271606599
(19, 1)	75	20.976728681452535
(1, 13)	76	-7.361207274793088
(1, 29)	77	-31.875
(9, 7)	78	-54.0
(9, 8)	79	-63
(9, 9)	80	-75
(10, 4)	81	-78
(11, 2)	82	-81.0
(15, 5)	83	-84
(16, 3)	84	-99.0
(1, 19)	85	-4.257779157661973e-53
(1, 20)	86	5.068933767166174
(13, 11)	87	-25.6875
(2, 25)	88	-19.5
(14, 8)	89	-19.599821090698242
(14, 9)	90	-18.48157224431634
(3, 14)	91	-10.478464747779071
(3, 17)	92	-26.0625
(4, 9)	93	-23.62971373385517
(1, 30)	94	-3.3017578125
(1, 31)	95	-37.5
(1, 32)	96	-25.5
(9, 10)	97	-45
(2, 26)	98	-42
(14, 10)	99	-42.0
(15, 6)	100	-51.0
(15, 7)	101	-60
(16, 4)	102	-81.0
(1, 35)	103	-3.3515625
(1, 36)	104	-3.375
(13, 12)	105	-10.125
(13, 13)	106	-4.125
(2, 27)	107	3.0
(2, 28)	108	0.0
(2, 29)	109	-6.0
(15, 8)	110	-12.0
(4, 10)	111	-9.0
(4, 11)	112	-29.590576171875
(1, 41)	113	-2.203125
(2, 32)	114	-2.25
(2, 30)	115	3.75
(2, 33)	116	-15.75
(3, 19)	117	-20.833202362060547
(3, 16)	118	-17.34970486164093
(4, 7)	119	-25.683462072369668
(1, 38)	120	-3.0
(1, 45)	121	-22.875
(1, 40)	122	-21.75
(9, 13)	123	-30.0
(9, 14)	124	-36.0
(10, 6)	125	-50.25
(10, 7)	126	-52.5
(11, 5)	127	-67.5
(16, 7)	128	-84.0
(1, 42)	129	-5.25
(1, 46)	130	-8.25
(3, 20)	131	-9.0
(20, 1)	132	8.489545907708536
(20, 2)	133	18.841565925588412
(20, 3)	134	30.232472054605807
(21, 1)	135	28.544304749315195
(1, 47)	136	1.5080612071942086
(13, 8)	137	2.9999842643737793
(13, 9)	138	-6.75
(13, 15)	139	9
(17, 6)	140	11.25
(17, 7)	141	18
(22, 1)	142	36.0
(23, 1)	143	36
(13, 16)	144	1.5
(6, 13)	145	9.186767578125
(6, 15)	146	9.0
(3, 21)	147	0
(3, 22)	148	3.0893554265443584
(1, 48)	149	-12.8759765625
(14, 14)	150	-16.875
(15, 10)	151	-12.0
(15, 9)	152	-22.875
(2, 24)	153	-1.524349540877905
(6, 1)	154	-5.675273907880182
(6, 10)	155	6.46820068359375
(3, 25)	156	-11.9326171875
(3, 26)	157	-22.1982421875
(4, 2)	158	-17.17920684814453
(1, 50)	159	-10.875
(2, 36)	160	0
(2, 37)	161	-8.25
(14, 16)	162	-6.0
(5, 4)	163	-27.0
(9, 17)	164	-9
(9, 18)	165	-15
(10, 8)	166	-30
(12, 2)	167	-54
(1, 55)	168	0
(1, 56)	169	-12
(2, 40)	170	-6
(2, 41)	171	-24
(14, 11)	172	-15.0
(14, 17)	173	-33
(14, 18)	174	-33
(15, 11)	175	-51.0
(1, 58)	176	-1.4999027028621867
(13, 18)	177	-3.0
(6, 5)	178	-9.812858064212389
(6, 17)	179	14.812408442222704
(1, 23)	180	0.5171979210192552
(13, 5)	181	-0.12653446157708004
(13, 2)	182	-8.625732421875
(6, 18)	183	-5.999267532673893
(3, 11)	184	-5.251311381639227
(3, 12)	185	10.55658711001819
(3, 13)	186	4.714197871948219
(3, 29)	187	1.59375
(7, 1)	188	-30.281734660113234
(7, 2)	189	-0.27571428082957394
(8, 1)	190	-28.051078549606892
(2, 44)	191	-33.0
(6, 20)	192	-33.0
(6, 21)	193	-15.75
(3, 31)	194	-13.52193832397461
(3, 32)	195	5.089333477662876
(1, 62)	196	-33.0
(9, 21)	197	-49.5
(9, 22)	198	-42.0
(2, 46)	199	-40.5
(14, 19)	200	-54.0
(14, 20)	201	-63.0
(14, 21)	202	-78.0
(15, 14)	203	-72
(1, 28)	204	-0.38710289899665695
(1, 64)	205	-12.75
(9, 24)	206	-36.0
(2, 47)	207	-30
(2, 48)	208	-29.25
(2, 49)	209	-48
(14, 22)	210	-48.0
(9, 25)	211	-18.0
(3, 30)	212	-5.25
(1, 65)	213	-20.0625
(1, 66)	214	-28.5
(9, 27)	215	-25.5
(2, 50)	216	-18
(2, 51)	217	-30
(14, 27)	218	-27.0
(14, 28)	219	-36.0
(14, 29)	220	-47.25
(15, 15)	221	-63.375
(16, 8)	222	-45.0
(3, 27)	223	-27.0
(3, 33)	224	4.51483154296875
(1, 69)	225	-24
(1, 70)	226	-16.5
(13, 19)	227	-21.0
(6, 25)	228	-9.0
(2, 53)	229	-30
(14, 31)	230	-40.5
(16, 6)	231	-55.5
(1, 37)	232	-12.0
(1, 72)	233	0
(1, 73)	234	-6
(1, 74)	235	-18
(13, 20)	236	-21
(17, 8)	237	-27.0
(17, 9)	238	-12.0
(17, 10)	239	0.0
(20, 6)	240	13.902535009829686
(7, 3)	241	11.595196484979072
(8, 2)	242	-3.0
(9, 32)	243	-48.0
(9, 33)	244	-48.0
(10, 13)	245	-69.0
(10, 14)	246	-78
(12, 4)	247	-96
(1, 76)	248	-18
(13, 21)	249	-21
(2, 55)	250	-24
(14, 32)	251	-24.0
(14, 33)	252	-33
(3, 36)	253	-29.336814880371094
(2, 45)	254	-2.0186815242711957
(6, 24)	255	11.415423149880088
(18, 3)	256	17.509106947211574
(2, 57)	257	-5.71875
(3, 40)	258	3.7223719063032554
(13, 23)	259	1.0231860227668461
(13, 24)	260	3.250097656622529
(17, 11)	261	6.0
(17, 12)	262	18
(17, 13)	263	27.0
(18, 4)	264	12.69028721011324
(18, 5)	265	24
(1, 79)	266	-1.5
(2, 58)	267	-3.97265625
(14, 35)	268	-7.125
(14, 36)	269	-15
(3, 15)	270	-21.8466796875
(1, 80)	271	0
(1, 81)	272	-24
(1, 82)	273	-21.0
(13, 25)	274	-6.0
(2, 59)	275	-22.125
(2, 60)	276	-30
(6, 26)	277	-21
(6, 27)	278	-18.0
(6, 28)	279	-1.5
(9, 36)	280	-8.25
(6, 19)	281	-1.4104156494140625
(1, 86)	282	5.047027587890625
(13, 27)	283	-13.5
(13, 28)	284	-15
(17, 1)	285	0.0
(17, 14)	286	9.0
(17, 15)	287	21.0
(22, 2)	288	24.0
(13, 22)	289	-9.0
(13, 26)	290	-15
(2, 52)	291	-9.0
(2, 62)	292	-12.0
(2, 63)	293	-9.0
(15, 16)	294	-16.96875
(15, 17)	295	-27.46875
(15, 18)	296	-36.9375
(16, 10)	297	-41.625
(1, 71)	298	-24.0
(2, 65)	299	-27.375
(2, 66)	300	-19.5
(14, 42)	301	-43.5
(3, 41)	302	-22.395263671875
(3, 35)	303	-29.1595458984375
(1, 88)	304	-18
(1, 87)	305	-12.0
(14, 23)	306	-30.0
(14, 43)	307	-24.375
(2, 69)	308	-6.0
(2, 70)	309	-11.3203125
(3, 42)	310	5.730348318815231
(20, 7)	311	12.27266979760958
(7, 4)	312	6.0
(24, 1)	313	13.145509429904322
(3, 24)	314	-4.5
(3, 28)	315	-15.0
(20, 4)	316	-13.940235995456087
(2, 71)	317	6
(14, 15)	318	-3
(1, 57)	319	-2.25
(1, 43)	320	0.0
(6, 30)	321	-9.375
(1, 84)	322	-24.0
(13, 34)	323	-21
(2, 74)	324	-27.0
(14, 41)	325	-36.0
(14, 45)	326	-43.5
(14, 26)	327	-57.0
(15, 20)	328	-48.0
(13, 35)	329	-12.0
(14, 46)	330	-16.3125
(1, 63)	331	0.0
(1, 85)	332	0
(9, 40)	333	-15
(14, 34)	334	-26.9765625
(3, 10)	335	-5.045174348089228
(3, 44)	336	15.372958258227952
(6, 32)	337	7.352191217478376
(3, 45)	338	9.468749924560825
(20, 8)	339	21.053078068762286
(21, 3)	340	36.00000000069851
(9, 43)	341	-12.01171875
(2, 76)	342	-42
(2, 6)	343	-42
(14, 49)	344	-42.0
(15, 21)	345	-35.0625
(15, 22)	346	-63.375
(2, 78)	347	-9.0
(2, 79)	348	-1.3125
(2, 80)	349	-0.46875
(6, 35)	350	-9.041427612304688
(3, 46)	351	-25.87549723405391
(20, 9)	352	-17.76571563631296
(9, 38)	353	-27
(10, 19)	354	-24
(14, 48)	355	-45
(14, 51)	356	-45
(14, 52)	357	-12.0
(15, 23)	358	-12.0
(2, 82)	359	-6.5390625
(2, 83)	360	-5.952095032297457
(4, 16)	361	-21.75121112074703
(6, 34)	362	-0.04706291795776529
(6, 37)	363	-2.8498015254735947
(18, 6)	364	23.953125
(6, 38)	365	-15.509801963359317
(6, 39)	366	-12.017721187411704
(1, 96)	367	-27.0
(13, 36)	368	-33
(17, 18)	369	-31.5
(6, 40)	370	-33
(2, 9)	371	-2.808648884296316
(3, 47)	372	4.475960251644621
(20, 10)	373	12.164498537100542
(20, 11)	374	19.75474652851699
(6, 41)	375	-3.0
(3, 18)	376	-13.4296875
(3, 50)	377	-19.60233287885785
(3, 48)	378	-17.67333984375
(2, 89)	379	-27.0
(2, 23)	380	-5.993661666968739
(6, 43)	381	-3.956206936831544
(6, 44)	382	-13.389937162399292
(6, 22)	383	-15.953499465931792
(6, 45)	384	-20.4371337890625
(1, 98)	385	11.99926757812377
(13, 6)	386	5.9070281982421875
(13, 37)	387	-3.0000001788644126
(13, 38)	388	10.237738609313965
(13, 39)	389	9
(2, 92)	390	-6
(6, 46)	391	1.125
(4, 8)	392	-19.854489011915206
(20, 12)	393	23.21493693657547
(20, 13)	394	38.9970645904541
(2, 93)	395	-14.9937744140625
(3, 52)	396	-16.908957481384277
(3, 53)	397	-20.56577698874753
(1, 99)	398	0
(1, 100)	399	0.0
(9, 47)	400	-3
(9, 48)	401	-9.0
(2, 94)	402	-32.0625
(7, 5)	403	-16.22113883161349
(2, 75)	404	-17.66015625
(3, 39)	405	-25.653865814208984
(20, 14)	406	-1.423444736389591
(9, 49)	407	-3
(9, 50)	408	-15
(10, 20)	409	-21.0
(1, 97)	410	-13.125
(13, 41)	411	-4.2421875
(13, 42)	412	-9
(13, 43)	413	-18.0
(17, 19)	414	-24
(17, 20)	415	-9.0
(17, 21)	416	-18
(6, 23)	417	5.479873202741146
(2, 101)	418	-28.990374288447114
(2, 102)	419	-33.234375
(2, 97)	420	-27.46875
(6, 49)	421	-5.4375
(17, 4)	422	11.490259930780892
(6, 53)	423	9.09375
(3, 51)	424	26.154998255983184
(6, 29)	425	-23.9970703125
(9, 51)	426	-31.875
(9, 52)	427	-18.57421875
(2, 88)	428	-0.31901502725154124
(1, 27)	429	-25.125
(6, 55)	430	20.25
(2, 72)	431	-18.2578125
(2, 109)	432	-9.938789616356956
(2, 105)	433	-30
(6, 9)	434	-2.96484375
(6, 56)	435	-42.0
(3, 34)	436	-37.5
(5, 5)	437	-42.0
(1, 103)	438	-36
(1, 104)	439	-36
(9, 55)	440	-30.0
(2, 112)	441	-29.0625
(14, 56)	442	-48.0
(3, 58)	443	-42
(4, 15)	444	-45.0
(4, 21)	445	-60.0
(2, 90)	446	-24
(13, 40)	447	9.377935505592344
(2, 95)	448	11.199611078733536
(2, 96)	449	-2.073486328125
(6, 48)	450	22.12718329197812
(1, 107)	451	-9.0
(9, 57)	452	-21
(2, 113)	453	-22.875
(2, 81)	454	-6.564388813489316
(6, 57)	455	-13.433642864227295
(6, 60)	456	5.25
(13, 44)	457	-1.125
(2, 10)	458	1.4999995192629285
(2, 12)	459	-16.5
(3, 60)	460	0
(2, 98)	461	-21.8408203125
(14, 59)	462	-33.9404296875
(13, 4)	463	1.3601074777557187
(3, 62)	464	1.0266244748483384
(1, 108)	465	-18.9609375
(14, 60)	466	-36.0
(3, 63)	467	-24.72418212890625
(3, 64)	468	-36.93775624036789
(4, 17)	469	-37.73162841796875
(13, 46)	470	-7.5
(2, 16)	471	-3.0849518182103353
(14, 61)	472	-3.0
(14, 62)	473	-12.0
(1, 109)	474	-4.828125
(9, 58)	475	-18.375
(9, 59)	476	-27.0
(9, 60)	477	-33
(14, 63)	478	-39.0
(14, 64)	479	-51.0
(1, 110)	480	-24.515625
(1, 111)	481	-5.25
(1, 112)	482	-30.0
(17, 2)	483	-30
(17, 23)	484	-30
(6, 63)	485	1.0716897756316488
(6, 47)	486	16.88594281780682
(6, 61)	487	7.450836181640625
(3, 65)	488	6.0
(3, 57)	489	11.906249772062434
(4, 12)	490	-21
(2, 117)	491	-22.5
(14, 65)	492	-34.546875
(6, 64)	493	3.5142717361450195
(2, 118)	494	-6
(2, 85)	495	-0.75
(2, 86)	496	-24.0
(2, 43)	497	-6
(15, 28)	498	-6
(15, 19)	499	-30
(16, 11)	500	-39
(13, 47)	501	5.90943728863976
(2, 116)	502	-0.0762061852825005
(6, 50)	503	-1.5
(1, 118)	504	-6.0
(1, 119)	505	-23.4375
(1, 120)	506	-31.03125
(6, 42)	507	-2.5886830024046787
(19, 2)	508	51.58709215938234
(2, 120)	509	-14.25
(14, 67)	510	-13.5
(3, 69)	511	15.437470795125165
(3, 70)	512	6
(2, 121)	513	-27.0
(14, 68)	514	-34.5
(3, 71)	515	-49.5
(13, 45)	516	-0.3460423375013306
(3, 72)	517	18.736556243151426
(13, 50)	518	2.77350085512394
(3, 56)	519	31.1396484375
(14, 69)	520	-36.0
(14, 70)	521	-42.0
(3, 61)	522	-4.3491208731257185
(1, 122)	523	-7.833984375
(9, 44)	524	-21.0
(9, 23)	525	-12.0
(3, 73)	526	-38.25
(13, 51)	527	-8.4375
(6, 14)	528	9
(6, 12)	529	15
(3, 54)	530	-14.470122791019516
(3, 55)	531	7.487022399902344
(3, 67)	532	12.677145365832946
(2, 67)	533	-18.75
(2, 115)	534	0
(2, 124)	535	0
(4, 24)	536	-2.33203125
(2, 84)	537	-10.5
(1, 121)	538	-13.5
(9, 62)	539	-18.0
(9, 66)	540	-18.09375
(9, 67)	541	-57
(6, 69)	542	-45
(14, 72)	543	-66.0
(4, 23)	544	-64.53515625
(5, 6)	545	-75.0
(1, 123)	546	-15.0
(1, 117)	547	-30.0
(13, 52)	548	-33
(13, 54)	549	-27
(3, 76)	550	0.0
(2, 126)	551	-18
(3, 59)	552	-26.080078125
(6, 75)	553	-33
(20, 18)	554	15.425970554351807
(20, 15)	555	1.3496875762939453
(7, 6)	556	30.0
(24, 2)	557	28.9716796875
(14, 73)	558	-29.34375
(14, 74)	559	-34.2626953125
(14, 75)	560	-38.0625
(15, 30)	561	-60.0
(16, 12)	562	-51
(14, 53)	563	-39.0
(6, 78)	564	3
(3, 66)	565	-16.698394775390625
(2, 17)	566	-16.476562500701135
(6, 81)	567	-17.25
(3, 77)	568	-11.2803955078125
(6, 52)	569	-15.467742919921875
(14, 77)	570	-49.40625
(15, 32)	571	-48
(18, 11)	572	3.0
(3, 78)	573	14.23034186740307
(6, 83)	574	-21.0
(20, 19)	575	-3.29351041001736
(20, 16)	576	4.875
(20, 20)	577	13.304023414850235
(2, 128)	578	-21.0
(2, 129)	579	-24
(14, 78)	580	-27
(15, 33)	581	-42
(2, 73)	582	-33.0
(14, 79)	583	-21.0
(3, 79)	584	-27.0
(3, 68)	585	-8.965049743652344
(9, 70)	586	-6.234375
(14, 80)	587	-27
(4, 22)	588	-43.04736328125
(9, 71)	589	-15.0
(9, 72)	590	-24.0
(2, 130)	591	-30
(2, 131)	592	-30
(14, 81)	593	-45
(1, 125)	594	-12
(13, 56)	595	-27
(13, 57)	596	-15
(17, 30)	597	-21.0
(17, 33)	598	-30.0
(9, 45)	599	-30.0
(6, 70)	600	13.5
(6, 85)	601	-12.0
(6, 86)	602	15
(3, 80)	603	-4.44140625
(2, 135)	604	-6.0
(1, 126)	605	-27.0
(2, 136)	606	-24
(2, 137)	607	-27.0
(2, 133)	608	-20.25
(14, 83)	609	-9
(20, 17)	610	27.0
(14, 85)	611	-24.046875
(14, 86)	612	-45
(6, 88)	613	-1.40625
(6, 82)	614	14.542922435619232
(20, 5)	615	32.673643879476
(20, 21)	616	34.21829652786255
(21, 2)	617	37.35427111387253
(13, 58)	618	-9
(13, 59)	619	-10.5
(13, 60)	620	3.0
(2, 138)	621	-12.0
(6, 89)	622	3
(6, 90)	623	9
(2, 139)	624	-6
(6, 91)	625	-3.0234375
(2, 140)	626	1.7255859375
(6, 66)	627	14.449755002705544
(6, 92)	628	-0.7758885532313231
(2, 143)	629	-12.0
(14, 89)	630	2.7634089210379784
(14, 90)	631	-30.0
(4, 26)	632	-39
(4, 6)	633	-18.75
(4, 14)	634	-6.5625
(4, 27)	635	-34.078125
(2, 132)	636	-10.526390120568532
(1, 127)	637	-30
(2, 39)	638	-30.0
(16, 13)	639	-57
(9, 61)	640	-39.0
(14, 71)	641	-39
(14, 92)	642	-48.0
(14, 25)	643	-51.0
(14, 93)	644	-57.0
(13, 49)	645	2.992298480781673
(13, 63)	646	1.3350963592529297
(17, 35)	647	1.5234375
(17, 28)	648	-3.0
(17, 17)	649	18.0
(17, 36)	650	24.0
(6, 97)	651	-30.0
(6, 98)	652	-27
(2, 146)	653	-9.0
(17, 26)	654	5.999285562682108
(6, 65)	655	6.186048572325616
(6, 67)	656	21.034417699142068
(13, 64)	657	-18.0
(17, 37)	658	-6.0
(17, 38)	659	-9.0
(17, 39)	660	0
(6, 99)	661	9
(6, 100)	662	16.5
(9, 63)	663	-3.0
(6, 51)	664	-23.25
(6, 6)	665	-9.0
(2, 54)	666	0.0
(13, 61)	667	-3.904220596465853
(20, 22)	668	-15.0
(17, 40)	669	3.000000357256795
(6, 79)	670	6.609375
(9, 74)	671	-21.0
(9, 75)	672	-63
(10, 22)	673	-66
(10, 23)	674	-63.0
(10, 24)	675	-78
(11, 8)	676	-84.0
(12, 6)	677	-90.0
(6, 104)	678	-1.265625
(6, 105)	679	12.177893715294662
(1, 129)	680	-11.8125
(1, 130)	681	-21.0
(1, 102)	682	-24.0
(9, 76)	683	-15.75
(9, 77)	684	-33
(9, 78)	685	-45
(9, 79)	686	-45
(11, 9)	687	-51
(12, 1)	688	-54
(2, 148)	689	-13.03125
(18, 7)	690	-10.5
(2, 149)	691	-5.9984407328775085
(6, 106)	692	-0.375
(3, 83)	693	24.1875
(20, 23)	694	17.146490514813877
(21, 4)	695	24.03235673904419
(13, 62)	696	-18.0
(2, 144)	697	-18
(2, 145)	698	-18
(2, 151)	699	-19.5
(2, 152)	700	-18.0
(2, 114)	701	-0.2185077667236328
(6, 109)	702	3.9120191261172295
(2, 150)	703	-32.25
(2, 154)	704	-30.0
(2, 153)	705	-30
(3, 43)	706	3.0
(6, 87)	707	6.005156429508613
(9, 80)	708	-9
(9, 4)	709	-9
(9, 5)	710	-21
(14, 99)	711	-27
(15, 37)	712	-49.59375
(9, 81)	713	-27
(9, 82)	714	-36.0
(2, 157)	715	-42
(6, 111)	716	-42.0
(6, 112)	717	6.0
(3, 84)	718	11.071977853775024
(1, 132)	719	-6
(13, 48)	720	8.90625
(17, 27)	721	-12
(17, 29)	722	0
(18, 10)	723	0.0
(1, 133)	724	-25.5
(1, 134)	725	-42
(13, 67)	726	-39
(13, 68)	727	-51
(13, 69)	728	-57
(2, 159)	729	-54
(14, 100)	730	-63
(15, 38)	731	-69.0
(16, 5)	732	-82.5
(14, 87)	733	-18.75
(14, 101)	734	-33
(2, 5)	735	-12.0
(2, 160)	736	-12
(2, 161)	737	-12.0
(6, 80)	738	20.636810302734375
(1, 135)	739	-6
(13, 70)	740	-9
(13, 71)	741	-9
(13, 72)	742	9
(13, 73)	743	6.0
(17, 43)	744	18
(18, 14)	745	18
(3, 82)	746	-10.875
(17, 44)	747	13.951171875
(3, 86)	748	19.875860452651978
(4, 25)	749	5.255859375
(6, 117)	750	0.5625
(7, 7)	751	10.5
(7, 8)	752	30
(20, 26)	753	30.0
(2, 162)	754	-24
(2, 104)	755	-24
(2, 106)	756	-24.0
(2, 163)	757	-24
(2, 31)	758	-6.0
(2, 119)	759	-4.8992156982421875
(14, 30)	760	-33.0
(6, 103)	761	8.986202716827393
(14, 102)	762	-6.0
(3, 38)	763	0.30010986328125
(2, 164)	764	0
(2, 165)	765	-6.0
(2, 166)	766	0
(14, 103)	767	-9
(3, 88)	768	10.478759765625
(1, 136)	769	0
(1, 137)	770	-6
(13, 74)	771	-15
(13, 32)	772	-9
(13, 33)	773	-3
(13, 75)	774	-21
(13, 76)	775	-3
(2, 168)	776	0
(15, 39)	777	-9.0
(16, 14)	778	-15.0
(3, 37)	779	6.751079612490731
(14, 57)	780	-9.0
(3, 81)	781	-18.0
(4, 18)	782	-39.0
(13, 3)	783	6.876620560884476
(1, 39)	784	-18
(3, 90)	785	24.0
(20, 25)	786	30.75
(6, 36)	787	-2.9999885950182943
(6, 119)	788	7.0533579732633305
(6, 123)	789	-2.948089599609375
(14, 104)	790	-30.0
(2, 169)	791	-30.375
(14, 105)	792	-42.0
(13, 78)	793	-27
(2, 61)	794	-30
(14, 106)	795	-39
(14, 107)	796	-42.0
(15, 40)	797	-54.0
(15, 41)	798	-66
(6, 115)	799	23.544432164638227
(6, 116)	800	9.0
(14, 82)	801	3.0
(2, 77)	802	-8.1591796875
(6, 120)	803	-4.5640869140625
(6, 127)	804	6.0
(6, 107)	805	-10.5
(6, 125)	806	1.8508238196372986
(3, 91)	807	19.5
(6, 128)	808	5.010455131530762
(6, 121)	809	9.0
(6, 129)	810	-3
(6, 108)	811	-21.230712890625
(6, 110)	812	-51
(6, 130)	813	2.234842300415039
(6, 131)	814	3
(6, 118)	815	15.375
(6, 132)	816	20.8941517493804
(18, 12)	817	24.235993742826395
(18, 16)	818	28.89755590050203
(18, 17)	819	48.000271456080654
(6, 101)	820	-9.046875
(6, 11)	821	9.0
(2, 170)	822	-1.03125
(6, 93)	823	-15
(13, 79)	824	9.0
(6, 133)	825	-39
(6, 134)	826	-39
(3, 92)	827	-11.206421167358913
(13, 65)	828	4.875
(6, 136)	829	-13.734746011410607
(2, 171)	830	-12.0
(2, 172)	831	-18
(14, 108)	832	-3.75
(14, 109)	833	-12.0
(14, 110)	834	3.75
(13, 80)	835	-27
(13, 81)	836	-9
(13, 82)	837	-6.0
(13, 83)	838	-3.0
(14, 66)	839	-7.125
(2, 173)	840	-9.0
(6, 138)	841	6.0
(1, 138)	842	-12.0
(9, 83)	843	-21
(10, 21)	844	-36
(1, 139)	845	-2.3846453487494728
(1, 140)	846	-3.0
(9, 26)	847	-21
(3, 89)	848	-3.75
(13, 77)	849	-0.09806549549102783
(6, 139)	850	-27.0
(6, 122)	851	-9
(6, 140)	852	10.5
(13, 84)	853	3
(17, 47)	854	3.0
(17, 48)	855	7.125
(6, 142)	856	6.0
(18, 19)	857	29.85296630859375
(19, 3)	858	50.24679008691166
(6, 143)	859	-3.7536850485649076
(2, 174)	860	-12.0
(3, 94)	861	16.5
(3, 23)	862	11.625
(2, 158)	863	-4.5
(3, 49)	864	-4.5
(1, 141)	865	-24
(9, 84)	866	-21
(9, 85)	867	-39.0
(14, 111)	868	-39
(4, 28)	869	4.5
(6, 144)	870	12.375
(9, 86)	871	-20.5546875
(2, 175)	872	-36.0
(2, 176)	873	-25.5
(2, 177)	874	8.25
(6, 145)	875	0.0
(18, 13)	876	43.51881341636181
(3, 95)	877	24
(1, 142)	878	-6.0
(6, 141)	879	19.434475161011488
(13, 86)	880	15
(18, 8)	881	-4.5
(17, 41)	882	5.9765625
(17, 49)	883	18
(6, 146)	884	13.5
(3, 96)	885	-3.9931458234786987
(14, 113)	886	11.830078125
(14, 112)	887	-3.0
(6, 76)	888	15.0
(3, 97)	889	0
(14, 114)	890	-4.3125
(14, 115)	891	-6.75
(3, 98)	892	27.0
(1, 92)	893	0
(17, 50)	894	12.000183105469091
(6, 148)	895	14.804928802841443
(3, 100)	896	4.771032402680245
(18, 9)	897	42.0
(6, 149)	898	27
(3, 87)	899	-7.5
(1, 131)	900	-13.5
(3, 101)	901	-24.0
(3, 102)	902	-6.0
(3, 74)	903	-18
(18, 18)	904	18.0
(2, 178)	905	-12
(2, 179)	906	-12
(4, 30)	907	-17.25
(2, 180)	908	-21.0
(6, 150)	909	-21
(9, 87)	910	-21
(17, 51)	911	30.0
(15, 42)	912	-54.0
(2, 56)	913	0
(3, 103)	914	3.0
(6, 151)	915	15.3515625
(3, 104)	916	-6.0
(20, 27)	917	5.921705824874758
(3, 105)	918	18.573749542236328
(1, 143)	919	-48
(1, 144)	920	-66
(9, 88)	921	-69
(14, 116)	922	-75.0
(14, 117)	923	-87
(14, 118)	924	-87
(15, 43)	925	-96
(3, 106)	926	6
(20, 28)	927	8.25
(20, 29)	928	24.0
(2, 181)	929	6
(6, 152)	930	2.5770263671875
(6, 153)	931	-27
(1, 145)	932	0
(14, 120)	933	-51
(4, 32)	934	-48.0
(13, 88)	935	9
(17, 22)	936	10.697021484375
(6, 54)	937	21.0
(6, 154)	938	21.00146484375
(14, 119)	939	-15
(4, 31)	940	15.0
(2, 183)	941	-24
(14, 121)	942	-42.0
(14, 122)	943	-57
(9, 89)	944	-42.0
(9, 90)	945	-36.0
(9, 91)	946	-63
(9, 92)	947	-69
(10, 25)	948	-66
(10, 26)	949	-72
(15, 45)	950	-96.0
(6, 113)	951	15
(18, 21)	952	12.0
(6, 155)	953	9
(14, 91)	954	-37.5
(14, 123)	955	-21
(6, 156)	956	-8.57772424140632
(2, 184)	957	-6
(6, 126)	958	-27
(18, 20)	959	-9.0
(2, 186)	960	-7.183135167321698
(2, 182)	961	-6
(9, 68)	962	-24.0
(9, 93)	963	-15
(9, 94)	964	-15
(9, 95)	965	-34.5
(9, 64)	966	-39
(14, 84)	967	-45.0
(13, 66)	968	-9
(17, 52)	969	-24
(17, 24)	970	-12
(17, 25)	971	3.0
(6, 157)	972	-3
(18, 23)	973	39.75
(14, 98)	974	-15
(3, 110)	975	-12
(9, 96)	976	-45.0
(9, 97)	977	-45
(10, 27)	978	-54
(11, 10)	979	-60.0
(1, 148)	980	-24
(6, 147)	981	33
(2, 187)	982	-12
(6, 96)	983	-15
(2, 185)	984	6.1669921875
(14, 124)	985	-3
(1, 128)	986	-33.0
(1, 149)	987	-36
(1, 150)	988	-30
(9, 98)	989	-45
(9, 99)	990	-57
(10, 28)	991	-60
(12, 7)	992	-66
(17, 53)	993	3.0
(22, 5)	994	21.0
(22, 6)	995	33
(23, 2)	996	36
(2, 122)	997	-30
(13, 85)	998	1.59375
(9, 100)	999	-39
(14, 125)	1000	-57
(3, 99)	1001	-78
(4, 29)	1002	-69
(2, 188)	1003	1.4735490664626898
(6, 159)	1004	9
(3, 112)	1005	-10.3125
(2, 190)	1006	-12
(14, 126)	1007	-9.0
(15, 46)	1008	-18
(15, 47)	1009	-30
(2, 191)	1010	-9.75
(2, 192)	1011	-6
(2, 193)	1012	-6
(14, 127)	1013	-6.0
(2, 189)	1014	-12.0
(2, 127)	1015	-9.0
(1, 151)	1016	-30
(13, 90)	1017	-33
(17, 54)	1018	-36
(17, 55)	1019	-24
(9, 101)	1020	-27.0
(10, 29)	1021	-42
(14, 128)	1022	-45
(14, 129)	1023	-57
(15, 48)	1024	-66
(6, 58)	1025	-9.0
(6, 59)	1026	-1.5
(2, 108)	1027	-6.0
(9, 102)	1028	-33
(9, 103)	1029	-27
(9, 104)	1030	-33
(6, 160)	1031	14.621154761251773
(9, 19)	1032	-15
(6, 161)	1033	-0.515625
(15, 31)	1034	-18
(13, 92)	1035	0.0
(13, 93)	1036	15
(13, 94)	1037	9
(13, 95)	1038	9
(17, 56)	1039	30
(6, 163)	1040	27
(18, 24)	1041	36
(6, 124)	1042	-12.0
(1, 83)	1043	-24
(1, 152)	1044	-36
(9, 105)	1045	-45
(14, 131)	1046	-55.5
(1, 153)	1047	-30
(9, 106)	1048	-39
(10, 30)	1049	-54
(13, 87)	1050	3.0
(2, 194)	1051	6.193359375
(17, 57)	1052	10.027559260553971
(17, 58)	1053	6
(17, 59)	1054	6
(9, 107)	1055	-63
(2, 195)	1056	-60
(2, 196)	1057	-57.0
(14, 132)	1058	-63.0
(17, 60)	1059	18
(18, 26)	1060	24
(18, 27)	1061	42.05859375
(2, 103)	1062	-6.0
(2, 198)	1063	-6
(6, 164)	1064	-7.5
(16, 9)	1065	-69
(1, 154)	1066	-6.0
(2, 200)	1067	-6
(9, 108)	1068	-27
(10, 31)	1069	-45.0
(11, 11)	1070	-57
(15, 44)	1071	-72
(16, 15)	1072	-69
(2, 197)	1073	6.0
(9, 109)	1074	-51
(9, 110)	1075	-51
(14, 135)	1076	-51
(15, 24)	1077	-54
(15, 35)	1078	-78
(2, 201)	1079	-7.125
(6, 165)	1080	-4.5
(13, 96)	1081	-0.75
(6, 168)	1082	7.5
(6, 169)	1083	15
(6, 167)	1084	-14.677001953125
(2, 202)	1085	-36
(2, 203)	1086	-36
(3, 114)	1087	-33.0
(2, 204)	1088	-4.5
(17, 61)	1089	21.0
(6, 158)	1090	-9
(1, 155)	1091	-42
(13, 97)	1092	-36.0
(13, 98)	1093	-39
(13, 99)	1094	-21
(6, 171)	1095	-27
(18, 25)	1096	24
(2, 205)	1097	-21.0
(3, 115)	1098	-21.0
(3, 116)	1099	-30.0
(2, 155)	1100	-30
